2580.04,-22.858124790649356,-43.28008126775039,2582,1782.56,0.493,0.0016,1.77
2580.04,-22.857123277620413,-43.29574409973182,2857,1782.56,0.464,0.0019,1.93
2580.04,-22.89213563769979,-43.31453725797905,2853,1782.56,0.432,0.0016,1.81
2580.04,-22.852221122571265,-43.302809078039104,2824,1782.56,0.44,0.0016,1.87
2580.05,-22.89465966178841,-43.2903759655431,2783,1782.56,0.421,0.0016,1.57
2580.05,-22.872231186627943,-43.33368539327478,2730,1782.56,0.479,0.0019,1.6
2580.08,-22.869061768283025,-43.31704078257435,2509,1782.56,0.455,0.0015,1.96
2580.08,-22.85468622919643,-43.31348299559518,2818,1782.56,0.413,0.0018,1.68
2580.08,-22.894539834845414,-43.31941796101164,2701,1782.56,0.439,0.0019,1.89
2580.08,-22.871145094853688,-43.28174662556796,2681,1782.56,0.462,0.0017,1.53
2580.08,-22.86205585541741,-43.28820058141566,2524,1782.56,0.417,0.0016,1.62
2580.08,-22.862626385621034,-43.3132932690294,2689,1782.56,0.488,0.0018,1.53
2580.08,-22.853402608125048,-43.308619414848714,2597,1782.56,0.446,0.0016,1.68
2580.1,-22.859824926994264,-43.333258221906284,2736,1782.56,0.443,0.0016,1.99
2580.1,-22.890302059000735,-43.32757993315172,2963,1782.56,0.488,0.0018,1.96
2580.1,-22.86692805315821,-43.275210747940264,2671,1782.56,0.403,0.0016,1.59
2580.1,-22.8685102980563,-43.28049395655852,2860,1782.56,0.499,0.0019,1.56
2580.1,-22.869194574702586,-43.30490939599209,2594,1782.56,0.48,0.0018,1.97
2580.11,-22.88520284739984,-43.304851073840815,2950,1782.56,0.486,0.0015,1.64
2580.11,-22.892895319049963,-43.316131804558516,2624,1782.56,0.429,0.0017,1.63
2580.11,-22.89580667279858,-43.3224519112638,2989,1782.56,0.464,0.0015,1.84
2580.11,-22.88984031167266,-43.28012659791169,2863,1782.56,0.426,0.0017,1.64
2580.11,-22.88419073958569,-43.307955209458136,2930,1782.56,0.455,0.0016,1.86
2580.11,-22.889129492842276,-43.31751945952847,2625,1782.56,0.437,0.0019,1.67
2580.11,-22.884561946601494,-43.27513063556018,2686,1782.56,0.416,0.0017,1.75
2580.11,-22.86782989029103,-43.276843052385786,2699,1782.56,0.478,0.0015,1.79
2580.11,-22.890302059000735,-43.32757993315172,2650,1782.56,0.455,0.0015,1.79
2580.11,-22.884615370405403,-43.336687407352116,2928,1782.56,0.401,0.0019,1.77
2580.11,-22.88609409087955,-43.32311508249367,2684,1782.56,0.493,0.0015,1.91
2580.14,-22.87143458612598,-43.26949400000578,2807,1782.56,0.41,0.0015,1.9
2580.14,-22.865391656096406,-43.29681388799275,2773,1782.56,0.446,0.0017,1.94
2580.14,-22.88429130419991,-43.32979618231325,2842,1782.56,0.471,0.0016,1.64
2580.14,-22.860857134715587,-43.27805752582416,2561,1782.56,0.43,0.0017,1.79
2580.14,-22.85023684649563,-43.298567292399085,2744,1782.56,0.469,0.0017,1.9
2580.14,-22.86957388783563,-43.31016904625865,2691,1782.56,0.439,0.0015,1.83
2580.14,-22.86381140933035,-43.329936562683585,2931,1782.56,0.421,0.0017,1.61
2580.14,-22.86951098217584,-43.273374949206584,2685,1782.56,0.435,0.0015,1.93
2580.23,-22.865577930445912,-43.335811501369385,2996,1782.56,0.496,0.0018,1.68
2580.23,-22.866156674570156,-43.270982692369834,2590,1782.56,0.444,0.0018,1.71
2580.23,-22.89213563769979,-43.31453725797905,2675,1782.56,0.478,0.0017,1.5
2580.23,-22.857123277620413,-43.29574409973182,2783,1782.56,0.48,0.0018,1.68
2580.23,-22.896652938121445,-43.287712982795526,2879,1782.56,0.494,0.0016,1.63
2580.23,-22.897946430730556,-43.28184756803383,2529,1782.56,0.444,0.0019,1.63
2580.23,-22.88427167832591,-43.32092673906297,2668,1782.56,0.422,0.0017,1.95
2580.23,-22.860754225324428,-43.280699409222365,2706,1782.56,0.484,0.0018,1.99
2580.23,-22.882159172943954,-43.32345251271192,2940,1782.56,0.473,0.0016,1.53
2580.23,-22.848466036185997,-43.30108889404392,2838,1782.56,0.436,0.0019,1.71
2580.23,-22.85557329551781,-43.32777610369661,2745,1782.56,0.405,0.0016,1.91
2580.31,-22.86930710621118,-43.28819467148683,2542,1782.56,0.445,0.0017,1.86
2580.31,-22.875464277457617,-43.27792316983827,2795,1782.56,0.454,0.0017,1.86
2580.31,-22.859824926994264,-43.333258221906284,2840,1782.56,0.436,0.0017,1.97
2580.31,-22.888342059087126,-43.29880050477733,2583,1782.56,0.478,0.0017,1.86
2580.31,-22.872590007618545,-43.27535563991996,2978,1782.56,0.423,0.0016,1.77
2580.31,-22.85498734811861,-43.30331227430829,2767,1782.56,0.445,0.0018,1.51
2580.31,-22.88307532763262,-43.29773034317116,2998,1782.56,0.444,0.0019,1.78
2580.31,-22.884615370405403,-43.336687407352116,2937,1782.56,0.403,0.0015,1.68
2580.31,-22.85658774011582,-43.29605023595669,2807,1782.56,0.423,0.0019,1.87
2580.31,-22.848466036185997,-43.30108889404392,2523,1782.56,0.468,0.0019,1.51
2580.31,-22.861532363431817,-43.29386874824151,2506,1782.56,0.473,0.0018,1.67
2580.31,-22.891604418991513,-43.32057109748399,2548,1782.56,0.427,0.0015,1.57
2580.4,-22.892388545838266,-43.288957423371535,2820,1782.56,0.428,0.0015,1.78
2580.4,-22.893061988077097,-43.27244154222657,2523,1782.56,0.454,0.0016,1.76
2580.4,-22.865621616791085,-43.301637713141396,2734,1782.56,0.402,0.0018,1.95
2580.4,-22.875085854289406,-43.31276047115411,2968,1782.56,0.405,0.0015,1.98
2580.4,-22.870076345915614,-43.277950719324274,2567,1782.56,0.445,0.0017,1.81
2580.42,-22.89580667279858,-43.3224519112638,2822,1782.56,0.435,0.0019,1.83
2580.42,-22.86930710621118,-43.28819467148683,2551,1782.56,0.455,0.0019,1.8
2580.42,-22.864508830652948,-43.287446509399935,2838,1782.56,0.432,0.0015,1.6
2580.42,-22.86930710621118,-43.28819467148683,2939,1782.56,0.456,0.0019,1.58
2580.42,-22.85832227579783,-43.307138207596104,2707,1782.56,0.49,0.0015,1.64
2580.43,-22.862053710723547,-43.292986026270945,2638,1782.56,0.414,0.0018,1.5
2580.43,-22.878678970104733,-43.2893826947477,2725,1782.56,0.405,0.0019,1.98
2580.43,-22.86222509286777,-43.2869492477504,2836,1782.56,0.482,0.0015,1.69
2580.43,-22.85256517288689,-43.30131585570806,2826,1782.56,0.467,0.0019,1.78
2580.43,-22.859280335561404,-43.27687464822287,2560,1782.56,0.405,0.0016,1.69
2580.43,-22.861916010114125,-43.30826500979156,2528,1782.56,0.435,0.0017,1.92
2580.43,-22.86711369768245,-43.29231942816386,2552,1782.56,0.47,0.0015,1.96
2580.47,-22.860857134715587,-43.27805752582416,2843,1782.56,0.444,0.0015,1.69
2580.47,-22.894054080357296,-43.322548986091206,2517,1782.56,0.49,0.0018,1.93
2580.47,-22.896364735439438,-43.32828877844426,2595,1782.56,0.411,0.0015,1.77
2580.47,-22.864211710200387,-43.29555600835499,2671,1782.56,0.476,0.0017,1.53
2580.47,-22.865237651956964,-43.335306588392484,2553,1782.56,0.474,0.0018,1.64
2580.47,-22.875881152367807,-43.27437786519449,2877,1782.56,0.441,0.0019,1.69
2580.48,-22.869938702555682,-43.33162323026781,2514,1782.56,0.482,0.0019,1.52
2580.48,-22.85404247869069,-43.29621015021172,2561,1782.56,0.43,0.0018,1.55
2580.48,-22.888970419873544,-43.276900447868826,2988,1782.56,0.476,0.0017,1.81
2580.48,-22.876785616372743,-43.32135565342095,2592,1782.56,0.47,0.0015,1.98
2580.48,-22.867458399570957,-43.268782955277885,2554,1782.56,0.44,0.0019,1.92
2580.48,-22.889457716445055,-43.32113741309723,2646,1782.56,0.486,0.0017,1.91
2580.48,-22.861044951138112,-43.30165423832948,2532,1782.56,0.411,0.0017,1.79
2580.48,-22.8580219822232,-43.32874338434754,2571,1782.56,0.414,0.0016,1.82
2580.48,-22.881824405437325,-43.276966894965064,2701,1782.56,0.453,0.0018,1.96
2580.48,-22.87292101376026,-43.2849722770823,2591,1782.56,0.451,0.0016,1.9
2580.5,-22.87027709556658,-43.32066505001392,2543,1782.56,0.479,0.0019,1.83
2580.5,-22.874658912291945,-43.31015627454578,2893,1782.56,0.439,0.0015,1.73
2580.5,-22.86575303264837,-43.31310777055796,2899,1782.56,0.461,0.0015,1.83
2580.5,-22.857290769753895,-43.328348659412804,2654,1782.56,0.471,0.0018,1.65
2580.5,-22.884036487264332,-43.31166450783011,2761,1782.56,0.429,0.0017,1.97
2580.5,-22.865266583287077,-43.32937373118127,2909,1782.56,0.478,0.0018,1.71
2580.5,-22.895958184072008,-43.329875786471284,2866,1782.56,0.442,0.0018,1.56
2580.5,-22.885269744638116,-43.31286410873418,2702,1782.56,0.477,0.0015,1.92
2580.53,-22.857526261962377,-43.273044637111475,2900,1782.56,0.486,0.0015,1.56
2580.53,-22.87908092616878,-43.31852261625576,2825,1782.56,0.467,0.0018,1.69
2580.53,-22.875881152367807,-43.27437786519449,2727,1782.56,0.446,0.0018,1.83
2580.53,-22.887435727179092,-43.27038733570493,2783,1782.56,0.43,0.0015,1.65
2580.53,-22.87070398097288,-43.30730938443952,2717,1782.56,0.486,0.0018,1.77
2580.53,-22.866754144869372,-43.306332011179705,2680,1782.56,0.499,0.0019,1.7
2580.53,-22.89496887400113,-43.315918410614934,2543,1782.56,0.407,0.0018,1.98
2580.55,-22.861735960842314,-43.294302778628925,2706,1782.56,0.43,0.0017,1.99
2580.55,-22.866156674570156,-43.270982692369834,2585,1782.56,0.43,0.0019,1.96
2580.55,-22.883574977580775,-43.33156741874061,2971,1782.56,0.403,0.0016,1.58
2580.55,-22.888970419873544,-43.276900447868826,2662,1782.56,0.453,0.0019,1.69
2580.55,-22.88503249841015,-43.324318816889715,2968,1782.56,0.418,0.0017,1.56
2580.55,-22.87486612122775,-43.279707456444505,2512,1782.56,0.405,0.0016,1.57
2580.56,-22.85320099357766,-43.28998429458865,2563,1782.56,0.482,0.0016,1.71
2580.56,-22.862662756127307,-43.280590087419654,2608,1782.56,0.492,0.0015,1.92
2580.56,-22.85666281988155,-43.32044612425553,2719,1782.56,0.466,0.0017,1.85
2580.56,-22.86540222513423,-43.27693918854471,2984,1782.56,0.431,0.0019,1.53
2580.56,-22.870061319264384,-43.33215504327575,2514,1782.56,0.43,0.0018,1.92
2580.56,-22.89177809869233,-43.28695883070058,2862,1782.56,0.423,0.0018,1.64
2580.56,-22.88589617068067,-43.28669426317693,2839,1782.56,0.471,0.0018,1.78
2580.56,-22.85658774011582,-43.29605023595669,2923,1782.56,0.454,0.0016,1.9
2580.56,-22.85557329551781,-43.32777610369661,2965,1782.56,0.441,0.0019,1.78
2580.56,-22.885118611594255,-43.3058813521704,2953,1782.56,0.403,0.0017,1.66
2580.56,-22.890123849533225,-43.292946678367834,2539,1782.56,0.493,0.0017,1.7
2580.56,-22.889317434161647,-43.2726372572297,2698,1782.56,0.431,0.0015,1.92
2580.62,-22.85340758185386,-43.301772407423,2734,1782.56,0.483,0.0018,1.89
2580.62,-22.888149570635296,-43.2739540544441,2591,1782.56,0.473,0.0017,1.74
2580.62,-22.85490725184812,-43.31305508257125,2659,1782.56,0.429,0.0017,1.66
2580.62,-22.862053710723547,-43.292986026270945,2511,1782.56,0.474,0.0019,1.91
2580.62,-22.87070395523622,-43.28421036286542,2968,1782.56,0.422,0.0018,1.66
2580.62,-22.88419073958569,-43.307955209458136,2958,1782.56,0.447,0.0018,1.57
2580.62,-22.86144821698873,-43.32954653473449,2653,1782.56,0.423,0.0018,1.87
2580.62,-22.87247266811023,-43.29552183360868,2693,1782.56,0.494,0.0016,1.82
2580.65,-22.874655271160172,-43.31538291312141,2662,1782.56,0.421,0.0019,1.86
2580.65,-22.8584415454567,-43.30047382902333,2886,1782.56,0.433,0.0018,1.96
2580.65,-22.862834207827355,-43.31507750304328,2924,1782.56,0.446,0.0016,1.69
2580.65,-22.874148355983735,-43.30891140765203,2501,1782.56,0.442,0.0016,1.86
2580.65,-22.88717693601249,-43.303481566569786,2621,1782.56,0.417,0.0015,1.84
2580.65,-22.889557906957364,-43.27511534523526,2510,1782.56,0.498,0.0015,1.98
2580.65,-22.871719493758746,-43.27828847121003,2562,1782.56,0.432,0.0015,1.65
2580.65,-22.897828521923,-43.32076240791066,2888,1782.56,0.464,0.0017,1.85
2580.65,-22.858628339397463,-43.29865405889191,2979,1782.56,0.485,0.0016,1.9
2580.65,-22.869805953313453,-43.28972292657455,2910,1782.56,0.48,0.0018,1.64
2580.65,-22.852598472381597,-43.30165751803103,2600,1782.56,0.413,0.0017,1.98
2580.65,-22.88243702214164,-43.305369543833734,2940,1782.56,0.473,0.0018,1.95
2580.65,-22.871822805042193,-43.283667704162596,2706,1782.56,0.47,0.0015,1.53
2580.65,-22.894448313775243,-43.32140260734481,2888,1782.56,0.479,0.0018,1.68
2580.65,-22.856211768224753,-43.32841840155298,2503,1782.56,0.437,0.0018,1.83
2580.65,-22.879885961699628,-43.295482481050094,2599,1782.56,0.443,0.0015,1.88
2580.65,-22.881687513370636,-43.298275699900664,2849,1782.56,0.418,0.0017,1.94
2580.65,-22.861710046858633,-43.278467531094556,2750,1782.56,0.479,0.0018,1.57
2580.66,-22.887707207011417,-43.33610398896485,2910,1782.56,0.482,0.0016,1.67
2580.66,-22.876785616372743,-43.32135565342095,2645,1782.56,0.428,0.0019,1.88
2580.66,-22.861116383190375,-43.306281424567054,2862,1782.56,0.404,0.0018,1.76
2580.66,-22.885270044065155,-43.31713716374416,2805,1782.56,0.46,0.0016,1.5
2580.66,-22.8913494561635,-43.2811121526979,2576,1782.56,0.419,0.0019,1.55
2580.66,-22.867021344732553,-43.307514989302184,2682,1782.56,0.445,0.0015,1.71
2580.66,-22.853402608125048,-43.308619414848714,2964,1782.56,0.419,0.0018,1.59
2580.66,-22.874419027380306,-43.28372126720013,2555,1782.56,0.402,0.0019,1.71
2580.66,-22.8619828521923,-43.32818924833407,2701,1782.56,0.439,0.0015,1.78
2580.66,-22.882354539195187,-43.334620799942,2909,1782.56,0.428,0.0018,1.56
2580.68,-22.89580667279858,-43.3224519112638,2752,1782.56,0.459,0.0019,1.89
2580.68,-22.889932522081118,-43.281518820240066,2943,1782.56,0.448,0.0017,1.5
2580.68,-22.888925165061927,-43.331746474485364,2898,1782.56,0.439,0.0018,1.8
2580.68,-22.848738373059586,-43.29781761613115,2583,1782.56,0.476,0.0018,1.93
2580.68,-22.86957388783563,-43.31016904625865,2867,1782.56,0.405,0.0019,1.75
2580.68,-22.87486612122775,-43.279707456444505,2958,1782.56,0.473,0.0019,1.95
2580.68,-22.875639528876057,-43.278947681895616,2816,1782.56,0.473,0.0018,1.99
2580.68,-22.86930710621118,-43.28819467148683,2538,1782.56,0.414,0.0019,1.69
2580.68,-22.874743318166633,-43.31929686313053,2963,1782.56,0.489,0.0019,1.89
2580.68,-22.882010907867286,-43.2955107445172,2831,1782.56,0.412,0.0015,1.96
2580.69,-22.87249509232537,-43.273899684259206,2743,1782.56,0.479,0.0015,1.54
2580.69,-22.863843899174302,-43.328411742592934,2688,1782.56,0.435,0.0018,1.61
2580.69,-22.868942374687943,-43.27206471105248,2967,1782.56,0.497,0.0016,1.8
2580.69,-22.875464277457617,-43.27792316983827,2703,1782.56,0.431,0.0019,1.74
2580.69,-22.875231775363595,-43.27410490241185,2982,1782.56,0.492,0.0018,1.78
2580.69,-22.865538431199276,-43.291757177954814,2686,1782.56,0.425,0.0019,1.85
2580.69,-22.879822104591387,-43.325467931915405,2993,1782.56,0.464,0.0017,1.96
2580.69,-22.894539834845414,-43.31941796101164,2504,1782.56,0.432,0.0017,1.92
2580.69,-22.88429130419991,-43.32979618231325,2723,1782.56,0.419,0.0015,1.66
2580.7,-22.857826597605097,-43.32478906809303,2736,1782.56,0.446,0.0018,1.56
2580.7,-22.881333419710195,-43.321184370785694,2973,1782.56,0.49,0.0018,1.81
2580.7,-22.881056312473603,-43.311058769951785,2516,1782.56,0.455,0.0017,1.82
2580.7,-22.866295959582743,-43.270612328064914,2855,1782.56,0.435,0.0017,1.7
2580.7,-22.865174884082702,-43.28765803844912,2678,1782.56,0.487,0.0016,1.74
2580.7,-22.856879651215213,-43.318851619904024,2812,1782.56,0.404,0.0015,1.94
2580.7,-22.873643934246797,-43.295536094821664,2759,1782.56,0.489,0.0019,1.92
2580.7,-22.87247873307881,-43.277549008332294,2841,1782.56,0.421,0.0019,1.59
2580.7,-22.86411762234615,-43.28076398939773,2698,1782.56,0.403,0.0016,1.57
2580.7,-22.862757124028064,-43.283703794161326,2610,1782.56,0.473,0.0017,1.68
2580.7,-22.871406185960076,-43.30176403728605,2729,1782.56,0.456,0.0015,1.86
2580.7,-22.88789896745282,-43.321186846750706,2914,1782.56,0.468,0.0017,1.78
2580.73,-22.85945488457674,-43.326512509270515,2694,1782.56,0.476,0.0019,1.69
2580.73,-22.85830737465635,-43.32041805722513,2860,1782.56,0.455,0.0019,1.84
2580.73,-22.861492160766815,-43.30304129907048,2823,1782.56,0.485,0.0019,1.93
2580.73,-22.872639053563336,-43.3191439334825,2683,1782.56,0.438,0.0016,1.81
2580.73,-22.89412830948375,-43.27630798894939,2519,1782.56,0.483,0.0016,1.66
2580.73,-22.868163405105054,-43.311604199720115,2894,1782.56,0.486,0.0016,1.79
2580.73,-22.891089403246085,-43.3167834405611,2726,1782.56,0.456,0.0019,1.77
2580.73,-22.86206484465799,-43.29854747951345,2551,1782.56,0.423,0.0019,1.58
2580.74,-22.897946430730556,-43.28184756803383,2816,1782.56,0.463,0.0016,1.73
2580.74,-22.861735960842314,-43.294302778628925,2861,1782.56,0.474,0.0019,1.85
2580.74,-22.874961602533563,-43.32510125573787,2589,1782.56,0.443,0.0016,1.66
2580.74,-22.88307532763262,-43.29773034317116,2659,1782.56,0.492,0.0017,1.63
2580.74,-22.89055249713112,-43.280109026183055,2611,1782.56,0.431,0.0016,1.52
2580.74,-22.871134197001645,-43.3324209229417,2869,1782.56,0.494,0.0015,1.82
2580.74,-22.87578904193713,-43.27884368851319,2710,1782.56,0.426,0.0016,1.87
2580.74,-22.881824405437325,-43.276966894965064,2504,1782.56,0.423,0.0017,1.98
2580.74,-22.88429130419991,-43.32979618231325,2806,1782.56,0.474,0.0016,1.86
2580.74,-22.859712993290554,-43.28772006955427,2996,1782.56,0.411,0.0017,1.58
2580.74,-22.888970419873544,-43.276900447868826,2824,1782.56,0.433,0.0019,1.58
2580.74,-22.87071304085338,-43.289401165594995,2575,1782.56,0.425,0.0016,1.65
2580.74,-22.89200693751013,-43.278113608716396,2854,1782.56,0.438,0.0018,1.94
2580.74,-22.874492997743786,-43.312444693851766,2957,1782.56,0.48,0.0019,1.69
2580.74,-22.857152785021295,-43.28769390181108,2912,1782.56,0.413,0.0017,1.7
2580.74,-22.862834207827355,-43.31507750304328,2784,1782.56,0.428,0.0016,1.75
2580.74,-22.88467040718113,-43.322932403912745,2838,1782.56,0.451,0.0019,1.56
2580.74,-22.85936162084503,-43.290536673132685,2610,1782.56,0.404,0.0015,1.72
2580.74,-22.888970419873544,-43.276900447868826,2527,1782.56,0.471,0.0016,1.83
2580.74,-22.85752838383372,-43.320576888305446,2916,1782.56,0.422,0.0019,1.61
2580.74,-22.86540222513423,-43.27693918854471,2573,1782.56,0.466,0.0017,1.6
2580.78,-22.86205585541741,-43.28820058141566,2579,1782.56,0.417,0.0016,1.98
2580.78,-22.866252864969308,-43.283033295123595,2882,1782.56,0.452,0.0019,1.97
2580.78,-22.8584415454567,-43.30047382902333,2943,1782.56,0.441,0.0015,1.55
2580.78,-22.88788703352114,-43.271418990966914,2516,1782.56,0.435,0.0018,1.84
2580.79,-22.89796189835094,-43.329479329006716,2953,1782.56,0.464,0.0019,1.76
2580.79,-22.878978779701757,-43.32289371663875,2512,1782.56,0.414,0.0016,1.75
2580.79,-22.887707207011417,-43.33610398896485,2777,1782.56,0.46,0.0015,1.52
2580.79,-22.867021344732553,-43.307514989302184,2756,1782.56,0.433,0.0019,1.55
2580.79,-22.861399187668834,-43.2926565648536,2810,1782.56,0.472,0.0017,1.57
2580.79,-22.884732663468814,-43.31628033887517,2946,1782.56,0.439,0.0019,1.97
2580.79,-22.86692805315821,-43.275210747940264,2789,1782.56,0.455,0.0017,1.52
2580.79,-22.88309767427097,-43.31674920792804,2953,1782.56,0.488,0.0015,1.81
2580.79,-22.88775419686622,-43.33164779315465,2831,1782.56,0.475,0.0019,1.81
2580.79,-22.857292338452964,-43.328270454943,2709,1782.56,0.404,0.0017,1.65
2580.79,-22.878938327788468,-43.3265110096202,2618,1782.56,0.488,0.0017,1.65
2580.79,-22.8923504582542,-43.277742797797735,2815,1782.56,0.412,0.0015,1.97
2580.86,-22.852598472381597,-43.30165751803103,2554,1782.56,0.423,0.0017,1.77
2580.86,-22.89821201384601,-43.32804152699613,2878,1782.56,0.42,0.0019,1.82
2580.86,-22.859308857747987,-43.31502500596901,2588,1782.56,0.411,0.0017,1.58
2580.86,-22.875231775363595,-43.27410490241185,2561,1782.56,0.41,0.0016,1.6
2580.86,-22.88140571261693,-43.31563277652367,2685,1782.56,0.47,0.0015,1.53
2580.86,-22.875721493584145,-43.284464143249885,2697,1782.56,0.493,0.0018,1.54
2580.86,-22.89214807653393,-43.32199924007791,2660,1782.56,0.483,0.0018,1.98
2580.86,-22.870956151955397,-43.31321927936711,2639,1782.56,0.463,0.0017,1.96
2580.86,-22.89200525941612,-43.28187526446192,2720,1782.56,0.426,0.0018,1.82
2580.86,-22.888404163074107,-43.3373153549039,2863,1782.56,0.483,0.0015,1.9
2580.86,-22.85468622919643,-43.31348299559518,2844,1782.56,0.497,0.0019,1.93
2580.86,-22.88150700142016,-43.27882017150691,2805,1782.56,0.443,0.0019,1.99
2580.86,-22.878978779701757,-43.32289371663875,2723,1782.56,0.469,0.0015,1.82
2580.86,-22.870064152026032,-43.332426309660676,2596,1782.56,0.452,0.0015,1.77
2580.86,-22.87149261884739,-43.305730370011695,2931,1782.56,0.46,0.0016,1.58
2580.86,-22.858215943544252,-43.30285628166705,2872,1782.56,0.483,0.0017,1.66
2580.86,-22.88551657420369,-43.329699326247216,2742,1782.56,0.435,0.0019,1.73
2580.86,-22.89866055925909,-43.326964581551024,2784,1782.56,0.492,0.0019,1.96
2580.86,-22.871719493758746,-43.27828847121003,2642,1782.56,0.482,0.0019,1.79
2580.86,-22.860857134715587,-43.27805752582416,2583,1782.56,0.468,0.0017,1.59
2580.88,-22.862856612777097,-43.32606449715569,2599,1782.56,0.493,0.0019,1.93
2580.88,-22.880560041804536,-43.29814507974918,2951,1782.56,0.451,0.0016,1.64
2580.88,-22.875231775363595,-43.27410490241185,2993,1782.56,0.44,0.0016,1.56
2580.88,-22.869804401066734,-43.296421713012066,2559,1782.56,0.435,0.0018,1.95
2580.88,-22.859443527293752,-43.313754846042464,2887,1782.56,0.424,0.0015,1.89
2580.88,-22.891089403246085,-43.3167834405611,2795,1782.56,0.499,0.0015,1.53
2580.88,-22.854654876535424,-43.289472715881146,2556,1782.56,0.466,0.0017,1.73
2580.88,-22.866754144869372,-43.306332011179705,2546,1782.56,0.46,0.0015,1.71
2580.88,-22.863117302560145,-43.309960029963165,2732,1782.56,0.44,0.0015,1.94
2580.88,-22.87990539853711,-43.29569371562535,2546,1782.56,0.481,0.0019,1.77
2580.89,-22.876164868609784,-43.286342101979244,2873,1782.56,0.485,0.0018,1.9
2580.89,-22.883374036979877,-43.328317281821505,2903,1782.56,0.459,0.0017,1.88
2580.89,-22.86961225052659,-43.273621960841055,2727,1782.56,0.455,0.0017,1.56
2580.89,-22.874148355983735,-43.30891140765203,2621,1782.56,0.494,0.0017,1.89
2580.89,-22.88347249931642,-43.30216835806813,2778,1782.56,0.468,0.0019,1.89
2580.89,-22.87208535551471,-43.292984902810836,2519,1782.56,0.498,0.0017,1.82
2580.89,-22.886969983847738,-43.30609520493499,2894,1782.56,0.451,0.0018,1.51
2580.89,-22.86205585541741,-43.28820058141566,2643,1782.56,0.412,0.0016,1.77
2580.89,-22.88198675812342,-43.27676495959041,2737,1782.56,0.413,0.0018,1.78
2580.89,-22.872518736807113,-43.322314380754484,2648,1782.56,0.429,0.0019,1.53
2580.89,-22.888114719854006,-43.29496886083367,2780,1782.56,0.474,0.0015,1.71
2580.89,-22.875146291117844,-43.307818458397016,2591,1782.56,0.463,0.0018,1.52
2580.89,-22.879916050347088,-43.27329730057226,2804,1782.56,0.494,0.0017,1.59
2580.89,-22.866032073756877,-43.338131873315504,2630,1782.56,0.492,0.0019,1.73
2580.89,-22.885226044959932,-43.309720499147424,2952,1782.56,0.435,0.0015,1.7
2580.89,-22.870385783458357,-43.292127689221395,2977,1782.56,0.419,0.0017,1.77
2580.89,-22.897828521923,-43.32076240791066,2532,1782.56,0.478,0.0015,1.55
2580.89,-22.877044057031124,-43.32585217379867,2931,1782.56,0.424,0.0019,1.97
2580.89,-22.883030548301637,-43.3356782256163,2716,1782.56,0.405,0.0019,1.96
2580.94,-22.871285051555724,-43.30257291231742,2513,1782.56,0.417,0.0018,1.69
2580.94,-22.885226044959932,-43.309720499147424,2657,1782.56,0.472,0.0019,1.83
2580.94,-22.865266583287077,-43.32937373118127,2569,1782.56,0.478,0.0018,1.55
2580.94,-22.853402608125048,-43.308619414848714,2537,1782.56,0.415,0.0016,1.92
2580.94,-22.88150700142016,-43.27882017150691,2583,1782.56,0.469,0.0018,1.86
2580.94,-22.874658912291945,-43.31015627454578,2758,1782.56,0.411,0.0015,1.85
2580.94,-22.874961602533563,-43.32510125573787,2628,1782.56,0.467,0.0015,1.5
2580.94,-22.8787675650818,-43.31412382741355,2607,1782.56,0.436,0.0019,1.89
2580.94,-22.871406185960076,-43.30176403728605,2780,1782.56,0.446,0.0016,1.61
2580.95,-22.865538431199276,-43.291757177954814,2991,1782.56,0.431,0.0018,1.57
2580.95,-22.85023684649563,-43.298567292399085,2966,1782.56,0.477,0.0017,1.52
2580.95,-22.86575303264837,-43.31310777055796,2610,1782.56,0.497,0.0018,1.64
2580.95,-22.895007079686994,-43.32139147487483,2964,1782.56,0.491,0.0016,1.71
2580.95,-22.889737591711263,-43.27804566482924,2644,1782.56,0.411,0.0019,1.84
2580.95,-22.88307532763262,-43.29773034317116,2600,1782.56,0.477,0.0018,1.74
2580.97,-22.864249254248662,-43.32248206560194,2543,1782.56,0.449,0.0015,1.5
2580.97,-22.876785616372743,-43.32135565342095,2993,1782.56,0.408,0.0015,1.51
2580.97,-22.868588548508306,-43.32436794455032,2954,1782.56,0.418,0.0017,1.79
2580.97,-22.862662756127307,-43.280590087419654,2578,1782.56,0.499,0.0018,1.76
2580.97,-22.86762605210021,-43.33652514220015,2850,1782.56,0.408,0.0017,1.59
2581.01,-22.874302246649084,-43.30702553844383,2949,1782.56,0.477,0.0017,1.54
2581.01,-22.863391643148574,-43.28982290627995,2595,1782.56,0.402,0.0016,1.57
2581.01,-22.873643934246797,-43.295536094821664,2566,1782.56,0.499,0.0016,1.51
2581.01,-22.86957388783563,-43.31016904625865,2839,1782.56,0.458,0.0017,1.85
2581.01,-22.863117302560145,-43.309960029963165,2567,1782.56,0.422,0.0016,1.85
2581.01,-22.865621616791085,-43.301637713141396,2633,1782.56,0.402,0.0019,1.6
2581.01,-22.853473621389476,-43.30340894163149,2885,1782.56,0.417,0.0017,1.53
2581.01,-22.88551657420369,-43.329699326247216,2642,1782.56,0.441,0.0016,1.78
2581.03,-22.853402608125048,-43.308619414848714,2596,1782.56,0.47,0.0017,1.64
2581.03,-22.86206484465799,-43.29854747951345,2782,1782.56,0.405,0.0018,1.62
2581.03,-22.89200693751013,-43.278113608716396,2939,1782.56,0.488,0.0016,1.62
2581.03,-22.873643934246797,-43.295536094821664,2715,1782.56,0.424,0.0017,1.88
2581.03,-22.87857289987672,-43.29592354266078,2872,1782.56,0.43,0.0015,1.62
2581.03,-22.86283564347404,-43.29347467771211,2957,1782.56,0.452,0.0019,1.78
2581.03,-22.86143205741137,-43.3229601040728,2586,1782.56,0.494,0.0016,1.85
2581.03,-22.874658912291945,-43.31015627454578,2885,1782.56,0.428,0.0018,1.89
2581.03,-22.86631276821089,-43.2952438805941,2876,1782.56,0.486,0.0017,1.53
2581.08,-22.876824543770894,-43.27666172746651,2534,1782.56,0.459,0.0015,1.56
2581.08,-22.88958552272534,-43.315395404695344,2900,1782.56,0.452,0.0016,1.67
2581.08,-22.866180673539375,-43.29255772244056,2973,1782.56,0.435,0.0019,1.56
2581.08,-22.89496887400113,-43.315918410614934,2626,1782.56,0.499,0.0018,1.72
2581.08,-22.864211710200387,-43.29555600835499,2896,1782.56,0.487,0.0019,1.72
2581.08,-22.87612144329601,-43.323680871304816,2834,1782.56,0.485,0.0017,1.65
2581.08,-22.885226044959932,-43.309720499147424,2856,1782.56,0.413,0.0019,1.5
2581.08,-22.88138736370065,-43.28312116559284,2522,1782.56,0.435,0.0017,1.56
2581.14,-22.89116912448737,-43.26883851674487,2917,1782.56,0.424,0.0019,1.64
2581.14,-22.876824543770894,-43.27666172746651,2937,1782.56,0.498,0.0017,1.71
2581.14,-22.882743437189614,-43.29366959255035,2773,1782.56,0.441,0.0015,1.56
2581.14,-22.863117302560145,-43.309960029963165,2919,1782.56,0.425,0.0017,1.94
2581.14,-22.857826597605097,-43.32478906809303,2654,1782.56,0.458,0.0018,1.72
2581.14,-22.875515460916926,-43.31069020128653,2786,1782.56,0.489,0.0019,1.87
2581.14,-22.874010689225567,-43.319107440956024,2671,1782.56,0.464,0.0019,1.75
2581.14,-22.880238359783807,-43.31131469976535,2768,1782.56,0.485,0.0018,1.65
2581.14,-22.869194574702586,-43.30490939599209,2656,1782.56,0.443,0.0017,1.57
2581.14,-22.852221122571265,-43.302809078039104,2818,1782.56,0.493,0.0018,1.73
2581.14,-22.866770325140486,-43.278420343142365,2862,1782.56,0.421,0.0015,1.95
2581.14,-22.868163405105054,-43.311604199720115,2983,1782.56,0.432,0.0018,1.59
2581.14,-22.88078056851191,-43.322729273656115,2761,1782.56,0.465,0.0015,1.84
2581.14,-22.89365822630807,-43.326354297839345,2985,1782.56,0.422,0.0018,1.88
2581.14,-22.887435727179092,-43.27038733570493,2871,1782.56,0.475,0.0016,1.96
2581.14,-22.88078056851191,-43.322729273656115,2999,1782.56,0.407,0.0015,1.76
2581.14,-22.848466036185997,-43.30108889404392,2783,1782.56,0.474,0.0018,1.99
2581.14,-22.874743318166633,-43.31929686313053,2738,1782.56,0.452,0.0015,1.59
2581.14,-22.87308331657023,-43.305089464569086,2660,1782.56,0.41,0.0019,1.5
2581.15,-22.88864127331701,-43.293615823968004,2716,1782.56,0.44,0.0015,1.73
2581.15,-22.87177941225251,-43.28417908973632,2845,1782.56,0.481,0.0018,1.56
2581.15,-22.88419594579328,-43.28506952767958,2889,1782.56,0.477,0.0016,1.6
2581.15,-22.877831132106472,-43.31106834331362,2932,1782.56,0.436,0.0017,1.7
2581.15,-22.865621616791085,-43.301637713141396,2646,1782.56,0.433,0.0016,1.75
2581.15,-22.87853141539161,-43.29876377217909,2639,1782.56,0.433,0.0017,1.95
2581.15,-22.88717693601249,-43.303481566569786,2752,1782.56,0.42,0.0018,1.94
2581.15,-22.84947814309329,-43.298027643961824,2528,1782.56,0.434,0.0018,1.93
2581.18,-22.856268461025326,-43.28601419506252,2780,1782.56,0.465,0.0015,1.67
2581.18,-22.863011240699805,-43.27912413886022,2731,1782.56,0.429,0.0017,1.83
2581.18,-22.867230008683155,-43.2898652432337,2754,1782.56,0.413,0.0019,1.87
2581.18,-22.88503249841015,-43.324318816889715,2661,1782.56,0.403,0.0018,1.75
2581.18,-22.862856612777097,-43.32606449715569,2592,1782.56,0.415,0.0015,1.74
2581.18,-22.88984031167266,-43.28012659791169,2626,1782.56,0.453,0.0017,1.7
2581.18,-22.861340447661618,-43.31260812808475,2757,1782.56,0.448,0.0018,1.57
2581.18,-22.8776379226127,-43.306554287574436,2572,1782.56,0.427,0.0019,1.79
2581.18,-22.87618256645411,-43.30423725012878,2607,1782.56,0.416,0.0018,1.98
2581.2,-22.868942374687943,-43.27206471105248,2554,1782.56,0.402,0.0016,1.94
2581.2,-22.888055757576428,-43.308529388417405,2980,1782.56,0.474,0.0019,1.68
2581.2,-22.858124790649356,-43.28008126775039,2912,1782.56,0.429,0.0019,1.95
2581.2,-22.862695092709878,-43.31100679155802,2835,1782.56,0.405,0.0016,1.99
2581.2,-22.866156674570156,-43.270982692369834,2821,1782.56,0.401,0.0019,1.75
2581.2,-22.866252864969308,-43.283033295123595,2670,1782.56,0.443,0.0019,1.59
2581.2,-22.882739662015414,-43.27436970845517,2532,1782.56,0.405,0.0018,1.53
2581.2,-22.867230008683155,-43.2898652432337,2677,1782.56,0.411,0.0015,1.98
2581.2,-22.88931882485539,-43.28966428164412,2915,1782.56,0.467,0.0016,1.8
2581.2,-22.869611223913218,-43.29033624211841,2960,1782.56,0.422,0.0017,1.5
2581.2,-22.852598472381597,-43.30165751803103,2758,1782.56,0.402,0.0017,1.52
2581.2,-22.869955584691237,-43.32150101062384,2916,1782.56,0.42,0.0015,1.77
2581.2,-22.865266583287077,-43.32937373118127,2637,1782.56,0.435,0.0018,1.97
2581.2,-22.889932522081118,-43.281518820240066,2685,1782.56,0.41,0.0016,1.69
2581.2,-22.854745499942936,-43.292818165705725,2976,1782.56,0.444,0.0019,1.96
2581.2,-22.873190774124623,-43.32110949394854,2538,1782.56,0.476,0.0019,1.56
2581.2,-22.8580219822232,-43.32874338434754,2972,1782.56,0.473,0.0018,1.57
2581.2,-22.871228999758696,-43.29926589816055,2881,1782.56,0.456,0.0016,1.62
2581.2,-22.864249254248662,-43.32248206560194,2902,1782.56,0.445,0.0018,1.68
2581.2,-22.882825235894607,-43.300401548289734,2893,1782.56,0.437,0.0018,1.84
2581.2,-22.879885961699628,-43.295482481050094,2746,1782.56,0.421,0.0017,1.74
2581.2,-22.874148355983735,-43.30891140765203,2894,1782.56,0.442,0.0017,1.83
2581.21,-22.866252864969308,-43.283033295123595,2870,1782.56,0.451,0.0017,1.74
2581.21,-22.858628339397463,-43.29865405889191,2505,1782.56,0.453,0.0019,1.85
2581.21,-22.886047324390628,-43.30557136326686,2579,1782.56,0.414,0.0017,1.76
2581.21,-22.884615370405403,-43.336687407352116,2560,1782.56,0.445,0.0016,1.72
2581.21,-22.891604418991513,-43.32057109748399,2987,1782.56,0.451,0.0016,1.74
2581.21,-22.85830737465635,-43.32041805722513,2996,1782.56,0.486,0.0018,1.55
2581.21,-22.852607422648404,-43.298626277056655,2682,1782.56,0.47,0.0017,1.55
2581.21,-22.889932522081118,-43.281518820240066,2920,1782.56,0.456,0.0017,1.99
2581.21,-22.89412830948375,-43.27630798894939,2743,1782.56,0.408,0.0015,1.67
2581.21,-22.861340447661618,-43.31260812808475,2681,1782.56,0.486,0.0019,1.55
2581.21,-22.89412830948375,-43.27630798894939,2585,1782.56,0.4,0.0018,1.99
2581.21,-22.88551657420369,-43.329699326247216,2593,1782.56,0.408,0.0018,1.79
2581.28,-22.88427167832591,-43.32092673906297,2542,1782.56,0.427,0.0016,1.53
2581.28,-22.888970419873544,-43.276900447868826,2877,1782.56,0.461,0.0015,1.65
2581.28,-22.855454774937616,-43.33103974650509,2623,1782.56,0.47,0.0019,1.86
2581.28,-22.872590007618545,-43.27535563991996,2536,1782.56,0.406,0.0016,1.9
2581.28,-22.87208535551471,-43.292984902810836,2952,1782.56,0.483,0.0018,1.9
2581.28,-22.879885961699628,-43.295482481050094,2520,1782.56,0.496,0.0017,1.69
2581.28,-22.86788511315902,-43.26719534948081,2515,1782.56,0.472,0.0015,1.63
2581.28,-22.86949389367307,-43.289631791960566,2591,1782.56,0.484,0.0018,1.79
2581.28,-22.855536186537016,-43.289990506140114,2519,1782.56,0.464,0.0016,1.57
2581.33,-22.85728372610451,-43.31757331912454,2973,1782.56,0.444,0.0017,1.73
2581.33,-22.885270044065155,-43.31713716374416,2778,1782.56,0.455,0.0016,1.53
2581.33,-22.891804245638014,-43.32012754327931,2994,1782.56,0.445,0.0019,1.58
2581.33,-22.88589617068067,-43.28669426317693,2907,1782.56,0.48,0.0018,1.67
2581.33,-22.865237651956964,-43.335306588392484,2570,1782.56,0.408,0.0019,1.5
2581.33,-22.86367394666999,-43.297294159494605,2515,1782.56,0.473,0.0015,1.53
2581.33,-22.8580219822232,-43.32874338434754,2739,1782.56,0.418,0.0019,1.76
2581.33,-22.88735265443355,-43.27389247149932,2786,1782.56,0.443,0.0017,1.55
2581.33,-22.869300268927798,-43.332347474286664,2886,1782.56,0.41,0.0018,1.75
2581.33,-22.852756897456484,-43.310038421031464,2715,1782.56,0.415,0.0016,1.78
2581.33,-22.874302246649084,-43.30702553844383,2749,1782.56,0.446,0.0016,1.54
2581.33,-22.861140585512423,-43.28010575292516,2639,1782.56,0.436,0.0015,1.93
2581.33,-22.869061768283025,-43.31704078257435,2729,1782.56,0.415,0.0019,1.72
2581.35,-22.869938702555682,-43.33162323026781,2996,1782.56,0.484,0.0015,1.99
2581.35,-22.874419027380306,-43.28372126720013,2786,1782.56,0.465,0.0018,1.5
2581.35,-22.856733691680848,-43.31181063497515,2665,1782.56,0.421,0.0018,1.5
2581.35,-22.856879651215213,-43.318851619904024,2854,1782.56,0.483,0.0016,1.96
2581.49,-22.87612144329601,-43.323680871304816,2653,1782.56,0.419,0.0015,1.58
2581.49,-22.878082994140353,-43.310192460343124,2902,1782.56,0.412,0.0017,1.52
2581.49,-22.863395815787765,-43.32537639837979,2990,1782.56,0.468,0.0018,1.76
2581.49,-22.865391656096406,-43.29681388799275,2663,1782.56,0.412,0.0018,1.99
2581.49,-22.876785616372743,-43.32135565342095,2856,1782.56,0.473,0.0019,1.7
2581.49,-22.876990184341754,-43.285103753659,2842,1782.56,0.449,0.0019,1.9
2581.49,-22.864211710200387,-43.29555600835499,2573,1782.56,0.431,0.0015,1.78
2581.52,-22.861630139363438,-43.31338349982406,2822,1782.56,0.478,0.0015,1.86
2581.52,-22.86711369768245,-43.29231942816386,2866,1782.56,0.46,0.0018,1.71
2581.52,-22.887707207011417,-43.33610398896485,2885,1782.56,0.449,0.0016,1.89
2581.52,-22.85815950122837,-43.305398189772106,2596,1782.56,0.493,0.0018,1.86
2581.52,-22.88624258564699,-43.33053699248448,2504,1782.56,0.484,0.0018,1.92
2581.52,-22.88429130419991,-43.32979618231325,2728,1782.56,0.457,0.0017,1.79
2581.52,-22.871406185960076,-43.30176403728605,2779,1782.56,0.43,0.0017,1.79
2581.52,-22.85832227579783,-43.307138207596104,2520,1782.56,0.422,0.0016,1.95
2581.6,-22.866462312864606,-43.31212026897201,2762,1782.56,0.464,0.0018,1.61
2581.6,-22.87263357888963,-43.312198126796915,2782,1782.56,0.478,0.0018,1.53
2581.6,-22.88309767427097,-43.31674920792804,2643,1782.56,0.446,0.0017,1.7
2581.6,-22.88078056851191,-43.322729273656115,2983,1782.56,0.492,0.0019,1.99
2581.6,-22.886989975572032,-43.32263336577382,2939,1782.56,0.493,0.0017,1.76
2581.6,-22.87545953618512,-43.294865125762904,2826,1782.56,0.492,0.0018,1.5
2581.6,-22.87618256645411,-43.30423725012878,2934,1782.56,0.485,0.0015,1.83
2581.6,-22.863391643148574,-43.28982290627995,2593,1782.56,0.484,0.0018,1.82
2581.6,-22.87174129713043,-43.27980852989895,2637,1782.56,0.405,0.0017,1.78
2581.6,-22.87589257716541,-43.28796019074052,2621,1782.56,0.477,0.0019,1.79
2581.6,-22.849463791266736,-43.299533807688285,2888,1782.56,0.433,0.0016,1.74
2581.61,-22.88198675812342,-43.27676495959041,2832,1782.56,0.483,0.0017,1.62
2581.61,-22.854745499942936,-43.292818165705725,2715,1782.56,0.46,0.0019,1.96
2581.61,-22.86741089713757,-43.31583023259235,2536,1782.56,0.43,0.0015,1.52
2581.61,-22.8913494561635,-43.2811121526979,2787,1782.56,0.402,0.0016,1.85
2581.61,-22.86493449045638,-43.28912110732493,2653,1782.56,0.437,0.0019,1.95
2581.61,-22.85557329551781,-43.32777610369661,2860,1782.56,0.463,0.0018,1.78
2581.61,-22.861044951138112,-43.30165423832948,2605,1782.56,0.406,0.0019,1.79
2581.61,-22.88523434193414,-43.29969354906425,2621,1782.56,0.418,0.0017,1.75
2581.61,-22.859089832041434,-43.320169279291335,2581,1782.56,0.492,0.0019,1.97
2581.61,-22.848748598421476,-43.30315598662101,2965,1782.56,0.491,0.0019,1.55
2581.61,-22.879916050347088,-43.27329730057226,2573,1782.56,0.464,0.0016,1.63
2581.61,-22.855767338153527,-43.3260065586982,2684,1782.56,0.438,0.0018,1.69
2581.61,-22.89412830948375,-43.27630798894939,2792,1782.56,0.43,0.0016,1.99
2581.61,-22.86575303264837,-43.31310777055796,2893,1782.56,0.438,0.0019,1.61
2581.61,-22.88788703352114,-43.271418990966914,2913,1782.56,0.427,0.0016,1.67
2581.61,-22.876164868609784,-43.286342101979244,2923,1782.56,0.443,0.0015,1.79
2581.61,-22.889557906957364,-43.27511534523526,2624,1782.56,0.489,0.0019,1.98
2581.62,-22.88291784427213,-43.279430490656594,2743,1782.56,0.416,0.0016,1.8
2581.62,-22.87071304085338,-43.289401165594995,2973,1782.56,0.478,0.0017,1.64
2581.62,-22.872518736807113,-43.322314380754484,2830,1782.56,0.476,0.0018,1.75
2581.62,-22.88520284739984,-43.304851073840815,2862,1782.56,0.461,0.0017,1.75
2581.62,-22.88717693601249,-43.303481566569786,2879,1782.56,0.466,0.0016,1.81
2581.62,-22.861630139363438,-43.31338349982406,2514,1782.56,0.487,0.0019,1.93
2581.62,-22.856268461025326,-43.28601419506252,2910,1782.56,0.447,0.0015,1.96
2581.62,-22.863888243428022,-43.28576933991444,2608,1782.56,0.482,0.0016,1.95
2581.62,-22.891604418991513,-43.32057109748399,2900,1782.56,0.469,0.0015,1.59
2581.62,-22.88427167832591,-43.32092673906297,2917,1782.56,0.482,0.0018,1.72
2581.62,-22.880238359783807,-43.31131469976535,2997,1782.56,0.494,0.0016,1.55
2581.62,-22.8889743107615,-43.28629036608258,2761,1782.56,0.428,0.0015,1.75
2581.62,-22.88429130419991,-43.32979618231325,2775,1782.56,0.449,0.0017,1.82
2581.62,-22.85821759881364,-43.27393164834267,2647,1782.56,0.459,0.0017,1.5
2581.62,-22.88990044773605,-43.27986962630341,2797,1782.56,0.461,0.0018,1.95
2581.62,-22.86961225052659,-43.273621960841055,2850,1782.56,0.417,0.0016,1.8
2581.62,-22.861492160766815,-43.30304129907048,2977,1782.56,0.471,0.0019,1.74
2581.62,-22.893322125393574,-43.29054330329289,2579,1782.56,0.478,0.0016,1.96
2581.62,-22.862856612777097,-43.32606449715569,2829,1782.56,0.499,0.0018,1.71
2581.62,-22.856879651215213,-43.318851619904024,2726,1782.56,0.419,0.0017,1.53
2581.62,-22.886989975572032,-43.32263336577382,2580,1782.56,0.43,0.0018,1.55
2581.62,-22.869647425864212,-43.326493151495754,2810,1782.56,0.465,0.0019,1.96
2581.63,-22.87853141539161,-43.29876377217909,2754,1782.56,0.432,0.0016,1.92
2581.63,-22.858215943544252,-43.30285628166705,2668,1782.56,0.43,0.0017,1.79
2581.63,-22.869805953313453,-43.28972292657455,2980,1782.56,0.454,0.0016,1.71
2581.63,-22.88867968991285,-43.33214735888769,2688,1782.56,0.493,0.0019,1.96
2581.63,-22.876541212193533,-43.32981029734441,2585,1782.56,0.458,0.0019,1.77
2581.63,-22.863011240699805,-43.27912413886022,2657,1782.56,0.425,0.0016,1.75
2581.63,-22.875834082414713,-43.27831564801494,2974,1782.56,0.498,0.0016,1.64
2581.63,-22.87618256645411,-43.30423725012878,2589,1782.56,0.422,0.0019,1.67
2581.63,-22.871285051555724,-43.30257291231742,2666,1782.56,0.448,0.0018,1.88
2581.63,-22.88733155941451,-43.26987308282541,2819,1782.56,0.442,0.0015,1.86
2581.63,-22.87612144329601,-43.323680871304816,2860,1782.56,0.47,0.0016,1.93
2581.63,-22.865577930445912,-43.335811501369385,2724,1782.56,0.486,0.0016,1.74
2581.63,-22.877831132106472,-43.31106834331362,2746,1782.56,0.499,0.0015,1.56
2581.63,-22.85023684649563,-43.298567292399085,2618,1782.56,0.446,0.0018,1.58
2581.63,-22.864211710200387,-43.29555600835499,2551,1782.56,0.461,0.0017,1.97
2581.63,-22.881687513370636,-43.298275699900664,2840,1782.56,0.451,0.0016,1.5
2581.63,-22.85728372610451,-43.31757331912454,2914,1782.56,0.44,0.0018,1.9
2581.63,-22.892388545838266,-43.288957423371535,2713,1782.56,0.427,0.0015,1.7
2581.63,-22.85821759881364,-43.27393164834267,2922,1782.56,0.496,0.0018,1.72
2581.63,-22.895008198056836,-43.33039785933877,2667,1782.56,0.449,0.0017,1.56
2581.69,-22.888648404701044,-43.2887463267185,2882,1782.56,0.472,0.0015,1.61
2581.69,-22.87015350840377,-43.31876750576074,2801,1782.56,0.418,0.0018,1.53
2581.69,-22.861532363431817,-43.29386874824151,2830,1782.56,0.444,0.0015,1.5
2581.69,-22.889737591711263,-43.27804566482924,2662,1782.56,0.423,0.0015,1.78
2581.69,-22.887707207011417,-43.33610398896485,2976,1782.56,0.439,0.0015,1.76
2581.69,-22.86222509286777,-43.2869492477504,2772,1782.56,0.416,0.0017,1.76
2581.69,-22.888648404701044,-43.2887463267185,2556,1782.56,0.495,0.0017,1.81
2581.69,-22.893196891260317,-43.31705142493954,2561,1782.56,0.42,0.0017,1.7
2581.69,-22.8776379226127,-43.306554287574436,2642,1782.56,0.487,0.0018,1.63
2581.69,-22.871285051555724,-43.30257291231742,2862,1782.56,0.498,0.0015,1.96
2581.69,-22.86149760224237,-43.29288947173588,2883,1782.56,0.496,0.0015,1.56
2581.75,-22.876346337075056,-43.31832463409336,2980,1782.56,0.45,0.0018,1.93
2581.75,-22.88809210983536,-43.286663944830735,2894,1782.56,0.455,0.0015,1.75
2581.75,-22.884318598970744,-43.32780626507122,2968,1782.56,0.462,0.0016,1.85
2581.75,-22.882295866927176,-43.32450889376895,2764,1782.56,0.475,0.0018,1.56
2581.75,-22.889932522081118,-43.281518820240066,2625,1782.56,0.496,0.0015,1.93
2581.75,-22.869042075539408,-43.33246869842768,2559,1782.56,0.451,0.0017,1.72
2581.75,-22.864113655054116,-43.29430874501928,2927,1782.56,0.489,0.0019,1.57
2581.75,-22.858037683480056,-43.30275192403924,2629,1782.56,0.431,0.0018,1.81
2581.75,-22.86404647579271,-43.29436203736227,2714,1782.56,0.47,0.0018,1.99
2581.75,-22.863011240699805,-43.27912413886022,2508,1782.56,0.407,0.0018,1.75
2581.75,-22.873190774124623,-43.32110949394854,2799,1782.56,0.41,0.0017,1.82
2581.76,-22.887528723398574,-43.297279915342905,2983,1782.56,0.477,0.0015,1.83
2581.76,-22.875464277457617,-43.27792316983827,2852,1782.56,0.411,0.0016,1.98
2581.76,-22.861044951138112,-43.30165423832948,2896,1782.56,0.446,0.0019,1.69
2581.76,-22.869611223913218,-43.29033624211841,2834,1782.56,0.452,0.0019,1.66
2581.76,-22.887776573581203,-43.28318743141474,2539,1782.56,0.415,0.0018,1.83
2581.76,-22.858124790649356,-43.28008126775039,2907,1782.56,0.43,0.0016,1.74
2581.76,-22.86486717571422,-43.31091685420294,2537,1782.56,0.407,0.0017,1.77
2581.76,-22.882825235894607,-43.300401548289734,2761,1782.56,0.475,0.0016,1.61
2581.76,-22.87589257716541,-43.28796019074052,2952,1782.56,0.47,0.0017,1.98
2581.82,-22.897828521923,-43.32076240791066,2512,1782.56,0.477,0.0017,1.88
2581.82,-22.869647425864212,-43.326493151495754,2618,1782.56,0.472,0.0018,1.69
2581.82,-22.87858325346472,-43.27939380830951,2740,1782.56,0.45,0.0016,1.52
2581.82,-22.863415548060487,-43.323317634222505,2649,1782.56,0.46,0.0019,1.88
2581.82,-22.893196891260317,-43.31705142493954,2527,1782.56,0.461,0.0017,1.88
2581.82,-22.863459854588292,-43.30014903832372,2934,1782.56,0.474,0.0015,1.92
2581.82,-22.863391643148574,-43.28982290627995,2745,1782.56,0.406,0.0019,1.86
2581.82,-22.871822805042193,-43.283667704162596,2502,1782.56,0.439,0.0019,1.77
2581.82,-22.876346337075056,-43.31832463409336,2643,1782.56,0.488,0.0019,1.93
2581.82,-22.86692805315821,-43.275210747940264,2889,1782.56,0.497,0.0019,1.71
2581.82,-22.86575303264837,-43.31310777055796,2945,1782.56,0.454,0.0017,1.98
2581.82,-22.891801503424844,-43.32398281396972,2989,1782.56,0.47,0.0015,1.67
2581.82,-22.868610664476332,-43.29489435252647,2787,1782.56,0.49,0.0019,1.51
2581.82,-22.86611212503453,-43.29434089636883,2655,1782.56,0.417,0.0015,1.75
2581.82,-22.863985115090834,-43.321749567625446,2733,1782.56,0.499,0.0018,1.79
2581.82,-22.8685102980563,-43.28049395655852,2760,1782.56,0.418,0.0016,1.58
2581.82,-22.865638580774625,-43.29937150465544,2981,1782.56,0.431,0.0019,1.64
2581.82,-22.872639053563336,-43.3191439334825,2804,1782.56,0.496,0.0017,1.72
2581.82,-22.870064152026032,-43.332426309660676,2776,1782.56,0.435,0.0018,1.65
2581.82,-22.87618256645411,-43.30423725012878,2618,1782.56,0.44,0.0016,1.99
2581.82,-22.874743318166633,-43.31929686313053,2924,1782.56,0.411,0.0018,1.95
2581.82,-22.8580219822232,-43.32874338434754,2588,1782.56,0.474,0.0016,1.88
2581.82,-22.863395815787765,-43.32537639837979,2763,1782.56,0.421,0.0019,1.91
2581.82,-22.876346337075056,-43.31832463409336,2952,1782.56,0.422,0.0018,1.5
2581.82,-22.88427167832591,-43.32092673906297,2920,1782.56,0.4,0.0016,1.75
2581.84,-22.87824414614546,-43.32473055741454,2556,1782.56,0.474,0.0018,1.97
2581.84,-22.870385783458357,-43.292127689221395,2516,1782.56,0.495,0.0017,1.79
2581.84,-22.854745499942936,-43.292818165705725,2960,1782.56,0.482,0.0018,1.95
2581.84,-22.866968974005935,-43.2989850526044,2930,1782.56,0.478,0.0019,1.96
2581.84,-22.871185631521833,-43.334161501074995,2954,1782.56,0.472,0.0018,1.59
2581.84,-22.874010689225567,-43.319107440956024,2609,1782.56,0.472,0.0015,1.96
2581.84,-22.875992561398327,-43.29201624175736,2698,1782.56,0.466,0.0018,1.83
2581.84,-22.86762605210021,-43.33652514220015,2718,1782.56,0.43,0.0018,1.82
2581.84,-22.88347249931642,-43.30216835806813,2665,1782.56,0.497,0.0019,1.55
2581.84,-22.87143458612598,-43.26949400000578,2508,1782.56,0.459,0.0015,1.55
2581.84,-22.859001569774904,-43.29193429934413,2761,1782.56,0.42,0.0019,1.83
2581.9,-22.88347249931642,-43.30216835806813,2686,1782.56,0.417,0.0018,1.61
2581.9,-22.862834207827355,-43.31507750304328,2673,1782.56,0.451,0.0019,1.62
2581.9,-22.887942772304914,-43.335016025586654,2671,1782.56,0.439,0.0017,1.84
2581.9,-22.85592316671847,-43.30877386920199,2550,1782.56,0.45,0.0016,1.81
2581.9,-22.85340758185386,-43.301772407423,2908,1782.56,0.441,0.0016,1.94
2581.9,-22.87308331657023,-43.305089464569086,2507,1782.56,0.474,0.0018,1.58
2581.9,-22.885226044959932,-43.309720499147424,2864,1782.56,0.478,0.0016,1.73
2581.9,-22.86370154201032,-43.275263209670356,2993,1782.56,0.418,0.0019,1.52
2581.9,-22.8889743107615,-43.28629036608258,2949,1782.56,0.491,0.0016,1.61
2581.9,-22.889737591711263,-43.27804566482924,2993,1782.56,0.437,0.0019,1.75
2581.9,-22.888404163074107,-43.3373153549039,2505,1782.56,0.41,0.0015,1.84
2581.9,-22.869805953313453,-43.28972292657455,2792,1782.56,0.439,0.0017,1.65
2581.94,-22.886171824278932,-43.29940332776213,2855,1782.56,0.488,0.0016,1.73
2581.94,-22.858124790649356,-43.28008126775039,2511,1782.56,0.408,0.0016,1.57
2581.94,-22.85557329551781,-43.32777610369661,2726,1782.56,0.431,0.0017,1.73
2581.99,-22.878999813424073,-43.324851492304006,2863,1782.56,0.414,0.0016,1.84
2581.99,-22.857284868038086,-43.32268854135826,2850,1782.56,0.421,0.0016,1.6
2581.99,-22.874148355983735,-43.30891140765203,2741,1782.56,0.403,0.0018,1.51
2581.99,-22.863415548060487,-43.323317634222505,2705,1782.56,0.482,0.0016,1.79
2581.99,-22.863459854588292,-43.30014903832372,2783,1782.56,0.45,0.0019,1.81
2581.99,-22.856268461025326,-43.28601419506252,2661,1782.56,0.481,0.0018,1.5
2581.99,-22.863843899174302,-43.328411742592934,2850,1782.56,0.48,0.0019,1.55
2582.03,-22.893322125393574,-43.29054330329289,2988,1782.56,0.48,0.0015,1.79
2582.03,-22.874658912291945,-43.31015627454578,2888,1782.56,0.446,0.0015,1.82
2582.03,-22.863391643148574,-43.28982290627995,2530,1782.56,0.451,0.0019,1.6
2582.03,-22.870956151955397,-43.31321927936711,2890,1782.56,0.476,0.0015,1.8
2582.03,-22.85728372610451,-43.31757331912454,2506,1782.56,0.454,0.0018,1.93
2582.03,-22.861214375839822,-43.28923371270044,2516,1782.56,0.451,0.0019,1.62
2582.03,-22.88140571261693,-43.31563277652367,2822,1782.56,0.49,0.0019,1.7
2582.03,-22.885269744638116,-43.31286410873418,2573,1782.56,0.432,0.0017,1.81
2582.03,-22.878082994140353,-43.310192460343124,2832,1782.56,0.439,0.0015,1.84
2582.03,-22.862464497491782,-43.2784074908392,2977,1782.56,0.454,0.0019,1.66
2582.03,-22.863117302560145,-43.309960029963165,2649,1782.56,0.435,0.0017,1.58
2582.03,-22.882544299338996,-43.30102470888667,2705,1782.56,0.421,0.0018,1.98
2582.06,-22.858215943544252,-43.30285628166705,2703,1782.56,0.431,0.0018,1.68
2582.06,-22.882822150903383,-43.319929977033766,2831,1782.56,0.422,0.0016,1.6
2582.06,-22.889557906957364,-43.27511534523526,2859,1782.56,0.438,0.0017,1.6
2582.06,-22.882630072693864,-43.32196619291377,2538,1782.56,0.407,0.0019,1.8
2582.06,-22.863391643148574,-43.28982290627995,2830,1782.56,0.46,0.0017,1.67
2582.06,-22.85340758185386,-43.301772407423,2638,1782.56,0.491,0.0018,1.81
2582.06,-22.85023684649563,-43.298567292399085,2588,1782.56,0.438,0.0015,1.7
2582.06,-22.89796189835094,-43.329479329006716,2961,1782.56,0.415,0.0016,1.66
2582.06,-22.870440572821785,-43.29706772608022,2750,1782.56,0.481,0.0017,1.59
2582.06,-22.861256893082682,-43.32794826319142,2881,1782.56,0.474,0.0015,1.52
2582.1,-22.858468814441554,-43.287728665178946,2570,1782.56,0.431,0.0017,1.91
2582.1,-22.84903284183012,-43.300378668090225,2599,1782.56,0.46,0.0018,1.86
2582.1,-22.871209003769785,-43.305739958086846,2749,1782.56,0.436,0.0017,1.94
2582.1,-22.886969983847738,-43.30609520493499,2639,1782.56,0.454,0.0017,1.8
2582.1,-22.858152339578883,-43.331756314736744,2580,1782.56,0.488,0.0017,1.93
2582.1,-22.86711369768245,-43.29231942816386,2660,1782.56,0.435,0.0018,1.92
2582.1,-22.87758754724252,-43.277893181698815,2831,1782.56,0.402,0.0017,1.94
2582.1,-22.88291784427213,-43.279430490656594,2805,1782.56,0.433,0.0015,1.61
2582.1,-22.847079298568104,-43.29783874614938,2525,1782.56,0.475,0.0018,1.97
2582.1,-22.897828521923,-43.32076240791066,2566,1782.56,0.412,0.0018,1.89
2582.1,-22.869042075539408,-43.33246869842768,2930,1782.56,0.437,0.0018,1.68
2582.1,-22.88307532763262,-43.29773034317116,2662,1782.56,0.454,0.0017,1.6
2582.1,-22.86411762234615,-43.28076398939773,2513,1782.56,0.466,0.0019,1.7
2582.1,-22.887790193505836,-43.314164524382306,2798,1782.56,0.466,0.0017,1.73
2582.1,-22.8710839047058,-43.28359471863838,2867,1782.56,0.407,0.0016,1.62
2582.1,-22.882544299338996,-43.30102470888667,2682,1782.56,0.441,0.0016,1.87
2582.1,-22.878999813424073,-43.324851492304006,2939,1782.56,0.426,0.0016,1.95
2582.1,-22.848986959017367,-43.30908106870625,2904,1782.56,0.402,0.0019,1.86
2582.1,-22.854654876535424,-43.289472715881146,2954,1782.56,0.426,0.0015,1.87
2582.1,-22.859280335561404,-43.27687464822287,2909,1782.56,0.406,0.0018,1.94
2582.1,-22.876723085458455,-43.273922116031265,2750,1782.56,0.435,0.0015,1.69
2582.1,-22.879916050347088,-43.27329730057226,2612,1782.56,0.471,0.0015,1.82
2582.1,-22.873643934246797,-43.295536094821664,2598,1782.56,0.492,0.0017,1.75
2582.1,-22.87589257716541,-43.28796019074052,2607,1782.56,0.41,0.0019,1.59
2582.1,-22.881687513370636,-43.298275699900664,2739,1782.56,0.49,0.0015,1.93
2582.1,-22.854745499942936,-43.292818165705725,2656,1782.56,0.441,0.0016,1.5
2582.1,-22.89107709067145,-43.2828255366687,2525,1782.56,0.432,0.0018,1.56
2582.1,-22.883867251671116,-43.30251603805003,2956,1782.56,0.492,0.0017,1.51
2582.1,-22.85498734811861,-43.30331227430829,2606,1782.56,0.49,0.0015,1.63
2582.1,-22.856211768224753,-43.32841840155298,2931,1782.56,0.449,0.0015,1.66
2582.1,-22.879916050347088,-43.27329730057226,2928,1782.56,0.426,0.0018,1.53
2582.1,-22.884709899851885,-43.27213163504,2666,1782.56,0.428,0.0018,1.64
2582.1,-22.860481074323943,-43.298868714970894,2565,1782.56,0.431,0.0019,1.65
2582.1,-22.857290769753895,-43.328348659412804,2566,1782.56,0.436,0.0017,1.82
2582.1,-22.872590007618545,-43.27535563991996,2875,1782.56,0.455,0.0019,1.99
2582.13,-22.87545953618512,-43.294865125762904,2984,1782.56,0.49,0.0019,1.83
2582.13,-22.874254158307874,-43.272818042354956,2754,1782.56,0.484,0.0017,1.58
2582.13,-22.863395815787765,-43.32537639837979,2960,1782.56,0.49,0.0016,1.64
2582.13,-22.862834207827355,-43.31507750304328,2506,1782.56,0.408,0.0017,1.9
2582.13,-22.864211710200387,-43.29555600835499,2926,1782.56,0.494,0.0016,1.88
2582.13,-22.869955584691237,-43.32150101062384,2596,1782.56,0.44,0.0016,1.59
2582.13,-22.874148355983735,-43.30891140765203,2608,1782.56,0.472,0.0019,1.52
2582.13,-22.88788703352114,-43.271418990966914,2825,1782.56,0.459,0.0016,1.53
2582.13,-22.869938702555682,-43.33162323026781,2910,1782.56,0.466,0.0016,1.69
2582.13,-22.85209561925868,-43.29621764528502,2778,1782.56,0.445,0.0018,1.76
2582.13,-22.87263357888963,-43.312198126796915,2700,1782.56,0.46,0.0015,1.7
2582.14,-22.887463762016246,-43.279058954052026,2947,1782.56,0.428,0.0018,1.53
2582.14,-22.85821759881364,-43.27393164834267,2889,1782.56,0.467,0.0018,1.81
2582.14,-22.86132513843861,-43.300739072527676,2723,1782.56,0.466,0.0017,1.52
2582.14,-22.875121999585705,-43.302579846612964,2870,1782.56,0.473,0.0016,1.8
2582.14,-22.888531725301167,-43.284620857361205,2665,1782.56,0.455,0.0018,1.76
2582.14,-22.87177941225251,-43.28417908973632,2649,1782.56,0.422,0.0019,1.72
2582.14,-22.88609409087955,-43.32311508249367,2945,1782.56,0.496,0.0019,1.87
2582.15,-22.89656803123219,-43.28051317443747,2651,1782.56,0.491,0.0018,1.93
2582.15,-22.882295866927176,-43.32450889376895,2951,1782.56,0.415,0.0015,1.96
2582.15,-22.85498734811861,-43.30331227430829,2979,1782.56,0.451,0.0018,1.9
2582.15,-22.886789936011343,-43.31585082403175,2791,1782.56,0.458,0.0015,1.84
2582.15,-22.874937783792504,-43.31494440611707,2602,1782.56,0.441,0.0016,1.73
2582.15,-22.875658493568537,-43.27778648299565,2735,1782.56,0.452,0.0015,1.93
2582.15,-22.86961225052659,-43.273621960841055,2792,1782.56,0.452,0.0017,1.72
2582.15,-22.888648404701044,-43.2887463267185,2669,1782.56,0.499,0.0018,1.71
2582.15,-22.866032073756877,-43.338131873315504,2707,1782.56,0.497,0.0018,1.69
2582.15,-22.88520284739984,-43.304851073840815,2877,1782.56,0.493,0.0019,1.96
2582.15,-22.882162080687223,-43.31894566364465,2641,1782.56,0.496,0.0017,1.57
2582.15,-22.86949389367307,-43.289631791960566,2973,1782.56,0.494,0.0016,1.97
2582.15,-22.864911194900778,-43.31963596032144,2775,1782.56,0.485,0.0015,1.8
2582.15,-22.875992561398327,-43.29201624175736,2645,1782.56,0.46,0.0019,1.54
2582.15,-22.886843205699535,-43.302088601823655,2654,1782.56,0.451,0.0015,1.94
2582.15,-22.880560041804536,-43.29814507974918,2666,1782.56,0.422,0.0017,1.87
2582.15,-22.87308331657023,-43.305089464569086,2591,1782.56,0.412,0.0017,1.83
2582.15,-22.89465966178841,-43.2903759655431,2577,1782.56,0.473,0.0019,1.57
2582.15,-22.882739662015414,-43.27436970845517,2647,1782.56,0.42,0.0015,1.52
2582.15,-22.87143458612598,-43.26949400000578,2786,1782.56,0.469,0.0018,1.93
2582.15,-22.87149261884739,-43.305730370011695,2727,1782.56,0.489,0.0017,1.59
2582.15,-22.889737591711263,-43.27804566482924,2806,1782.56,0.473,0.0019,1.7
2582.15,-22.86283564347404,-43.29347467771211,2987,1782.56,0.46,0.0019,1.98
2582.15,-22.868027495114074,-43.27200289825699,2807,1782.56,0.428,0.0018,1.77
2582.15,-22.870440572821785,-43.29706772608022,2763,1782.56,0.437,0.0018,1.7
2582.19,-22.849463791266736,-43.299533807688285,2696,1782.56,0.43,0.0016,1.66
2582.19,-22.85468622919643,-43.31348299559518,2566,1782.56,0.467,0.0019,1.76
2582.22,-22.852221122571265,-43.302809078039104,2771,1782.56,0.499,0.0019,1.51
2582.22,-22.855454774937616,-43.33103974650509,2651,1782.56,0.406,0.0019,1.51
2582.22,-22.858124790649356,-43.28008126775039,2945,1782.56,0.41,0.0016,1.63
2582.22,-22.877188204111565,-43.31684001468224,2527,1782.56,0.403,0.0018,1.53
2582.22,-22.86575303264837,-43.31310777055796,2752,1782.56,0.475,0.0016,1.98
2582.22,-22.890302059000735,-43.32757993315172,2937,1782.56,0.47,0.0018,1.96
2582.22,-22.87247873307881,-43.277549008332294,2722,1782.56,0.446,0.0015,1.59
2582.22,-22.87618256645411,-43.30423725012878,2580,1782.56,0.4,0.0015,1.76
2582.22,-22.86741089713757,-43.31583023259235,2851,1782.56,0.441,0.0016,1.54
2582.22,-22.877831132106472,-43.31106834331362,2701,1782.56,0.472,0.0017,1.94
2582.22,-22.895958184072008,-43.329875786471284,2671,1782.56,0.474,0.0017,1.67
2582.22,-22.867230008683155,-43.2898652432337,2644,1782.56,0.488,0.0019,1.69
2582.22,-22.885084361492257,-43.28521909640368,2763,1782.56,0.49,0.0017,1.63
2582.22,-22.875515460916926,-43.31069020128653,2684,1782.56,0.442,0.0018,1.5
2582.22,-22.889317434161647,-43.2726372572297,2563,1782.56,0.406,0.0018,1.54
2582.22,-22.8584415454567,-43.30047382902333,2770,1782.56,0.42,0.0018,1.58
2582.22,-22.85404247869069,-43.29621015021172,2563,1782.56,0.464,0.0015,1.71
2582.23,-22.870440572821785,-43.29706772608022,2560,1782.56,0.492,0.0019,1.74
2582.23,-22.859725542708905,-43.2808886018145,2547,1782.56,0.44,0.0019,1.98
2582.23,-22.875658493568537,-43.27778648299565,2680,1782.56,0.448,0.0015,1.74
2582.23,-22.877188204111565,-43.31684001468224,2792,1782.56,0.449,0.0018,1.68
2582.23,-22.86411762234615,-43.28076398939773,2774,1782.56,0.441,0.0016,1.81
2582.23,-22.881988610968897,-43.3256408177475,2562,1782.56,0.434,0.0016,1.65
2582.23,-22.896652938121445,-43.287712982795526,2507,1782.56,0.409,0.0018,1.73
2582.23,-22.85557329551781,-43.32777610369661,2525,1782.56,0.446,0.0018,1.55
2582.23,-22.84903284183012,-43.300378668090225,2592,1782.56,0.421,0.0019,1.81
2582.23,-22.876915571808613,-43.29389117666397,2842,1782.56,0.415,0.0015,1.55
2582.23,-22.86692805315821,-43.275210747940264,2919,1782.56,0.48,0.0017,1.51
2582.23,-22.87589257716541,-43.28796019074052,2600,1782.56,0.451,0.0019,1.86
2582.26,-22.84947814309329,-43.298027643961824,2761,1782.56,0.405,0.0016,1.59
2582.26,-22.87859339716551,-43.286876010892534,2501,1782.56,0.427,0.0015,1.86
2582.26,-22.859001569774904,-43.29193429934413,2597,1782.56,0.444,0.0019,1.71
2582.26,-22.859443527293752,-43.313754846042464,2937,1782.56,0.492,0.0017,1.86
2582.26,-22.8580219822232,-43.32874338434754,2685,1782.56,0.408,0.0016,1.92
2582.26,-22.889858924555448,-43.32333760286029,2850,1782.56,0.484,0.0018,1.55
2582.26,-22.889557906957364,-43.27511534523526,2828,1782.56,0.468,0.0015,1.78
2582.26,-22.86143205741137,-43.3229601040728,2990,1782.56,0.425,0.0017,1.99
2582.26,-22.87669317578605,-43.291644222597775,2540,1782.56,0.408,0.0017,1.62
2582.26,-22.858077548881493,-43.2752935821443,2781,1782.56,0.453,0.0016,1.65
2582.27,-22.852756897456484,-43.310038421031464,2983,1782.56,0.416,0.0016,1.85
2582.27,-22.870064152026032,-43.332426309660676,2987,1782.56,0.496,0.0016,1.89
2582.27,-22.875992561398327,-43.29201624175736,2616,1782.56,0.477,0.0017,1.9
2582.27,-22.88864127331701,-43.293615823968004,2732,1782.56,0.451,0.0019,1.84
2582.27,-22.871285051555724,-43.30257291231742,2508,1782.56,0.436,0.0016,1.77
2582.27,-22.889737591711263,-43.27804566482924,2509,1782.56,0.462,0.0017,1.65
2582.27,-22.878999813424073,-43.324851492304006,2998,1782.56,0.451,0.0015,1.91
2582.27,-22.894525850349083,-43.281279503578794,2694,1782.56,0.465,0.0019,1.7
2582.27,-22.86575303264837,-43.31310777055796,2822,1782.56,0.44,0.0016,1.53
2582.29,-22.878999813424073,-43.324851492304006,2752,1782.56,0.465,0.0018,1.98
2582.29,-22.893196891260317,-43.31705142493954,2959,1782.56,0.489,0.0017,1.54
2582.29,-22.896654692875437,-43.28478563615814,2794,1782.56,0.485,0.0017,1.97
2582.29,-22.888342059087126,-43.29880050477733,2979,1782.56,0.424,0.0016,1.77
2582.29,-22.85666281988155,-43.32044612425553,2930,1782.56,0.469,0.0017,1.9
2582.29,-22.893061988077097,-43.27244154222657,2924,1782.56,0.49,0.0016,1.9
2582.29,-22.872590007618545,-43.27535563991996,2706,1782.56,0.451,0.0015,1.8
2582.29,-22.88150700142016,-43.27882017150691,2694,1782.56,0.425,0.0017,1.62
2582.29,-22.883574977580775,-43.33156741874061,2523,1782.56,0.496,0.0016,1.84
2582.29,-22.889557906957364,-43.27511534523526,2999,1782.56,0.421,0.0015,1.6
2582.29,-22.861710046858633,-43.278467531094556,2964,1782.56,0.436,0.0019,1.7
2582.29,-22.847288088171606,-43.295177229050445,2626,1782.56,0.437,0.0018,1.91
2582.29,-22.871209003769785,-43.305739958086846,2923,1782.56,0.496,0.0019,1.88
2582.29,-22.863985115090834,-43.321749567625446,2810,1782.56,0.474,0.0015,1.53
2582.31,-22.881468185623927,-43.294994976890806,2859,1782.56,0.44,0.0018,1.77
2582.31,-22.859001569774904,-43.29193429934413,2925,1782.56,0.436,0.0019,1.82
2582.31,-22.863888243428022,-43.28576933991444,2814,1782.56,0.472,0.0018,1.87
2582.31,-22.85752838383372,-43.320576888305446,2520,1782.56,0.431,0.0015,1.7
2582.31,-22.88472486045064,-43.29643285206332,2503,1782.56,0.4,0.0018,1.5
2582.31,-22.865391656096406,-43.29681388799275,2617,1782.56,0.423,0.0018,1.51
2582.31,-22.877127088132532,-43.313636642888476,2539,1782.56,0.423,0.0019,1.54
2582.33,-22.875881152367807,-43.27437786519449,2676,1782.56,0.401,0.0016,1.78
2582.33,-22.854665711887623,-43.302775734018006,2749,1782.56,0.437,0.0019,1.88
2582.33,-22.870061319264384,-43.33215504327575,2769,1782.56,0.492,0.0017,1.86
2582.33,-22.87247873307881,-43.277549008332294,2773,1782.56,0.489,0.0019,1.9
2582.33,-22.88742514405326,-43.27609989812992,2760,1782.56,0.426,0.0018,1.74
2582.33,-22.886843205699535,-43.302088601823655,2566,1782.56,0.49,0.0019,1.71
2582.33,-22.870956151955397,-43.31321927936711,2588,1782.56,0.478,0.0016,1.88
2582.33,-22.862925238004607,-43.326410115360275,2560,1782.56,0.444,0.0016,1.59
2582.33,-22.87358421777799,-43.317387793603004,2797,1782.56,0.461,0.0016,1.56
2582.33,-22.866295959582743,-43.270612328064914,2606,1782.56,0.418,0.0015,1.91
2582.33,-22.897828521923,-43.32076240791066,2870,1782.56,0.404,0.0017,1.88
2582.34,-22.88150700142016,-43.27882017150691,2883,1782.56,0.429,0.0015,1.53
2582.34,-22.86957388783563,-43.31016904625865,2504,1782.56,0.497,0.0016,1.91
2582.34,-22.863888243428022,-43.28576933991444,2981,1782.56,0.471,0.0015,1.96
2582.34,-22.8593406230216,-43.30664764460924,2564,1782.56,0.481,0.0018,1.95
2582.34,-22.872518736807113,-43.322314380754484,2978,1782.56,0.455,0.0019,1.81
2582.34,-22.873148189917117,-43.31526484181589,2672,1782.56,0.414,0.0016,1.64
2582.34,-22.869805953313453,-43.28972292657455,2846,1782.56,0.412,0.0018,1.61
2582.34,-22.89796189835094,-43.329479329006716,2614,1782.56,0.474,0.0015,1.99
2582.34,-22.884318598970744,-43.32780626507122,2616,1782.56,0.426,0.0016,1.6
2582.34,-22.88788703352114,-43.271418990966914,2794,1782.56,0.448,0.0017,1.84
2582.34,-22.882986765816558,-43.32365032257002,2832,1782.56,0.488,0.0016,1.75
2582.34,-22.86957388783563,-43.31016904625865,2648,1782.56,0.486,0.0016,1.65
2582.34,-22.858351274875947,-43.296744959698415,2724,1782.56,0.448,0.0016,1.61
2582.34,-22.888114719854006,-43.29496886083367,2646,1782.56,0.44,0.0015,1.89
2582.39,-22.863415548060487,-43.323317634222505,2762,1782.56,0.41,0.0018,1.6
2582.39,-22.86340826042182,-43.31149043301849,2896,1782.56,0.487,0.0015,1.73
2582.39,-22.880560041804536,-43.29814507974918,2741,1782.56,0.425,0.0019,1.97
2582.39,-22.881824405437325,-43.276966894965064,2754,1782.56,0.45,0.0019,1.64
2582.39,-22.869793334924008,-43.293918449790546,2996,1782.56,0.431,0.0015,1.76
2582.39,-22.880560041804536,-43.29814507974918,2877,1782.56,0.443,0.0018,1.55
2582.39,-22.891604418991513,-43.32057109748399,2676,1782.56,0.436,0.0018,1.59
2582.39,-22.85468622919643,-43.31348299559518,2945,1782.56,0.47,0.0019,1.51
2582.39,-22.89365822630807,-43.326354297839345,2956,1782.56,0.445,0.0019,1.67
2582.4,-22.855536186537016,-43.289990506140114,2977,1782.56,0.479,0.0019,1.77
2582.4,-22.892895319049963,-43.316131804558516,2815,1782.56,0.454,0.0016,1.83
2582.4,-22.8750334597687,-43.29253179376653,2574,1782.56,0.452,0.0016,1.89
2582.4,-22.874743318166633,-43.31929686313053,2752,1782.56,0.451,0.0017,1.71
2582.4,-22.86283564347404,-43.29347467771211,2502,1782.56,0.463,0.0017,1.62
2582.4,-22.87177941225251,-43.28417908973632,2536,1782.56,0.46,0.0019,1.7
2582.4,-22.87618256645411,-43.30423725012878,2885,1782.56,0.476,0.0015,1.83
2582.4,-22.866295959582743,-43.270612328064914,2799,1782.56,0.499,0.0019,1.89
2582.4,-22.881687513370636,-43.298275699900664,2669,1782.56,0.418,0.0017,1.57
2582.4,-22.862695092709878,-43.31100679155802,2598,1782.56,0.462,0.0019,1.6
2582.42,-22.86404647579271,-43.29436203736227,2977,1782.56,0.479,0.0017,1.74
2582.42,-22.882295866927176,-43.32450889376895,2839,1782.56,0.481,0.0015,1.73
2582.42,-22.868163405105054,-43.311604199720115,2704,1782.56,0.489,0.0018,1.76
2582.42,-22.85830737465635,-43.32041805722513,2880,1782.56,0.492,0.0017,1.71
2582.42,-22.879822104591387,-43.325467931915405,2768,1782.56,0.445,0.0016,1.77
2582.42,-22.882544299338996,-43.30102470888667,2510,1782.56,0.443,0.0018,1.9
2582.42,-22.85203244933537,-43.292673874031166,2830,1782.56,0.452,0.0015,1.63
2582.42,-22.856733691680848,-43.31181063497515,2797,1782.56,0.449,0.0019,1.89
2582.42,-22.887985146995945,-43.281412996317925,2777,1782.56,0.454,0.0019,1.98
2582.44,-22.88503249841015,-43.324318816889715,2603,1782.56,0.441,0.0015,1.55
2582.44,-22.874749136095733,-43.280831642689,2682,1782.56,0.45,0.0017,1.52
2582.44,-22.856454885914935,-43.28119881115064,2858,1782.56,0.481,0.0016,1.7
2582.44,-22.85203244933537,-43.292673874031166,2590,1782.56,0.486,0.0018,1.87
2582.44,-22.886989975572032,-43.32263336577382,2941,1782.56,0.454,0.0015,1.75
2582.49,-22.860754225324428,-43.280699409222365,2752,1782.56,0.467,0.0016,1.76
2582.49,-22.875992561398327,-43.29201624175736,2829,1782.56,0.411,0.0017,1.76
2582.49,-22.869955584691237,-43.32150101062384,2699,1782.56,0.435,0.0015,1.64
2582.49,-22.8889743107615,-43.28629036608258,2791,1782.56,0.411,0.0017,1.98
2582.49,-22.88427167832591,-43.32092673906297,2633,1782.56,0.475,0.0019,1.94
2582.49,-22.8749931650182,-43.30265604007292,2635,1782.56,0.454,0.0019,1.69
2582.49,-22.88789896745282,-43.321186846750706,2876,1782.56,0.469,0.0019,1.85
2582.5,-22.87589257716541,-43.28796019074052,2523,1782.56,0.487,0.0018,1.83
2582.5,-22.856733691680848,-43.31181063497515,2538,1782.56,0.405,0.0018,1.65
2582.5,-22.89213563769979,-43.31453725797905,2991,1782.56,0.495,0.0019,1.51
2582.5,-22.89107709067145,-43.2828255366687,2839,1782.56,0.476,0.0019,1.7
2582.5,-22.888970419873544,-43.276900447868826,2738,1782.56,0.466,0.0017,1.66
2582.5,-22.89213563769979,-43.31453725797905,2827,1782.56,0.411,0.0018,1.73
2582.5,-22.86206484465799,-43.29854747951345,2851,1782.56,0.41,0.0017,1.84
2582.5,-22.85752838383372,-43.320576888305446,2554,1782.56,0.438,0.0015,1.85
2582.5,-22.89465966178841,-43.2903759655431,2761,1782.56,0.492,0.0018,1.56
2582.5,-22.892895319049963,-43.316131804558516,2634,1782.56,0.403,0.0015,1.74
2582.5,-22.889737591711263,-43.27804566482924,2720,1782.56,0.413,0.0016,1.66
2582.5,-22.859712993290554,-43.28772006955427,2555,1782.56,0.461,0.0017,1.5
2582.5,-22.855767338153527,-43.3260065586982,2590,1782.56,0.468,0.0017,1.8
2582.5,-22.887776573581203,-43.28318743141474,2970,1782.56,0.406,0.0016,1.61
2582.5,-22.88467040718113,-43.322932403912745,2604,1782.56,0.429,0.0019,1.63
2582.5,-22.861630139363438,-43.31338349982406,2619,1782.56,0.413,0.0019,1.54
2582.5,-22.865391656096406,-43.29681388799275,2896,1782.56,0.475,0.0016,1.69
2582.5,-22.886969983847738,-43.30609520493499,2760,1782.56,0.42,0.0018,1.82
2582.57,-22.861399187668834,-43.2926565648536,2981,1782.56,0.475,0.0016,1.57
2582.57,-22.88520284739984,-43.304851073840815,2773,1782.56,0.45,0.0019,1.64
2582.57,-22.87908092616878,-43.31852261625576,2619,1782.56,0.406,0.0016,1.93
2582.57,-22.891089403246085,-43.3167834405611,2920,1782.56,0.44,0.0018,1.95
2582.57,-22.8776379226127,-43.306554287574436,2647,1782.56,0.434,0.0018,1.61
2582.57,-22.87824414614546,-43.32473055741454,2959,1782.56,0.453,0.0018,1.55
2582.59,-22.89107709067145,-43.2828255366687,2570,1782.56,0.447,0.0017,1.7
2582.59,-22.88609409087955,-43.32311508249367,2924,1782.56,0.433,0.0019,1.73
2582.59,-22.859280335561404,-43.27687464822287,2667,1782.56,0.464,0.0017,1.91
2582.59,-22.862053710723547,-43.292986026270945,2721,1782.56,0.472,0.0017,1.93
2582.59,-22.863888243428022,-43.28576933991444,2720,1782.56,0.446,0.0016,1.96
2582.59,-22.858351274875947,-43.296744959698415,2983,1782.56,0.41,0.0019,1.61
2582.59,-22.87263357888963,-43.312198126796915,2873,1782.56,0.486,0.0016,1.94
2582.59,-22.865621616791085,-43.301637713141396,2523,1782.56,0.488,0.0018,1.76
2582.6,-22.857290769753895,-43.328348659412804,2709,1782.56,0.431,0.0017,1.9
2582.6,-22.887790193505836,-43.314164524382306,2816,1782.56,0.4,0.0017,1.57
2582.6,-22.854654876535424,-43.289472715881146,2871,1782.56,0.42,0.0018,1.78
2582.6,-22.894539834845414,-43.31941796101164,2966,1782.56,0.431,0.0015,1.65
2582.6,-22.88294978703814,-43.282994904792325,2605,1782.56,0.489,0.0018,1.52
2582.6,-22.86711369768245,-43.29231942816386,2846,1782.56,0.45,0.0019,1.62
2582.6,-22.856879651215213,-43.318851619904024,2906,1782.56,0.462,0.0017,1.61
2582.6,-22.848986959017367,-43.30908106870625,2624,1782.56,0.488,0.0017,1.91
2582.6,-22.871719493758746,-43.27828847121003,2764,1782.56,0.476,0.0019,1.86
2582.6,-22.8913494561635,-43.2811121526979,2608,1782.56,0.487,0.0019,1.62
2582.6,-22.888925165061927,-43.331746474485364,2937,1782.56,0.411,0.0018,1.76
2582.6,-22.889317434161647,-43.2726372572297,2644,1782.56,0.429,0.0015,1.72
2582.6,-22.862626385621034,-43.3132932690294,2790,1782.56,0.448,0.0019,1.63
2582.6,-22.895007079686994,-43.32139147487483,2929,1782.56,0.435,0.0017,1.69
2582.6,-22.850737790702134,-43.31314228510718,2890,1782.56,0.423,0.0017,1.51
2582.67,-22.870385783458357,-43.292127689221395,2826,1782.56,0.442,0.0016,1.82
2582.67,-22.861018318152656,-43.321304264919114,2992,1782.56,0.477,0.0015,1.61
2582.67,-22.85256517288689,-43.30131585570806,2640,1782.56,0.422,0.0015,1.8
2582.67,-22.856454885914935,-43.28119881115064,2598,1782.56,0.475,0.0018,1.76
2582.67,-22.87027709556658,-43.32066505001392,2551,1782.56,0.462,0.0015,1.57
2582.67,-22.86178952014623,-43.307313325016665,2597,1782.56,0.429,0.0017,1.89
2582.67,-22.869805953313453,-43.28972292657455,2909,1782.56,0.482,0.0015,1.8
2582.67,-22.855767338153527,-43.3260065586982,2605,1782.56,0.428,0.0019,1.54
2582.69,-22.869042075539408,-43.33246869842768,2575,1782.56,0.45,0.0015,1.95
2582.69,-22.858468814441554,-43.287728665178946,2716,1782.56,0.455,0.0015,1.74
2582.69,-22.889578146447786,-43.331262264623696,2544,1782.56,0.413,0.0017,1.78
2582.69,-22.886016004221272,-43.27209761929771,2779,1782.56,0.438,0.0017,1.67
2582.69,-22.876915571808613,-43.29389117666397,2594,1782.56,0.495,0.0019,1.57
2582.69,-22.860754225324428,-43.280699409222365,2532,1782.56,0.48,0.0017,1.78
2582.69,-22.861710046858633,-43.278467531094556,2637,1782.56,0.416,0.0015,1.62
2582.69,-22.87545953618512,-43.294865125762904,2849,1782.56,0.45,0.0019,1.6
2582.69,-22.8579311397991,-43.32575380126112,2573,1782.56,0.481,0.0016,1.98
2582.69,-22.861914604835324,-43.305383062241894,2899,1782.56,0.408,0.0016,1.86
2582.69,-22.89288154320739,-43.286883687835434,2981,1782.56,0.445,0.0019,1.51
2582.69,-22.866156674570156,-43.270982692369834,2928,1782.56,0.42,0.0019,1.85
2582.69,-22.857526261962377,-43.273044637111475,2865,1782.56,0.499,0.0019,1.51
2582.69,-22.89213563769979,-43.31453725797905,2641,1782.56,0.401,0.0016,1.83
2582.7,-22.88733155941451,-43.26987308282541,2973,1782.56,0.465,0.0018,1.92
2582.7,-22.87308331657023,-43.305089464569086,2910,1782.56,0.441,0.0017,1.93
2582.7,-22.848748598421476,-43.30315598662101,2819,1782.56,0.499,0.0019,1.8
2582.7,-22.875231775363595,-43.27410490241185,2864,1782.56,0.401,0.0019,1.88
2582.7,-22.861914604835324,-43.305383062241894,2701,1782.56,0.44,0.0015,1.74
2582.7,-22.89055249713112,-43.280109026183055,2780,1782.56,0.422,0.0018,1.73
2582.7,-22.894054080357296,-43.322548986091206,2989,1782.56,0.435,0.0017,1.81
2582.7,-22.859725542708905,-43.2808886018145,2843,1782.56,0.485,0.0017,1.57
2582.7,-22.866295959582743,-43.270612328064914,2549,1782.56,0.457,0.0015,1.83
2582.7,-22.874937783792504,-43.31494440611707,2500,1782.56,0.497,0.0017,1.64
2582.7,-22.88520284739984,-43.304851073840815,2896,1782.56,0.482,0.0017,1.81
2582.7,-22.89021611070215,-43.328895411526545,2921,1782.56,0.463,0.0017,1.65
2582.7,-22.864113655054116,-43.29430874501928,2537,1782.56,0.426,0.0018,1.72
2582.7,-22.858215943544252,-43.30285628166705,2834,1782.56,0.49,0.0019,1.62
2582.7,-22.88864127331701,-43.293615823968004,2520,1782.56,0.416,0.0016,1.51
2582.73,-22.894448313775243,-43.32140260734481,2816,1782.56,0.447,0.0018,1.71
2582.73,-22.88931882485539,-43.28966428164412,2916,1782.56,0.413,0.0016,1.74
2582.73,-22.862053710723547,-43.292986026270945,2858,1782.56,0.426,0.0016,1.98
2582.73,-22.86144821698873,-43.32954653473449,2961,1782.56,0.489,0.0016,1.91
2582.73,-22.889932522081118,-43.281518820240066,2903,1782.56,0.443,0.0019,1.65
2582.73,-22.8747783615419,-43.27590700942373,2708,1782.56,0.449,0.0019,1.81
2582.89,-22.859725542708905,-43.2808886018145,2662,1782.56,0.418,0.0019,1.67
2582.89,-22.88419073958569,-43.307955209458136,2684,1782.56,0.499,0.0017,1.63
2582.89,-22.86132513843861,-43.300739072527676,2736,1782.56,0.489,0.0017,1.95
2582.89,-22.874419027380306,-43.28372126720013,2738,1782.56,0.424,0.0018,1.58
2582.89,-22.871209003769785,-43.305739958086846,2754,1782.56,0.474,0.0019,1.68
2582.9,-22.866032073756877,-43.338131873315504,2684,1782.56,0.457,0.0017,1.77
2582.9,-22.847079298568104,-43.29783874614938,2582,1782.56,0.496,0.0018,1.7
2582.9,-22.88788703352114,-43.271418990966914,2650,1782.56,0.405,0.0015,1.8
2582.9,-22.882162080687223,-43.31894566364465,2529,1782.56,0.495,0.0019,1.58
2582.9,-22.884318598970744,-43.32780626507122,2610,1782.56,0.402,0.0015,1.96
2582.9,-22.852551776113255,-43.311440720736606,2592,1782.56,0.413,0.0015,1.69
2582.92,-22.881649035667248,-43.32184270828055,2532,1782.56,0.435,0.0016,1.53
2582.92,-22.861349365426673,-43.305214149060646,2742,1782.56,0.402,0.0018,1.82
2583.0,-22.857152785021295,-43.28769390181108,2838,1782.56,0.443,0.0019,1.89
2583.0,-22.87859339716551,-43.286876010892534,2871,1782.56,0.478,0.0018,1.8
2583.0,-22.870092504796666,-43.29135775802206,2692,1782.56,0.425,0.0017,1.68
2583.0,-22.859443527293752,-43.313754846042464,2795,1782.56,0.488,0.0018,1.9
2583.0,-22.871134197001645,-43.3324209229417,2995,1782.56,0.482,0.0016,1.9
2583.0,-22.86961225052659,-43.273621960841055,2992,1782.56,0.409,0.0018,1.66
2583.0,-22.87177941225251,-43.28417908973632,2565,1782.56,0.467,0.0017,1.79
2583.0,-22.887435727179092,-43.27038733570493,2659,1782.56,0.441,0.0017,1.68
2583.04,-22.864113655054116,-43.29430874501928,2638,1782.56,0.454,0.0019,1.63
2583.04,-22.884215047491185,-43.286962960829634,2871,1782.56,0.49,0.0017,1.66
2583.04,-22.86540222513423,-43.27693918854471,2902,1782.56,0.424,0.0015,1.9
2583.04,-22.87223476720097,-43.29336171521947,2803,1782.56,0.494,0.0017,1.53
2583.04,-22.871406185960076,-43.30176403728605,2705,1782.56,0.419,0.0015,1.55
2583.04,-22.857526261962377,-43.273044637111475,2610,1782.56,0.438,0.0016,1.82
2583.04,-22.874749136095733,-43.280831642689,2810,1782.56,0.443,0.0019,1.67
2583.04,-22.895008198056836,-43.33039785933877,2580,1782.56,0.461,0.0019,1.68
2583.04,-22.883374036979877,-43.328317281821505,2532,1782.56,0.415,0.0019,1.83
2583.05,-22.8913494561635,-43.2811121526979,2914,1782.56,0.43,0.0016,1.96
2583.05,-22.863395815787765,-43.32537639837979,2622,1782.56,0.412,0.0019,1.62
2583.05,-22.89200693751013,-43.278113608716396,2804,1782.56,0.401,0.0015,1.63
2583.05,-22.882162080687223,-43.31894566364465,2660,1782.56,0.452,0.0016,1.5
2583.05,-22.882295866927176,-43.32450889376895,2828,1782.56,0.455,0.0016,1.79
2583.05,-22.863843899174302,-43.328411742592934,2963,1782.56,0.403,0.0017,1.89
2583.05,-22.858356114030986,-43.31224354083034,2811,1782.56,0.495,0.0018,1.53
2583.05,-22.889858924555448,-43.32333760286029,2731,1782.56,0.42,0.0015,1.86
2583.05,-22.881687513370636,-43.298275699900664,2884,1782.56,0.469,0.0015,1.62
2583.05,-22.89452471477547,-43.29205209489,2542,1782.56,0.477,0.0016,1.92
2583.05,-22.866245903957182,-43.32830163502488,2644,1782.56,0.416,0.0018,1.65
2583.05,-22.84903284183012,-43.300378668090225,2986,1782.56,0.42,0.0019,1.84
2583.1,-22.84947814309329,-43.298027643961824,2612,1782.56,0.434,0.0019,1.97
2583.1,-22.889578146447786,-43.331262264623696,2963,1782.56,0.455,0.0018,1.94
2583.1,-22.89412830948375,-43.27630798894939,2968,1782.56,0.436,0.0017,1.71
2583.1,-22.885270044065155,-43.31713716374416,2834,1782.56,0.453,0.0018,1.58
2583.1,-22.86411762234615,-43.28076398939773,2578,1782.56,0.458,0.0019,1.57
2583.1,-22.885269744638116,-43.31286410873418,2924,1782.56,0.408,0.0018,1.58
2583.1,-22.874879843682866,-43.312921041067106,2547,1782.56,0.429,0.0018,1.77
2583.1,-22.86631276821089,-43.2952438805941,2787,1782.56,0.494,0.0018,1.74
2583.11,-22.879822104591387,-43.325467931915405,2550,1782.56,0.431,0.0016,1.57
2583.11,-22.886969983847738,-43.30609520493499,2854,1782.56,0.479,0.0016,1.84
2583.11,-22.896654692875437,-43.28478563615814,2603,1782.56,0.482,0.0019,1.93
2583.11,-22.875231775363595,-43.27410490241185,2629,1782.56,0.453,0.0019,1.76
2583.11,-22.883867251671116,-43.30251603805003,2880,1782.56,0.402,0.0019,1.74
2583.11,-22.862088842466637,-43.27367873862249,2975,1782.56,0.418,0.0019,1.75
2583.11,-22.888648404701044,-43.2887463267185,2801,1782.56,0.495,0.0015,1.93
2583.11,-22.883374036979877,-43.328317281821505,2503,1782.56,0.424,0.0018,1.62
2583.11,-22.86957388783563,-43.31016904625865,2865,1782.56,0.403,0.0017,1.66
2583.12,-22.864249254248662,-43.32248206560194,2896,1782.56,0.408,0.0015,1.53
2583.12,-22.858124790649356,-43.28008126775039,2650,1782.56,0.434,0.0019,1.93
2583.12,-22.858555044831977,-43.314251573352315,2942,1782.56,0.455,0.0015,1.53
2583.12,-22.872590007618545,-43.27535563991996,2815,1782.56,0.475,0.0017,1.53
2583.12,-22.875515460916926,-43.31069020128653,2988,1782.56,0.475,0.0019,1.65
2583.12,-22.867458399570957,-43.268782955277885,2501,1782.56,0.464,0.0017,1.68
2583.12,-22.888925165061927,-43.331746474485364,2516,1782.56,0.484,0.0019,1.63
2583.12,-22.861914604835324,-43.305383062241894,2768,1782.56,0.481,0.0017,1.58
2583.12,-22.85752838383372,-43.320576888305446,2588,1782.56,0.457,0.0015,1.94
2583.15,-22.871213697020938,-43.306677884270364,2706,1782.56,0.466,0.0019,1.95
2583.15,-22.87071304085338,-43.289401165594995,2991,1782.56,0.464,0.0017,1.59
2583.15,-22.89912367879457,-43.2891889620023,2519,1782.56,0.434,0.0017,1.91
2583.15,-22.871213697020938,-43.306677884270364,2658,1782.56,0.494,0.0018,1.57
2583.15,-22.85468622919643,-43.31348299559518,2849,1782.56,0.43,0.0016,1.57
2583.15,-22.871719493758746,-43.27828847121003,2507,1782.56,0.451,0.0019,1.98
2583.15,-22.87308331657023,-43.305089464569086,2664,1782.56,0.447,0.0016,1.52
2583.15,-22.88609409087955,-43.32311508249367,2702,1782.56,0.444,0.0018,1.96
2583.15,-22.867920753613166,-43.32942070047525,2799,1782.56,0.457,0.0015,1.59
2583.19,-22.884215047491185,-43.286962960829634,2691,1782.56,0.495,0.0015,1.9
2583.19,-22.89349781095011,-43.27513011000819,2737,1782.56,0.45,0.0017,1.93
2583.19,-22.8889743107615,-43.28629036608258,2965,1782.56,0.442,0.0019,1.53
2583.19,-22.886969983847738,-43.30609520493499,2528,1782.56,0.457,0.0017,1.75
2583.19,-22.894525850349083,-43.281279503578794,2762,1782.56,0.433,0.0017,1.75
2583.19,-22.86961225052659,-43.273621960841055,2759,1782.56,0.428,0.0017,1.9
2583.19,-22.877044057031124,-43.32585217379867,2750,1782.56,0.431,0.0015,1.61
2583.19,-22.848589623892043,-43.299859478608504,2794,1782.56,0.499,0.0016,1.7
2583.19,-22.856733691680848,-43.31181063497515,2636,1782.56,0.435,0.0019,1.65
2583.28,-22.870092504796666,-43.29135775802206,2588,1782.56,0.481,0.0017,1.89
2583.28,-22.87015350840377,-43.31876750576074,2960,1782.56,0.472,0.0017,1.55
2583.28,-22.86930710621118,-43.28819467148683,2816,1782.56,0.496,0.0019,1.99
2583.28,-22.862757124028064,-43.283703794161326,2574,1782.56,0.408,0.0016,1.77
2583.28,-22.872231186627943,-43.33368539327478,2528,1782.56,0.472,0.0015,1.5
2583.28,-22.85203244933537,-43.292673874031166,2892,1782.56,0.491,0.0017,1.94
2583.28,-22.852607422648404,-43.298626277056655,2604,1782.56,0.438,0.0015,1.58
2583.3,-22.877044057031124,-43.32585217379867,2843,1782.56,0.423,0.0016,1.64
2583.3,-22.869300268927798,-43.332347474286664,2890,1782.56,0.442,0.0015,1.88
2583.3,-22.886016004221272,-43.27209761929771,2615,1782.56,0.434,0.0018,1.93
2583.3,-22.890302059000735,-43.32757993315172,2783,1782.56,0.482,0.0017,1.7
2583.3,-22.883044621550756,-43.27253070149058,2886,1782.56,0.437,0.0019,1.8
2583.3,-22.875658493568537,-43.27778648299565,2803,1782.56,0.448,0.0019,1.89
2583.3,-22.861018318152656,-43.321304264919114,2719,1782.56,0.49,0.0015,1.73
2583.3,-22.868433559223956,-43.291280473480036,2867,1782.56,0.488,0.0018,1.97
2583.3,-22.870064152026032,-43.332426309660676,2930,1782.56,0.431,0.0019,1.68
2583.3,-22.88419594579328,-43.28506952767958,2838,1782.56,0.471,0.0016,1.92
2583.3,-22.888925165061927,-43.331746474485364,2695,1782.56,0.484,0.0018,1.76
2583.3,-22.86540222513423,-43.27693918854471,2703,1782.56,0.402,0.0018,1.76
2583.3,-22.875085854289406,-43.31276047115411,2628,1782.56,0.415,0.0019,1.64
2583.3,-22.872639053563336,-43.3191439334825,2829,1782.56,0.464,0.0018,1.86
2583.3,-22.869733404200566,-43.281761550640105,2781,1782.56,0.441,0.0018,1.87
2583.3,-22.88589617068067,-43.28669426317693,2761,1782.56,0.489,0.0019,1.52
2583.3,-22.874591043797622,-43.3249468165468,2679,1782.56,0.459,0.0017,1.62
2583.3,-22.852756897456484,-43.310038421031464,2966,1782.56,0.422,0.0015,1.64
2583.32,-22.88984031167266,-43.28012659791169,2813,1782.56,0.47,0.0016,1.76
2583.32,-22.874712394502676,-43.28282881436501,2529,1782.56,0.427,0.0016,1.68
2583.32,-22.895625375970848,-43.3260810347732,2694,1782.56,0.47,0.0017,1.52
2583.32,-22.85945488457674,-43.326512509270515,2754,1782.56,0.48,0.0016,1.88
2583.32,-22.866032073756877,-43.338131873315504,2981,1782.56,0.484,0.0019,1.93
2583.32,-22.863415548060487,-43.323317634222505,2979,1782.56,0.415,0.0019,1.89
2583.32,-22.889011332646945,-43.2839897527779,2927,1782.56,0.491,0.0019,1.56
2583.32,-22.868610664476332,-43.29489435252647,2698,1782.56,0.464,0.0015,1.52
2583.32,-22.87858325346472,-43.27939380830951,2801,1782.56,0.474,0.0016,1.52
2583.32,-22.865174884082702,-43.28765803844912,2925,1782.56,0.458,0.0018,1.78
2583.32,-22.85658774011582,-43.29605023595669,2814,1782.56,0.405,0.0016,1.86
2583.32,-22.869616302038466,-43.296865451879185,2869,1782.56,0.445,0.0018,1.93
2583.34,-22.88347249931642,-43.30216835806813,2538,1782.56,0.486,0.0018,1.79
2583.34,-22.863117302560145,-43.309960029963165,2788,1782.56,0.44,0.0016,1.97
2583.34,-22.870206340591764,-43.278809172268794,2880,1782.56,0.462,0.0015,1.92
2583.34,-22.852551776113255,-43.311440720736606,2572,1782.56,0.457,0.0018,1.73
2583.34,-22.89200693751013,-43.278113608716396,2751,1782.56,0.436,0.0015,1.67
2583.34,-22.871397972907403,-43.28322139568482,2572,1782.56,0.488,0.0018,1.7
2583.34,-22.85209561925868,-43.29621764528502,2768,1782.56,0.488,0.0018,1.71
2583.34,-22.85936162084503,-43.290536673132685,2883,1782.56,0.416,0.0016,1.68
2583.34,-22.89148264713646,-43.27986645003522,2802,1782.56,0.436,0.0016,1.88
2583.34,-22.861135040004815,-43.30712425112237,2678,1782.56,0.48,0.0017,1.81
2583.34,-22.86367394666999,-43.297294159494605,2553,1782.56,0.412,0.0017,1.77
2583.34,-22.881824405437325,-43.276966894965064,2606,1782.56,0.495,0.0016,1.82
2583.34,-22.885118611594255,-43.3058813521704,2617,1782.56,0.498,0.0016,1.66
2583.34,-22.89349781095011,-43.27513011000819,2688,1782.56,0.455,0.0018,1.71
2583.34,-22.89580667279858,-43.3224519112638,2704,1782.56,0.408,0.0017,1.83
2583.34,-22.88140571261693,-43.31563277652367,2571,1782.56,0.473,0.0015,1.71
2583.36,-22.854745499942936,-43.292818165705725,2799,1782.56,0.433,0.0018,1.57
2583.36,-22.871397972907403,-43.28322139568482,2643,1782.56,0.445,0.0017,1.55
2583.36,-22.85592316671847,-43.30877386920199,2965,1782.56,0.421,0.0017,1.72
2583.36,-22.8923504582542,-43.277742797797735,2999,1782.56,0.414,0.0017,1.65
2583.36,-22.858273209561837,-43.27801793683567,2849,1782.56,0.499,0.0019,1.95
2583.36,-22.86411762234615,-43.28076398939773,2626,1782.56,0.409,0.0018,1.78
2583.36,-22.89021611070215,-43.328895411526545,2739,1782.56,0.467,0.0017,1.5
2583.36,-22.846127183459664,-43.309759813707345,2717,1782.56,0.473,0.0018,1.5
2583.39,-22.86222509286777,-43.2869492477504,2902,1782.56,0.472,0.0018,1.72
2583.39,-22.846127183459664,-43.309759813707345,2849,1782.56,0.4,0.0015,1.52
2583.39,-22.894054080357296,-43.322548986091206,2977,1782.56,0.417,0.0016,1.72
2583.39,-22.861044951138112,-43.30165423832948,2650,1782.56,0.477,0.0016,1.74
2583.39,-22.862464497491782,-43.2784074908392,2564,1782.56,0.416,0.0019,1.75
2583.39,-22.889755566209402,-43.26860091856575,2780,1782.56,0.497,0.0015,1.85
2583.39,-22.89177809869233,-43.28695883070058,2816,1782.56,0.424,0.0017,1.67
2583.39,-22.856879651215213,-43.318851619904024,2591,1782.56,0.466,0.0018,1.86
2583.39,-22.861140585512423,-43.28010575292516,2719,1782.56,0.485,0.0015,1.88
2583.39,-22.857152785021295,-43.28769390181108,2850,1782.56,0.479,0.0016,1.7
2583.39,-22.875464277457617,-43.27792316983827,2609,1782.56,0.423,0.0015,1.65
2583.39,-22.876600058653487,-43.294176986899174,2920,1782.56,0.494,0.0019,1.9
2583.39,-22.888648404701044,-43.2887463267185,2958,1782.56,0.421,0.0017,1.66
2583.39,-22.87578904193713,-43.27884368851319,2541,1782.56,0.462,0.0018,1.96
2583.39,-22.860481074323943,-43.298868714970894,2957,1782.56,0.418,0.0018,1.55
2583.39,-22.88427167832591,-43.32092673906297,2579,1782.56,0.447,0.0019,1.61
2583.39,-22.863395815787765,-43.32537639837979,2635,1782.56,0.465,0.0019,1.93
2583.39,-22.880560041804536,-43.29814507974918,2652,1782.56,0.405,0.0015,1.76
2583.39,-22.88809210983536,-43.286663944830735,2943,1782.56,0.42,0.0018,1.7
2583.39,-22.871285051555724,-43.30257291231742,2684,1782.56,0.478,0.0019,1.64
2583.39,-22.862662756127307,-43.280590087419654,2794,1782.56,0.429,0.0015,1.52
2583.39,-22.86486717571422,-43.31091685420294,2659,1782.56,0.464,0.0015,1.8
2583.39,-22.895007079686994,-43.32139147487483,2768,1782.56,0.406,0.0018,1.79
2583.39,-22.88624258564699,-43.33053699248448,2756,1782.56,0.462,0.0017,1.69
2583.39,-22.85815950122837,-43.305398189772106,2998,1782.56,0.475,0.0018,1.81
2583.4,-22.86711369768245,-43.29231942816386,2686,1782.56,0.487,0.0015,1.97
2583.4,-22.866386277370406,-43.327674301085324,2768,1782.56,0.404,0.0018,1.69
2583.4,-22.884318598970744,-43.32780626507122,2517,1782.56,0.432,0.0016,1.8
2583.4,-22.87247873307881,-43.277549008332294,2805,1782.56,0.455,0.0016,1.81
2583.4,-22.860617930915378,-43.28970703182598,2696,1782.56,0.483,0.0015,1.66
2583.4,-22.863985115090834,-43.321749567625446,2760,1782.56,0.403,0.0019,1.53
2583.4,-22.87070398097288,-43.30730938443952,2833,1782.56,0.439,0.0015,1.64
2583.44,-22.894054080357296,-43.322548986091206,2927,1782.56,0.424,0.0019,1.53
2583.44,-22.86951098217584,-43.273374949206584,2516,1782.56,0.437,0.0015,1.69
2583.44,-22.885824772689762,-43.295605298502416,2944,1782.56,0.44,0.0016,1.94
2583.44,-22.89866055925909,-43.326964581551024,2597,1782.56,0.483,0.0018,1.73
2583.44,-22.889755566209402,-43.26860091856575,2920,1782.56,0.44,0.0018,1.96
2583.44,-22.86692805315821,-43.275210747940264,2877,1782.56,0.44,0.0019,1.6
2583.44,-22.87149261884739,-43.305730370011695,2649,1782.56,0.492,0.0019,1.85
2583.51,-22.860754225324428,-43.280699409222365,2818,1782.56,0.417,0.0016,1.92
2583.51,-22.89365822630807,-43.326354297839345,2780,1782.56,0.414,0.0018,1.53
2583.51,-22.86370154201032,-43.275263209670356,2770,1782.56,0.467,0.0019,1.97
2583.51,-22.88503249841015,-43.324318816889715,2963,1782.56,0.412,0.0018,1.97
2583.51,-22.855454774937616,-43.33103974650509,2903,1782.56,0.485,0.0019,1.88
2583.51,-22.862856612777097,-43.32606449715569,2976,1782.56,0.409,0.0015,1.68
2583.51,-22.86575303264837,-43.31310777055796,2616,1782.56,0.459,0.0015,1.87
2583.51,-22.87174129713043,-43.27980852989895,2692,1782.56,0.442,0.0017,1.83
2583.51,-22.86178952014623,-43.307313325016665,2672,1782.56,0.454,0.0016,1.83
2583.51,-22.88717693601249,-43.303481566569786,2632,1782.56,0.41,0.0018,1.66
2583.51,-22.857826597605097,-43.32478906809303,2731,1782.56,0.462,0.0019,1.86
2583.51,-22.888055757576428,-43.308529388417405,2946,1782.56,0.437,0.0019,1.52
2583.51,-22.87174129713043,-43.27980852989895,2932,1782.56,0.464,0.0016,1.52
2583.51,-22.86762605210021,-43.33652514220015,2667,1782.56,0.479,0.0019,1.62
2583.51,-22.867917985966464,-43.31159846022739,2989,1782.56,0.487,0.0017,1.54
2583.51,-22.860481074323943,-43.298868714970894,2798,1782.56,0.492,0.0018,1.97
2583.51,-22.868610664476332,-43.29489435252647,2687,1782.56,0.489,0.0016,1.51
2583.51,-22.88984031167266,-43.28012659791169,2645,1782.56,0.436,0.0017,1.9
2583.51,-22.89189318600961,-43.335384174879266,2523,1782.56,0.456,0.0015,1.71
2583.52,-22.879822104591387,-43.325467931915405,2647,1782.56,0.402,0.0017,1.7
2583.52,-22.89580667279858,-43.3224519112638,2723,1782.56,0.419,0.0015,1.65
2583.52,-22.896654692875437,-43.28478563615814,2669,1782.56,0.44,0.0019,1.78
2583.52,-22.856879651215213,-43.318851619904024,2914,1782.56,0.459,0.0019,1.69
2583.52,-22.857152785021295,-43.28769390181108,2725,1782.56,0.464,0.0019,1.68
2583.52,-22.856818133546327,-43.32364807005775,2907,1782.56,0.457,0.0019,1.8
2583.52,-22.87824414614546,-43.32473055741454,2638,1782.56,0.416,0.0017,1.59
2583.52,-22.862088842466637,-43.27367873862249,2938,1782.56,0.411,0.0015,1.99
2583.52,-22.874743318166633,-43.31929686313053,2778,1782.56,0.422,0.0016,1.69
2583.52,-22.868163405105054,-43.311604199720115,2920,1782.56,0.454,0.0019,1.98
2583.52,-22.8776379226127,-43.306554287574436,2609,1782.56,0.473,0.0018,1.51
2583.62,-22.860617930915378,-43.28970703182598,2956,1782.56,0.469,0.0019,1.62
2583.62,-22.871822805042193,-43.283667704162596,2579,1782.56,0.478,0.0016,1.55
2583.62,-22.867364115090226,-43.30119033532758,2687,1782.56,0.449,0.0019,1.63
2583.62,-22.86930710621118,-43.28819467148683,2810,1782.56,0.48,0.0015,1.74
2583.62,-22.885269744638116,-43.31286410873418,2841,1782.56,0.488,0.0018,1.51
2583.65,-22.894054080357296,-43.322548986091206,2628,1782.56,0.468,0.0017,1.51
2583.65,-22.869616302038466,-43.296865451879185,2511,1782.56,0.434,0.0018,1.69
2583.65,-22.89796189835094,-43.329479329006716,2597,1782.56,0.469,0.0017,1.89
2583.65,-22.872028940590603,-43.32433855365501,2561,1782.56,0.489,0.0016,1.5
2583.65,-22.88138736370065,-43.28312116559284,2743,1782.56,0.425,0.0016,1.63
2583.65,-22.893196891260317,-43.31705142493954,2588,1782.56,0.454,0.0016,1.88
2583.66,-22.88789896745282,-43.321186846750706,2748,1782.56,0.401,0.0017,1.55
2583.66,-22.86741089713757,-43.31583023259235,2582,1782.56,0.413,0.0016,1.59
2583.66,-22.881468185623927,-43.294994976890806,2666,1782.56,0.483,0.0019,1.87
2583.66,-22.888925165061927,-43.331746474485364,2890,1782.56,0.423,0.0018,1.96
2583.66,-22.852221122571265,-43.302809078039104,2942,1782.56,0.417,0.0018,1.95
2583.66,-22.86283564347404,-43.29347467771211,2698,1782.56,0.4,0.0015,1.54
2583.66,-22.87015350840377,-43.31876750576074,2759,1782.56,0.498,0.0019,1.81
2583.72,-22.861916010114125,-43.30826500979156,2854,1782.56,0.434,0.0018,1.77
2583.72,-22.888055757576428,-43.308529388417405,2506,1782.56,0.468,0.0017,1.67
2583.72,-22.8787470534882,-43.32230690243902,2637,1782.56,0.438,0.0017,1.52
2583.72,-22.890137375091086,-43.277664054382306,2724,1782.56,0.413,0.0015,1.55
2583.72,-22.88656171280685,-43.27530997233421,2940,1782.56,0.444,0.0016,1.69
2583.72,-22.884561946601494,-43.27513063556018,2915,1782.56,0.41,0.0015,1.68
2583.72,-22.882354539195187,-43.334620799942,2751,1782.56,0.473,0.0016,1.6
2583.72,-22.868487159399706,-43.30384138737934,2997,1782.56,0.433,0.0016,1.91
2583.72,-22.874593114721886,-43.29506176950043,2693,1782.56,0.412,0.0015,1.98
2583.72,-22.864211710200387,-43.29555600835499,2983,1782.56,0.496,0.0016,1.75
2583.73,-22.888925165061927,-43.331746474485364,2939,1782.56,0.458,0.0018,1.68
2583.73,-22.884318598970744,-43.32780626507122,2735,1782.56,0.491,0.0017,1.87
2583.73,-22.874148355983735,-43.30891140765203,2720,1782.56,0.454,0.0018,1.83
2583.73,-22.85945488457674,-43.326512509270515,2591,1782.56,0.496,0.0017,1.52
2583.73,-22.881687513370636,-43.298275699900664,2601,1782.56,0.4,0.0019,1.82
2583.76,-22.861349365426673,-43.305214149060646,2600,1782.56,0.434,0.0015,1.75
2583.76,-22.863415548060487,-43.323317634222505,2670,1782.56,0.45,0.0019,1.67
2583.76,-22.867364115090226,-43.30119033532758,2850,1782.56,0.482,0.0018,1.76
2583.76,-22.882010907867286,-43.2955107445172,2829,1782.56,0.427,0.0019,1.89
2583.76,-22.86692805315821,-43.275210747940264,2950,1782.56,0.416,0.0019,1.9
2583.76,-22.88789896745282,-43.321186846750706,2708,1782.56,0.421,0.0018,1.51
2583.76,-22.876164868609784,-43.286342101979244,2922,1782.56,0.499,0.0018,1.79
2583.76,-22.882162080687223,-43.31894566364465,2603,1782.56,0.417,0.0018,1.68
2583.81,-22.878082994140353,-43.310192460343124,2923,1782.56,0.472,0.0018,1.54
2583.81,-22.88419073958569,-43.307955209458136,2523,1782.56,0.458,0.0019,1.76
2583.81,-22.853402608125048,-43.308619414848714,2978,1782.56,0.459,0.0016,1.64
2583.81,-22.871406185960076,-43.30176403728605,2823,1782.56,0.477,0.0017,1.7
2583.81,-22.863117302560145,-43.309960029963165,2545,1782.56,0.431,0.0017,1.64
2583.81,-22.866032073756877,-43.338131873315504,2790,1782.56,0.424,0.0019,1.94
2583.81,-22.874492997743786,-43.312444693851766,2985,1782.56,0.446,0.0017,1.54
2583.83,-22.893061988077097,-43.27244154222657,2643,1782.56,0.494,0.0017,1.88
2583.83,-22.881649035667248,-43.32184270828055,2890,1782.56,0.478,0.0017,1.89
2583.83,-22.878082994140353,-43.310192460343124,2755,1782.56,0.479,0.0018,1.74
2583.83,-22.864647269482234,-43.3136351748248,2974,1782.56,0.408,0.0019,1.81
2583.83,-22.864860944366388,-43.30886474034251,2960,1782.56,0.43,0.0018,1.75
2583.83,-22.87581963627435,-43.27661797543457,2877,1782.56,0.486,0.0015,1.87
2583.86,-22.88140571261693,-43.31563277652367,2643,1782.56,0.406,0.0016,1.64
2583.86,-22.89189318600961,-43.335384174879266,2646,1782.56,0.482,0.0018,1.65
2583.86,-22.863395815787765,-43.32537639837979,2550,1782.56,0.486,0.0018,1.7
2583.86,-22.848466036185997,-43.30108889404392,2869,1782.56,0.492,0.0019,1.68
2583.86,-22.85821759881364,-43.27393164834267,2623,1782.56,0.472,0.0017,1.63
2583.86,-22.894768460259577,-43.325108224624465,2765,1782.56,0.4,0.0019,1.68
2583.86,-22.87029486590473,-43.33249884454889,2503,1782.56,0.436,0.0017,1.76
2583.86,-22.874148355983735,-43.30891140765203,2815,1782.56,0.495,0.0017,1.81
2583.86,-22.86762605210021,-43.33652514220015,2669,1782.56,0.454,0.0016,1.82
2583.86,-22.8787675650818,-43.31412382741355,2803,1782.56,0.419,0.0018,1.93
2583.87,-22.872231186627943,-43.33368539327478,2757,1782.56,0.48,0.0016,1.7
2583.87,-22.88789896745282,-43.321186846750706,2550,1782.56,0.402,0.0018,1.63
2583.87,-22.84947814309329,-43.298027643961824,2841,1782.56,0.41,0.0019,1.64
2583.87,-22.886047324390628,-43.30557136326686,2858,1782.56,0.432,0.0017,1.81
2583.87,-22.868942374687943,-43.27206471105248,2752,1782.56,0.455,0.0017,1.85
2583.87,-22.85340758185386,-43.301772407423,2634,1782.56,0.442,0.0016,1.81
2583.95,-22.86611212503453,-43.29434089636883,2859,1782.56,0.492,0.0019,1.78
2583.95,-22.863395815787765,-43.32537639837979,2857,1782.56,0.477,0.0018,1.79
2583.95,-22.869042075539408,-43.33246869842768,2942,1782.56,0.462,0.0019,1.5
2583.95,-22.8787675650818,-43.31412382741355,2867,1782.56,0.498,0.0017,1.84
2583.95,-22.89796189835094,-43.329479329006716,2749,1782.56,0.499,0.0017,1.62
2583.95,-22.85320099357766,-43.28998429458865,2998,1782.56,0.442,0.0016,1.93
2583.95,-22.8579311397991,-43.32575380126112,2916,1782.56,0.429,0.0018,1.77
2583.95,-22.885726073532716,-43.33563371528077,2643,1782.56,0.414,0.0015,1.55
2583.96,-22.886989975572032,-43.32263336577382,2586,1782.56,0.475,0.0015,1.52
2583.96,-22.87358421777799,-43.317387793603004,2618,1782.56,0.436,0.0015,1.94
2583.96,-22.865638580774625,-43.29937150465544,2508,1782.56,0.466,0.0015,1.86
2583.96,-22.881687513370636,-43.298275699900664,2585,1782.56,0.402,0.0017,1.97
2583.96,-22.886016004221272,-43.27209761929771,2526,1782.56,0.483,0.0015,1.93
2583.96,-22.87853141539161,-43.29876377217909,2959,1782.56,0.416,0.0018,1.64
2583.96,-22.852551776113255,-43.311440720736606,2644,1782.56,0.495,0.0017,1.87
2583.96,-22.894768460259577,-43.325108224624465,2892,1782.56,0.477,0.0017,1.87
2583.96,-22.877831132106472,-43.31106834331362,2827,1782.56,0.475,0.0017,1.79
2584.04,-22.858468814441554,-43.287728665178946,2929,1782.56,0.4,0.0016,1.77
2584.04,-22.885226044959932,-43.309720499147424,2605,1782.56,0.451,0.0017,1.98
2584.04,-22.848466036185997,-43.30108889404392,2976,1782.56,0.44,0.0018,1.6
2584.04,-22.882295866927176,-43.32450889376895,2846,1782.56,0.441,0.0018,1.86
2584.04,-22.887707207011417,-43.33610398896485,2880,1782.56,0.471,0.0017,1.75
2584.04,-22.859280335561404,-43.27687464822287,2826,1782.56,0.414,0.0015,1.84
2584.07,-22.876164868609784,-43.286342101979244,2922,1782.56,0.486,0.0017,1.98
2584.07,-22.85203244933537,-43.292673874031166,2830,1782.56,0.441,0.0016,1.8
2584.07,-22.84947814309329,-43.298027643961824,2977,1782.56,0.475,0.0017,1.53
2584.07,-22.89412830948375,-43.27630798894939,2847,1782.56,0.455,0.0017,1.69
2584.07,-22.89412830948375,-43.27630798894939,2764,1782.56,0.427,0.0017,1.97
2584.07,-22.858037683480056,-43.30275192403924,2780,1782.56,0.479,0.0018,1.6
2584.07,-22.848748598421476,-43.30315598662101,2946,1782.56,0.426,0.0016,1.97
2584.1,-22.869616302038466,-43.296865451879185,2519,1782.56,0.443,0.0016,1.77
2584.1,-22.858077548881493,-43.2752935821443,2515,1782.56,0.43,0.0019,1.53
2584.1,-22.858037683480056,-43.30275192403924,2788,1782.56,0.43,0.0016,1.83
2584.1,-22.874148355983735,-43.30891140765203,2764,1782.56,0.401,0.0016,1.79
2584.1,-22.871719493758746,-43.27828847121003,2800,1782.56,0.426,0.0016,1.99
2584.1,-22.882544299338996,-43.30102470888667,2933,1782.56,0.437,0.0018,1.64
2584.1,-22.89055249713112,-43.280109026183055,2564,1782.56,0.422,0.0017,1.53
2584.13,-22.88309767427097,-43.31674920792804,2968,1782.56,0.496,0.0016,1.87
2584.13,-22.8889743107615,-43.28629036608258,2783,1782.56,0.483,0.0019,1.61
2584.13,-22.863415548060487,-43.323317634222505,2714,1782.56,0.462,0.0017,1.85
2584.16,-22.870206340591764,-43.278809172268794,2652,1782.56,0.43,0.0019,1.85
2584.16,-22.85557329551781,-43.32777610369661,2520,1782.56,0.415,0.0018,1.68
2584.16,-22.88958552272534,-43.315395404695344,2722,1782.56,0.452,0.0016,1.95
2584.16,-22.882822150903383,-43.319929977033766,2599,1782.56,0.44,0.0017,1.61
2584.16,-22.850737790702134,-43.31314228510718,2853,1782.56,0.413,0.0019,1.68
2584.16,-22.87578904193713,-43.27884368851319,2788,1782.56,0.454,0.0015,1.76
2584.16,-22.872590007618545,-43.27535563991996,2997,1782.56,0.425,0.0016,1.99
2584.16,-22.857152785021295,-43.28769390181108,2821,1782.56,0.485,0.0019,1.96
2584.16,-22.882743437189614,-43.29366959255035,2645,1782.56,0.458,0.0015,1.87
2584.22,-22.861710046858633,-43.278467531094556,2723,1782.56,0.448,0.0017,1.93
2584.22,-22.89213563769979,-43.31453725797905,2872,1782.56,0.483,0.0018,1.55
2584.22,-22.869938702555682,-43.33162323026781,2846,1782.56,0.417,0.0017,1.83
2584.22,-22.869733404200566,-43.281761550640105,2962,1782.56,0.498,0.0015,1.87
2584.22,-22.864113655054116,-43.29430874501928,2714,1782.56,0.455,0.0018,1.61
2584.22,-22.862695092709878,-43.31100679155802,2523,1782.56,0.463,0.0017,1.5
2584.22,-22.878938327788468,-43.3265110096202,2738,1782.56,0.476,0.0015,1.9
2584.22,-22.864211710200387,-43.29555600835499,2801,1782.56,0.426,0.0017,1.76
2584.22,-22.887528723398574,-43.297279915342905,2632,1782.56,0.448,0.0017,1.91
2584.22,-22.882010907867286,-43.2955107445172,2631,1782.56,0.454,0.0019,1.79
2584.22,-22.868086042102256,-43.27464160371426,2767,1782.56,0.402,0.0015,1.67
2584.23,-22.859443527293752,-43.313754846042464,2874,1782.56,0.41,0.0015,1.8
2584.23,-22.85830737465635,-43.32041805722513,2884,1782.56,0.481,0.0016,1.8
2584.23,-22.84947814309329,-43.298027643961824,2790,1782.56,0.481,0.0018,1.74
2584.23,-22.867920753613166,-43.32942070047525,2974,1782.56,0.491,0.0016,1.64
2584.23,-22.856479363937087,-43.29586271323093,2797,1782.56,0.407,0.0016,1.9
2584.23,-22.88322984648596,-43.28421464468421,2763,1782.56,0.403,0.0017,1.63
2584.23,-22.84903284183012,-43.300378668090225,2564,1782.56,0.483,0.0017,1.78
2584.23,-22.869955584691237,-43.32150101062384,2812,1782.56,0.406,0.0015,1.98
2584.23,-22.88717693601249,-43.303481566569786,2800,1782.56,0.461,0.0018,1.75
2584.23,-22.860754225324428,-43.280699409222365,2904,1782.56,0.496,0.0018,1.98
2584.23,-22.861349365426673,-43.305214149060646,2513,1782.56,0.457,0.0018,1.85
2584.23,-22.874879843682866,-43.312921041067106,2628,1782.56,0.417,0.0018,1.67
2584.23,-22.866180673539375,-43.29255772244056,2613,1782.56,0.445,0.0019,1.88
2584.23,-22.874302246649084,-43.30702553844383,2841,1782.56,0.428,0.0017,1.54
2584.23,-22.849463791266736,-43.299533807688285,2917,1782.56,0.474,0.0018,1.92
2584.23,-22.870076345915614,-43.277950719324274,2655,1782.56,0.441,0.0017,1.93
2584.23,-22.859443527293752,-43.313754846042464,2808,1782.56,0.437,0.0018,1.51
2584.23,-22.866032073756877,-43.338131873315504,2689,1782.56,0.484,0.0019,1.7
2584.23,-22.863459854588292,-43.30014903832372,2944,1782.56,0.418,0.0019,1.87
2584.23,-22.848466036185997,-43.30108889404392,2572,1782.56,0.465,0.0019,1.73
2584.23,-22.864249254248662,-43.32248206560194,2651,1782.56,0.452,0.0015,1.57
2584.23,-22.865391656096406,-43.29681388799275,2770,1782.56,0.447,0.0016,1.76
2584.23,-22.85320099357766,-43.28998429458865,2758,1782.56,0.495,0.0017,1.91
2584.23,-22.89213563769979,-43.31453725797905,2785,1782.56,0.403,0.0017,1.62
2584.23,-22.8619828521923,-43.32818924833407,2775,1782.56,0.492,0.0016,1.9
2584.31,-22.884615370405403,-43.336687407352116,2789,1782.56,0.467,0.0017,1.94
2584.31,-22.85023684649563,-43.298567292399085,2620,1782.56,0.48,0.0016,1.72
2584.31,-22.873190774124623,-43.32110949394854,2963,1782.56,0.499,0.0017,1.76
2584.31,-22.89821201384601,-43.32804152699613,2962,1782.56,0.467,0.0017,1.85
2584.31,-22.886789936011343,-43.31585082403175,2835,1782.56,0.487,0.0017,1.76
2584.31,-22.86493449045638,-43.28912110732493,2894,1782.56,0.487,0.0015,1.61
2584.31,-22.86367394666999,-43.297294159494605,2634,1782.56,0.414,0.0018,1.62
2584.31,-22.87167666549464,-43.32423136498003,2788,1782.56,0.461,0.0019,1.96
2584.31,-22.863843899174302,-43.328411742592934,2626,1782.56,0.409,0.0016,1.67
2584.31,-22.85728372610451,-43.31757331912454,2920,1782.56,0.442,0.0016,1.54
2584.31,-22.849064033953866,-43.30009229678292,2787,1782.56,0.459,0.0015,1.66
2584.33,-22.870440572821785,-43.29706772608022,2756,1782.56,0.489,0.0017,1.52
2584.33,-22.87263357888963,-43.312198126796915,2870,1782.56,0.467,0.0015,1.69
2584.33,-22.863459854588292,-43.30014903832372,2904,1782.56,0.461,0.0017,1.85
2584.33,-22.889737591711263,-43.27804566482924,2520,1782.56,0.438,0.0016,1.61
2584.33,-22.894448313775243,-43.32140260734481,2747,1782.56,0.438,0.0019,1.84
2584.33,-22.877831132106472,-43.31106834331362,2622,1782.56,0.459,0.0015,1.67
2584.33,-22.884318598970744,-43.32780626507122,2814,1782.56,0.465,0.0016,1.91
2584.4,-22.858037683480056,-43.30275192403924,2581,1782.56,0.424,0.0015,1.58
2584.4,-22.879885961699628,-43.295482481050094,2510,1782.56,0.476,0.0015,1.98
2584.4,-22.868307585939647,-43.281719632505286,2665,1782.56,0.419,0.0018,1.77
2584.4,-22.86206484465799,-43.29854747951345,2815,1782.56,0.468,0.0019,1.83
2584.4,-22.869616302038466,-43.296865451879185,2933,1782.56,0.459,0.0018,1.86
2584.4,-22.875881152367807,-43.27437786519449,2524,1782.56,0.433,0.0018,1.95
2584.4,-22.89055249713112,-43.280109026183055,2584,1782.56,0.434,0.0017,1.77
2584.4,-22.867920753613166,-43.32942070047525,2639,1782.56,0.459,0.0017,1.78
2584.4,-22.861135040004815,-43.30712425112237,2946,1782.56,0.409,0.0019,1.72
2584.4,-22.894539834845414,-43.31941796101164,2854,1782.56,0.483,0.0017,1.63
2584.4,-22.86762605210021,-43.33652514220015,2610,1782.56,0.439,0.0019,1.53
2584.4,-22.878678970104733,-43.2893826947477,2678,1782.56,0.494,0.0015,1.78
2584.4,-22.874879843682866,-43.312921041067106,2602,1782.56,0.421,0.0016,1.61
2584.4,-22.886843205699535,-43.302088601823655,2755,1782.56,0.455,0.0019,1.82
2584.4,-22.860754225324428,-43.280699409222365,2752,1782.56,0.449,0.0016,1.9
2584.4,-22.86205585541741,-43.28820058141566,2700,1782.56,0.445,0.0019,1.68
2584.4,-22.86949389367307,-43.289631791960566,2643,1782.56,0.49,0.0015,1.56
2584.4,-22.865542753893855,-43.27607840214181,2895,1782.56,0.415,0.0016,1.77
2584.4,-22.87858325346472,-43.27939380830951,2558,1782.56,0.443,0.0016,1.83
2584.4,-22.86283564347404,-43.29347467771211,2681,1782.56,0.443,0.0019,1.76
2584.42,-22.874805283167667,-43.288730385204914,2928,1782.56,0.409,0.0017,1.9
2584.42,-22.85468622919643,-43.31348299559518,2854,1782.56,0.422,0.0019,1.58
2584.42,-22.86205585541741,-43.28820058141566,2634,1782.56,0.411,0.0019,1.79
2584.42,-22.84534312678508,-43.29636634752985,2972,1782.56,0.4,0.0015,1.93
2584.42,-22.875639528876057,-43.278947681895616,2669,1782.56,0.498,0.0015,1.73
2584.42,-22.867950283006152,-43.28254729962418,2923,1782.56,0.49,0.0018,1.54
2584.42,-22.87990539853711,-43.29569371562535,2651,1782.56,0.429,0.0019,1.95
2584.45,-22.897828521923,-43.32076240791066,2533,1782.56,0.411,0.0017,1.81
2584.45,-22.8749931650182,-43.30265604007292,2669,1782.56,0.428,0.0015,1.82
2584.45,-22.881687513370636,-43.298275699900664,2672,1782.56,0.492,0.0018,1.64
2584.45,-22.848986959017367,-43.30908106870625,2651,1782.56,0.455,0.0015,1.88
2584.45,-22.859443527293752,-43.313754846042464,2948,1782.56,0.407,0.0019,1.99
2584.45,-22.862856612777097,-43.32606449715569,2518,1782.56,0.409,0.0016,1.58
2584.45,-22.874655271160172,-43.31538291312141,2705,1782.56,0.494,0.0019,1.57
2584.45,-22.889011332646945,-43.2839897527779,2901,1782.56,0.496,0.0019,1.54
2584.45,-22.852221122571265,-43.302809078039104,2903,1782.56,0.405,0.0015,1.65
2584.47,-22.887948219818295,-43.291290460786755,2853,1782.56,0.486,0.0015,1.89
2584.47,-22.866695168633957,-43.32761741916098,2951,1782.56,0.436,0.0015,1.87
2584.47,-22.86961225052659,-43.273621960841055,2708,1782.56,0.465,0.0018,1.74
2584.47,-22.890137375091086,-43.277664054382306,2568,1782.56,0.41,0.0015,1.87
2584.48,-22.866386277370406,-43.327674301085324,2923,1782.56,0.426,0.0018,1.77
2584.48,-22.884318598970744,-43.32780626507122,2896,1782.56,0.488,0.0016,1.87
2584.48,-22.881551873077655,-43.333125831061146,2787,1782.56,0.485,0.0017,1.76
2584.48,-22.889858924555448,-43.32333760286029,2961,1782.56,0.494,0.0016,1.56
2584.48,-22.887948219818295,-43.291290460786755,2917,1782.56,0.432,0.0015,1.67
2584.51,-22.87308331657023,-43.305089464569086,2938,1782.56,0.466,0.0019,1.79
2584.51,-22.883574977580775,-43.33156741874061,2638,1782.56,0.417,0.0018,1.64
2584.51,-22.88138736370065,-43.28312116559284,2507,1782.56,0.48,0.0019,1.67
2584.51,-22.887790193505836,-43.314164524382306,2756,1782.56,0.463,0.0019,1.55
2584.51,-22.89021611070215,-43.328895411526545,2573,1782.56,0.428,0.0016,1.53
2584.51,-22.8913494561635,-43.2811121526979,2647,1782.56,0.426,0.0016,1.98
2584.51,-22.856530040860807,-43.28077437905881,2795,1782.56,0.414,0.0018,1.92
2584.51,-22.860481074323943,-43.298868714970894,2903,1782.56,0.448,0.0015,1.82
2584.51,-22.8685102980563,-43.28049395655852,2978,1782.56,0.441,0.0015,1.79
2584.51,-22.847288088171606,-43.295177229050445,2560,1782.56,0.439,0.0017,1.57
2584.54,-22.894539834845414,-43.31941796101164,2557,1782.56,0.442,0.0018,1.98
2584.54,-22.863117302560145,-43.309960029963165,2835,1782.56,0.462,0.0015,1.91
2584.54,-22.85256517288689,-43.30131585570806,2994,1782.56,0.454,0.0015,1.55
2584.54,-22.85490725184812,-43.31305508257125,2598,1782.56,0.455,0.0017,1.55
2584.69,-22.867950283006152,-43.28254729962418,2976,1782.56,0.4,0.0018,1.55
2584.69,-22.862626385621034,-43.3132932690294,2949,1782.56,0.422,0.0015,1.7
2584.69,-22.866754144869372,-43.306332011179705,2744,1782.56,0.49,0.0015,1.8
2584.69,-22.89866055925909,-43.326964581551024,2968,1782.56,0.461,0.0018,1.8
2584.69,-22.84534312678508,-43.29636634752985,2703,1782.56,0.4,0.0015,1.8
2584.69,-22.875721493584145,-43.284464143249885,2919,1782.56,0.42,0.0016,1.81
2584.69,-22.895007079686994,-43.32139147487483,2698,1782.56,0.491,0.0017,1.63
2584.69,-22.856454885914935,-43.28119881115064,2752,1782.56,0.401,0.0015,1.61
2584.69,-22.896364735439438,-43.32828877844426,2735,1782.56,0.461,0.0017,1.58
2584.7,-22.89107709067145,-43.2828255366687,2814,1782.56,0.4,0.0015,1.66
2584.7,-22.886732583417785,-43.33823308647097,2564,1782.56,0.424,0.0019,1.89
2584.7,-22.857123277620413,-43.29574409973182,2522,1782.56,0.435,0.0017,1.73
2584.7,-22.88145053345863,-43.31795462036982,2726,1782.56,0.487,0.0019,1.67
2584.7,-22.861349365426673,-43.305214149060646,2825,1782.56,0.438,0.0017,1.61
2584.7,-22.856454885914935,-43.28119881115064,2810,1782.56,0.411,0.0015,1.59
2584.7,-22.877831132106472,-43.31106834331362,2915,1782.56,0.42,0.0016,1.65
2584.72,-22.865673580592134,-43.29967410467113,2804,1782.56,0.458,0.0018,1.94
2584.72,-22.872028940590603,-43.32433855365501,2720,1782.56,0.425,0.0018,1.57
2584.72,-22.87143458612598,-43.26949400000578,2967,1782.56,0.419,0.0019,1.56
2584.72,-22.862464497491782,-43.2784074908392,2627,1782.56,0.47,0.0016,1.78
2584.72,-22.889129492842276,-43.31751945952847,2783,1782.56,0.423,0.0017,1.9
2584.72,-22.866252864969308,-43.283033295123595,2923,1782.56,0.493,0.0016,1.76
2584.72,-22.864860944366388,-43.30886474034251,2786,1782.56,0.407,0.0015,1.56
2584.73,-22.849064033953866,-43.30009229678292,2717,1782.56,0.464,0.0018,1.79
2584.73,-22.85658774011582,-43.29605023595669,2814,1782.56,0.431,0.0017,1.68
2584.73,-22.894525850349083,-43.281279503578794,2879,1782.56,0.452,0.0019,1.78
2584.73,-22.87857289987672,-43.29592354266078,2848,1782.56,0.471,0.0019,1.9
2584.73,-22.875721493584145,-43.284464143249885,2744,1782.56,0.46,0.0017,1.93
2584.73,-22.847079298568104,-43.29783874614938,2639,1782.56,0.414,0.0018,1.5
2584.73,-22.89116912448737,-43.26883851674487,2964,1782.56,0.448,0.0015,1.93
2584.73,-22.881468185623927,-43.294994976890806,2611,1782.56,0.438,0.0015,1.71
2584.73,-22.86957388783563,-43.31016904625865,2531,1782.56,0.407,0.0019,1.6
2584.73,-22.89189318600961,-43.335384174879266,2953,1782.56,0.444,0.0017,1.99
2584.73,-22.863415548060487,-43.323317634222505,2960,1782.56,0.439,0.0015,1.54
2584.73,-22.87857289987672,-43.29592354266078,2829,1782.56,0.443,0.0019,1.56
2584.73,-22.85592316671847,-43.30877386920199,2986,1782.56,0.41,0.0015,1.7
2584.73,-22.856818133546327,-43.32364807005775,2917,1782.56,0.496,0.0016,1.81
2584.73,-22.86144821698873,-43.32954653473449,2708,1782.56,0.451,0.0019,1.55
2584.73,-22.871228999758696,-43.29926589816055,2988,1782.56,0.438,0.0017,1.57
2584.73,-22.853413249490533,-43.30317161329989,2880,1782.56,0.478,0.0018,1.82
2584.74,-22.889932522081118,-43.281518820240066,2504,1782.56,0.414,0.0015,1.79
2584.74,-22.871822805042193,-43.283667704162596,2844,1782.56,0.495,0.0017,1.79
2584.74,-22.866245903957182,-43.32830163502488,2964,1782.56,0.423,0.0015,1.92
2584.74,-22.87486612122775,-43.279707456444505,2514,1782.56,0.458,0.0018,1.64
2584.74,-22.858152339578883,-43.331756314736744,2528,1782.56,0.449,0.0015,1.52
2584.74,-22.856211768224753,-43.32841840155298,2510,1782.56,0.435,0.0015,1.58
2584.79,-22.85256517288689,-43.30131585570806,2651,1782.56,0.469,0.0018,1.99
2584.79,-22.888149570635296,-43.2739540544441,2922,1782.56,0.433,0.0018,1.98
2584.79,-22.858124790649356,-43.28008126775039,2637,1782.56,0.487,0.0015,1.65
2584.79,-22.85498734811861,-43.30331227430829,2657,1782.56,0.468,0.0019,1.97
2584.79,-22.89116912448737,-43.26883851674487,2558,1782.56,0.436,0.0015,1.76
2584.79,-22.87143458612598,-43.26949400000578,2618,1782.56,0.49,0.0016,1.54
2584.79,-22.88150700142016,-43.27882017150691,2664,1782.56,0.408,0.0019,1.68
2584.79,-22.871285051555724,-43.30257291231742,2699,1782.56,0.478,0.0018,1.7
2584.79,-22.868610664476332,-43.29489435252647,2937,1782.56,0.417,0.0019,1.86
2584.79,-22.871145094853688,-43.28174662556796,2964,1782.56,0.489,0.0018,1.85
2584.79,-22.886732583417785,-43.33823308647097,2610,1782.56,0.459,0.0017,1.95
2584.79,-22.848986959017367,-43.30908106870625,2890,1782.56,0.451,0.0018,1.74
2584.79,-22.880560041804536,-43.29814507974918,2846,1782.56,0.499,0.0019,1.98
2584.79,-22.850737790702134,-43.31314228510718,2914,1782.56,0.477,0.0019,1.56
2584.81,-22.89116912448737,-43.26883851674487,2978,1782.56,0.477,0.0017,1.81
2584.81,-22.874492997743786,-43.312444693851766,2852,1782.56,0.475,0.0018,1.87
2584.81,-22.889129492842276,-43.31751945952847,2573,1782.56,0.475,0.0017,1.91
2584.81,-22.89470308630807,-43.32551035541433,2653,1782.56,0.424,0.0017,1.9
2584.81,-22.864249254248662,-43.32248206560194,2614,1782.56,0.404,0.0016,1.92
2584.81,-22.86149760224237,-43.29288947173588,2641,1782.56,0.483,0.0015,1.64
2584.83,-22.876541212193533,-43.32981029734441,2638,1782.56,0.447,0.0017,1.6
2584.83,-22.875464277457617,-43.27792316983827,2670,1782.56,0.427,0.0019,1.7
2584.83,-22.856530040860807,-43.28077437905881,2750,1782.56,0.405,0.0015,1.8
2584.83,-22.897828521923,-43.32076240791066,2501,1782.56,0.499,0.0017,1.69
2584.83,-22.882544299338996,-43.30102470888667,2576,1782.56,0.418,0.0016,1.7
2584.83,-22.853473621389476,-43.30340894163149,2533,1782.56,0.494,0.0017,1.75
2584.83,-22.885270044065155,-43.31713716374416,2523,1782.56,0.457,0.0017,1.64
2584.83,-22.856530040860807,-43.28077437905881,2524,1782.56,0.42,0.0017,1.99
2584.83,-22.863985115090834,-43.321749567625446,2706,1782.56,0.467,0.0016,1.8
2584.83,-22.8584415454567,-43.30047382902333,2939,1782.56,0.474,0.0015,1.88
2584.83,-22.865683622380516,-43.310260791624906,2662,1782.56,0.499,0.0015,1.96
2584.84,-22.888404163074107,-43.3373153549039,2961,1782.56,0.441,0.0015,1.7
2584.84,-22.874743318166633,-43.31929686313053,2857,1782.56,0.427,0.0017,1.94
2584.84,-22.856879651215213,-43.318851619904024,2922,1782.56,0.417,0.0017,1.92
2584.84,-22.895007079686994,-43.32139147487483,2604,1782.56,0.403,0.0015,1.68
2584.84,-22.8579311397991,-43.32575380126112,2926,1782.56,0.458,0.0019,1.62
2584.84,-22.882825235894607,-43.300401548289734,2835,1782.56,0.438,0.0019,1.83
2584.85,-22.856733691680848,-43.31181063497515,2791,1782.56,0.468,0.0016,1.73
2584.85,-22.875658493568537,-43.27778648299565,2665,1782.56,0.4,0.0018,1.79
2584.85,-22.871774502158384,-43.27347256112669,2806,1782.56,0.491,0.0016,1.7
2584.85,-22.867230008683155,-43.2898652432337,2789,1782.56,0.412,0.0016,1.69
2584.85,-22.891801503424844,-43.32398281396972,2524,1782.56,0.49,0.0017,1.74
2584.85,-22.875721493584145,-43.284464143249885,2681,1782.56,0.403,0.0016,1.57
2584.85,-22.845181025238592,-43.30895042890004,2592,1782.56,0.482,0.0015,1.81
2584.85,-22.86741089713757,-43.31583023259235,2752,1782.56,0.441,0.0015,1.99
2584.86,-22.88520284739984,-43.304851073840815,2613,1782.56,0.461,0.0015,1.58
2584.86,-22.871285051555724,-43.30257291231742,2931,1782.56,0.453,0.0015,1.51
2584.86,-22.870206340591764,-43.278809172268794,2707,1782.56,0.404,0.0019,1.74
2584.86,-22.866180673539375,-43.29255772244056,2987,1782.56,0.446,0.0018,1.75
2584.86,-22.888648404701044,-43.2887463267185,2724,1782.56,0.472,0.0019,1.53
2584.86,-22.84947814309329,-43.298027643961824,2571,1782.56,0.475,0.0019,1.84
2584.86,-22.884318598970744,-43.32780626507122,2930,1782.56,0.469,0.0018,1.94
2584.86,-22.85256517288689,-43.30131585570806,2829,1782.56,0.498,0.0017,1.68
2584.86,-22.86782989029103,-43.276843052385786,2843,1782.56,0.464,0.0018,1.94
2584.86,-22.857123277620413,-43.29574409973182,2752,1782.56,0.435,0.0019,1.82
2584.86,-22.86788511315902,-43.26719534948081,2956,1782.56,0.431,0.0017,1.56
2584.87,-22.88472486045064,-43.29643285206332,2557,1782.56,0.489,0.0017,1.8
2584.87,-22.869805953313453,-43.28972292657455,2737,1782.56,0.434,0.0018,1.85
2584.87,-22.888255012773346,-43.28595440982584,2963,1782.56,0.4,0.0015,1.83
2584.87,-22.863011240699805,-43.27912413886022,2622,1782.56,0.435,0.0015,1.98
2584.87,-22.861492160766815,-43.30304129907048,2597,1782.56,0.466,0.0017,1.81
2584.87,-22.86283564347404,-43.29347467771211,2633,1782.56,0.427,0.0018,1.77
2584.87,-22.87859339716551,-43.286876010892534,2695,1782.56,0.467,0.0015,1.94
2584.87,-22.87143458612598,-43.26949400000578,2889,1782.56,0.481,0.0018,1.6
2584.87,-22.88717693601249,-43.303481566569786,2812,1782.56,0.427,0.0017,1.89
2584.87,-22.871209003769785,-43.305739958086846,2675,1782.56,0.435,0.0019,1.85
2584.87,-22.882739662015414,-43.27436970845517,2699,1782.56,0.451,0.0019,1.85
2584.87,-22.86132513843861,-43.300739072527676,2925,1782.56,0.435,0.0016,1.67
2584.87,-22.869611223913218,-43.29033624211841,2746,1782.56,0.429,0.0016,1.64
2584.87,-22.859001569774904,-43.29193429934413,2859,1782.56,0.432,0.0015,1.63
2584.87,-22.871822805042193,-43.283667704162596,2717,1782.56,0.467,0.0018,1.9
2584.87,-22.890302059000735,-43.32757993315172,2529,1782.56,0.454,0.0018,1.54
2584.87,-22.85209561925868,-43.29621764528502,2880,1782.56,0.461,0.0018,1.66
2584.87,-22.875515460916926,-43.31069020128653,2974,1782.56,0.447,0.0016,1.5
2584.87,-22.87167666549464,-43.32423136498003,2873,1782.56,0.454,0.0018,1.96
2584.87,-22.872231186627943,-43.33368539327478,2633,1782.56,0.449,0.0015,1.62
2584.87,-22.869061768283025,-43.31704078257435,2586,1782.56,0.43,0.0019,1.88
2584.87,-22.87174129713043,-43.27980852989895,2710,1782.56,0.444,0.0018,1.97
2584.87,-22.85629180486859,-43.3176659458171,2538,1782.56,0.481,0.0019,1.85
2584.87,-22.857292338452964,-43.328270454943,2895,1782.56,0.439,0.0015,1.83
2584.87,-22.881551873077655,-43.333125831061146,2686,1782.56,0.436,0.0017,1.6
2584.87,-22.860857134715587,-43.27805752582416,2653,1782.56,0.417,0.0019,1.56
2584.87,-22.881551873077655,-43.333125831061146,2759,1782.56,0.476,0.0015,1.67
2584.88,-22.89866055925909,-43.326964581551024,2760,1782.56,0.469,0.0018,1.7
2584.88,-22.858215943544252,-43.30285628166705,2934,1782.56,0.429,0.0017,1.65
2584.88,-22.88078056851191,-43.322729273656115,2702,1782.56,0.461,0.0018,1.6
2584.88,-22.881333419710195,-43.321184370785694,2845,1782.56,0.444,0.0017,1.6
2584.88,-22.87015350840377,-43.31876750576074,2891,1782.56,0.488,0.0017,1.75
2584.9,-22.867364115090226,-43.30119033532758,2871,1782.56,0.434,0.0016,1.76
2584.9,-22.861116383190375,-43.306281424567054,2752,1782.56,0.44,0.0019,1.78
2584.9,-22.87669317578605,-43.291644222597775,2604,1782.56,0.43,0.0019,1.62
2584.9,-22.858273209561837,-43.27801793683567,2650,1782.56,0.446,0.0017,1.84
2584.9,-22.874419027380306,-43.28372126720013,2789,1782.56,0.418,0.0019,1.5
2584.9,-22.86711369768245,-43.29231942816386,2750,1782.56,0.484,0.0016,1.67
2584.92,-22.897529658460527,-43.318345479199664,2610,1782.56,0.418,0.0016,1.86
2584.92,-22.877044057031124,-43.32585217379867,2826,1782.56,0.489,0.0015,1.53
2584.92,-22.878938327788468,-43.3265110096202,2722,1782.56,0.469,0.0015,1.67
2584.92,-22.869955584691237,-43.32150101062384,2582,1782.56,0.488,0.0017,1.51
2584.92,-22.868307585939647,-43.281719632505286,2844,1782.56,0.44,0.0017,1.98
2584.92,-22.874492997743786,-43.312444693851766,2619,1782.56,0.472,0.0015,1.97
2584.94,-22.891089403246085,-43.3167834405611,2852,1782.56,0.478,0.0018,1.57
2584.94,-22.88322984648596,-43.28421464468421,2878,1782.56,0.444,0.0017,1.6
2584.94,-22.87015350840377,-43.31876750576074,2556,1782.56,0.481,0.0018,1.89
2584.94,-22.85666281988155,-43.32044612425553,2696,1782.56,0.463,0.0015,1.78
2585.04,-22.883891562489854,-43.28966294594265,2594,1782.56,0.468,0.0015,1.61
2585.04,-22.85832227579783,-43.307138207596104,2701,1782.56,0.469,0.0016,1.69
2585.04,-22.894054080357296,-43.322548986091206,2896,1782.56,0.446,0.0019,1.75
2585.04,-22.893322125393574,-43.29054330329289,2558,1782.56,0.42,0.0015,1.96
2585.05,-22.884036487264332,-43.31166450783011,2667,1782.56,0.433,0.0019,1.68
2585.05,-22.897529658460527,-43.318345479199664,2567,1782.56,0.455,0.0015,1.66
2585.05,-22.869194574702586,-43.30490939599209,2824,1782.56,0.404,0.0018,1.52
2585.05,-22.857123277620413,-43.29574409973182,2917,1782.56,0.473,0.0017,1.82
2585.05,-22.86206484465799,-43.29854747951345,2600,1782.56,0.431,0.0017,1.84
2585.05,-22.860617930915378,-43.28970703182598,2744,1782.56,0.462,0.0015,1.57
2585.05,-22.860857134715587,-43.27805752582416,2565,1782.56,0.447,0.0016,1.99
2585.05,-22.893061988077097,-43.27244154222657,2778,1782.56,0.49,0.0015,1.88
2585.07,-22.8710839047058,-43.28359471863838,2644,1782.56,0.488,0.0019,1.6
2585.07,-22.87612144329601,-43.323680871304816,2982,1782.56,0.466,0.0017,1.9
2585.07,-22.882159172943954,-43.32345251271192,2706,1782.56,0.458,0.0018,1.97
2585.07,-22.88503249841015,-43.324318816889715,2797,1782.56,0.472,0.0016,1.63
2585.08,-22.86283564347404,-43.29347467771211,2656,1782.56,0.427,0.0017,1.77
2585.08,-22.866180673539375,-43.29255772244056,2570,1782.56,0.48,0.0017,1.52
2585.08,-22.873148189917117,-43.31526484181589,2815,1782.56,0.461,0.0018,1.82
2585.08,-22.887776573581203,-43.28318743141474,2630,1782.56,0.453,0.0017,1.94
2585.08,-22.86221497512879,-43.30516514856493,2731,1782.56,0.492,0.0017,1.7
2585.08,-22.861399187668834,-43.2926565648536,2937,1782.56,0.48,0.0015,1.71
2585.08,-22.88427167832591,-43.32092673906297,2972,1782.56,0.485,0.0017,1.94
2585.11,-22.861914604835324,-43.305383062241894,2608,1782.56,0.417,0.0018,1.53
2585.11,-22.856211768224753,-43.32841840155298,2720,1782.56,0.446,0.0017,1.51
2585.11,-22.884732663468814,-43.31628033887517,2585,1782.56,0.415,0.0018,1.68
2585.11,-22.852607422648404,-43.298626277056655,2543,1782.56,0.487,0.0018,1.6
2585.11,-22.883030548301637,-43.3356782256163,2720,1782.56,0.425,0.0017,1.81
2585.11,-22.89350124787708,-43.33173002529052,2569,1782.56,0.444,0.0015,1.87
2585.11,-22.8579311397991,-43.32575380126112,2664,1782.56,0.427,0.0016,1.85
2585.11,-22.870459567523028,-43.29559138021254,2737,1782.56,0.488,0.0016,1.55
2585.11,-22.8669795169636,-43.312729395744626,2758,1782.56,0.453,0.0016,1.67
2585.11,-22.861018318152656,-43.321304264919114,2942,1782.56,0.461,0.0018,1.91
2585.11,-22.868942374687943,-43.27206471105248,2582,1782.56,0.486,0.0017,1.85
2585.11,-22.887435727179092,-43.27038733570493,2692,1782.56,0.416,0.0018,1.99
2585.11,-22.871185631521833,-43.334161501074995,2501,1782.56,0.495,0.0018,1.87
2585.11,-22.85666281988155,-43.32044612425553,2998,1782.56,0.446,0.0017,1.82
2585.11,-22.85592316671847,-43.30877386920199,2972,1782.56,0.468,0.0016,1.62
2585.11,-22.875231775363595,-43.27410490241185,2837,1782.56,0.418,0.0016,1.51
2585.11,-22.87308331657023,-43.305089464569086,2750,1782.56,0.419,0.0015,1.66
2585.11,-22.88788703352114,-43.271418990966914,2562,1782.56,0.405,0.0019,1.95
2585.11,-22.886016004221272,-43.27209761929771,2691,1782.56,0.486,0.0019,1.92
2585.11,-22.85023684649563,-43.298567292399085,2783,1782.56,0.483,0.0017,1.82
2585.11,-22.87149261884739,-43.305730370011695,2537,1782.56,0.489,0.0016,1.72
2585.11,-22.86222509286777,-43.2869492477504,2965,1782.56,0.4,0.0018,1.66
2585.16,-22.883044621550756,-43.27253070149058,2769,1782.56,0.434,0.0016,1.7
2585.16,-22.887942772304914,-43.335016025586654,2768,1782.56,0.459,0.0016,1.98
2585.16,-22.86381140933035,-43.329936562683585,2612,1782.56,0.458,0.0015,1.7
2585.16,-22.873148189917117,-43.31526484181589,2727,1782.56,0.466,0.0018,1.53
2585.16,-22.871719493758746,-43.27828847121003,2721,1782.56,0.475,0.0016,1.95
2585.16,-22.86143205741137,-43.3229601040728,2648,1782.56,0.451,0.0017,1.63
2585.17,-22.866295959582743,-43.270612328064914,2984,1782.56,0.486,0.0016,1.83
2585.17,-22.88078056851191,-43.322729273656115,2887,1782.56,0.432,0.0015,1.79
2585.17,-22.888255012773346,-43.28595440982584,2720,1782.56,0.472,0.0017,1.99
2585.17,-22.867021344732553,-43.307514989302184,2509,1782.56,0.452,0.0017,1.8
2585.17,-22.871145094853688,-43.28174662556796,2917,1782.56,0.408,0.0017,1.76
2585.17,-22.865542753893855,-43.27607840214181,2907,1782.56,0.428,0.0018,1.55
2585.17,-22.885084361492257,-43.28521909640368,2895,1782.56,0.404,0.0015,1.56
2585.17,-22.8669795169636,-43.312729395744626,2609,1782.56,0.427,0.0018,1.7
2585.17,-22.863415548060487,-43.323317634222505,2748,1782.56,0.411,0.0019,1.87
2585.17,-22.89912367879457,-43.2891889620023,2627,1782.56,0.448,0.0015,1.96
2585.17,-22.865266583287077,-43.32937373118127,2779,1782.56,0.446,0.0017,1.84
2585.17,-22.883867251671116,-43.30251603805003,2753,1782.56,0.438,0.0017,1.71
2585.17,-22.875085854289406,-43.31276047115411,2828,1782.56,0.433,0.0019,1.91
2585.17,-22.855536186537016,-43.289990506140114,2581,1782.56,0.486,0.0015,1.98
2585.17,-22.87669317578605,-43.291644222597775,2503,1782.56,0.449,0.0018,1.87
2585.19,-22.894525850349083,-43.281279503578794,2778,1782.56,0.491,0.0018,1.53
2585.19,-22.875834082414713,-43.27831564801494,2614,1782.56,0.458,0.0019,1.89
2585.19,-22.88309767427097,-43.31674920792804,2675,1782.56,0.472,0.0018,1.83
2585.2,-22.871822805042193,-43.283667704162596,2795,1782.56,0.447,0.0019,1.71
2585.2,-22.882986765816558,-43.32365032257002,2564,1782.56,0.459,0.0018,1.82
2585.2,-22.874743318166633,-43.31929686313053,2852,1782.56,0.496,0.0015,1.55
2585.2,-22.874302246649084,-43.30702553844383,2812,1782.56,0.433,0.0018,1.77
2585.2,-22.869194574702586,-43.30490939599209,2619,1782.56,0.474,0.0015,1.79
2585.2,-22.882354539195187,-43.334620799942,2840,1782.56,0.434,0.0015,1.66
2585.21,-22.8579311397991,-43.32575380126112,2566,1782.56,0.431,0.0019,1.62
2585.21,-22.862182974883037,-43.30926384783481,2875,1782.56,0.458,0.0017,1.88
2585.21,-22.861116383190375,-43.306281424567054,2840,1782.56,0.432,0.0015,1.77
2585.21,-22.866770325140486,-43.278420343142365,2984,1782.56,0.49,0.0019,1.6
2585.21,-22.886969983847738,-43.30609520493499,2901,1782.56,0.467,0.0018,1.86
2585.21,-22.885270044065155,-43.31713716374416,2756,1782.56,0.417,0.0019,1.77
2585.21,-22.87070395523622,-43.28421036286542,2547,1782.56,0.413,0.0018,1.59
2585.21,-22.85710416701063,-43.304086900341545,2673,1782.56,0.435,0.0018,1.8
2585.21,-22.88589617068067,-43.28669426317693,2551,1782.56,0.455,0.0019,1.5
2585.26,-22.8579311397991,-43.32575380126112,2560,1782.56,0.441,0.0015,1.56
2585.26,-22.87612594106117,-43.30746147147047,2832,1782.56,0.494,0.0018,1.56
2585.26,-22.867230008683155,-43.2898652432337,2943,1782.56,0.448,0.0019,1.6
2585.26,-22.8685102980563,-43.28049395655852,2785,1782.56,0.455,0.0015,1.54
2585.26,-22.859308857747987,-43.31502500596901,2729,1782.56,0.416,0.0015,1.59
2585.26,-22.88427167832591,-43.32092673906297,2957,1782.56,0.453,0.0018,1.89
2585.26,-22.854745499942936,-43.292818165705725,2782,1782.56,0.46,0.0017,1.7
2585.26,-22.884215047491185,-43.286962960829634,2816,1782.56,0.498,0.0016,1.85
2585.26,-22.85340758185386,-43.301772407423,2523,1782.56,0.454,0.0019,1.72
2585.26,-22.848738373059586,-43.29781761613115,2980,1782.56,0.45,0.0017,1.9
2585.26,-22.86370154201032,-43.275263209670356,2671,1782.56,0.467,0.0018,1.9
2585.26,-22.89189318600961,-43.335384174879266,2785,1782.56,0.484,0.0016,1.86
2585.27,-22.87174129713043,-43.27980852989895,2601,1782.56,0.499,0.0016,1.94
2585.27,-22.895007079686994,-43.32139147487483,2747,1782.56,0.459,0.0019,1.92
2585.27,-22.88931882485539,-43.28966428164412,2968,1782.56,0.427,0.0016,1.92
2585.27,-22.865673580592134,-43.29967410467113,2682,1782.56,0.464,0.0016,1.69
2585.27,-22.86949389367307,-43.289631791960566,2614,1782.56,0.464,0.0018,1.96
2585.27,-22.85498734811861,-43.30331227430829,2507,1782.56,0.449,0.0019,1.98
2585.27,-22.85728372610451,-43.31757331912454,2596,1782.56,0.455,0.0019,1.92
2585.27,-22.88551657420369,-43.329699326247216,2659,1782.56,0.414,0.0017,1.68
2585.27,-22.87292101376026,-43.2849722770823,2625,1782.56,0.481,0.0017,1.93
2585.27,-22.87669317578605,-43.291644222597775,2996,1782.56,0.432,0.0016,1.98
2585.27,-22.861340447661618,-43.31260812808475,2951,1782.56,0.498,0.0016,1.55
2585.27,-22.892895319049963,-43.316131804558516,2749,1782.56,0.433,0.0019,1.91
2585.27,-22.86493449045638,-43.28912110732493,2758,1782.56,0.448,0.0016,1.91
2585.27,-22.869061768283025,-43.31704078257435,2932,1782.56,0.444,0.0018,1.65
2585.27,-22.852756897456484,-43.310038421031464,2744,1782.56,0.442,0.0018,1.99
2585.27,-22.882295866927176,-43.32450889376895,2654,1782.56,0.41,0.0016,1.67
2585.27,-22.888925165061927,-43.331746474485364,2726,1782.56,0.487,0.0016,1.89
2585.27,-22.849064033953866,-43.30009229678292,2535,1782.56,0.487,0.0019,1.85
2585.27,-22.84947814309329,-43.298027643961824,2791,1782.56,0.488,0.0017,1.96
2585.27,-22.889317434161647,-43.2726372572297,2820,1782.56,0.413,0.0019,1.75
2585.27,-22.881551873077655,-43.333125831061146,2756,1782.56,0.474,0.0016,1.88
2585.27,-22.863459854588292,-43.30014903832372,2519,1782.56,0.475,0.0019,1.84
2585.29,-22.865391656096406,-43.29681388799275,2590,1782.56,0.414,0.0016,1.71
2585.29,-22.876164868609784,-43.286342101979244,2757,1782.56,0.472,0.0019,1.59
2585.29,-22.87143458612598,-43.26949400000578,2675,1782.56,0.473,0.0015,1.55
2585.29,-22.882295866927176,-43.32450889376895,2882,1782.56,0.486,0.0019,1.69
2585.29,-22.87174129713043,-43.27980852989895,2899,1782.56,0.43,0.0015,1.79
2585.29,-22.876824543770894,-43.27666172746651,2689,1782.56,0.414,0.0015,1.52
2585.29,-22.865683622380516,-43.310260791624906,2806,1782.56,0.44,0.0015,1.76
2585.29,-22.884615370405403,-43.336687407352116,2880,1782.56,0.418,0.0018,1.63
2585.29,-22.88589617068067,-43.28669426317693,2682,1782.56,0.448,0.0017,1.82
2585.29,-22.88931882485539,-43.28966428164412,2719,1782.56,0.431,0.0016,1.77
2585.29,-22.877044057031124,-43.32585217379867,2833,1782.56,0.439,0.0019,1.9
2585.29,-22.889737591711263,-43.27804566482924,2788,1782.56,0.448,0.0016,1.72
2585.29,-22.865577930445912,-43.335811501369385,2745,1782.56,0.453,0.0015,1.68
2585.29,-22.889129492842276,-43.31751945952847,2652,1782.56,0.458,0.0016,1.64
2585.29,-22.888114719854006,-43.29496886083367,2533,1782.56,0.424,0.0017,1.97
2585.29,-22.87223476720097,-43.29336171521947,2851,1782.56,0.458,0.0019,1.95
2585.29,-22.89796189835094,-43.329479329006716,2989,1782.56,0.453,0.0016,1.64
2585.29,-22.856268461025326,-43.28601419506252,2661,1782.56,0.433,0.0016,1.87
2585.29,-22.87545953618512,-43.294865125762904,2933,1782.56,0.43,0.0017,1.75
2585.29,-22.8776379226127,-43.306554287574436,2966,1782.56,0.459,0.0016,1.52
2585.29,-22.89496887400113,-43.315918410614934,2703,1782.56,0.428,0.0017,1.77
2585.29,-22.85320099357766,-43.28998429458865,2970,1782.56,0.474,0.0016,1.75
2585.29,-22.894054080357296,-43.322548986091206,2806,1782.56,0.432,0.0017,1.99
2585.29,-22.881988610968897,-43.3256408177475,2654,1782.56,0.487,0.0016,1.87
2585.29,-22.864647269482234,-43.3136351748248,2611,1782.56,0.403,0.0019,1.56
2585.29,-22.858215943544252,-43.30285628166705,2865,1782.56,0.464,0.0015,1.67
2585.29,-22.878678970104733,-43.2893826947477,2595,1782.56,0.417,0.0015,1.69
2585.29,-22.89055249713112,-43.280109026183055,2792,1782.56,0.464,0.0015,1.71
2585.29,-22.8787470534882,-43.32230690243902,2831,1782.56,0.442,0.0015,1.74
2585.31,-22.885084361492257,-43.28521909640368,2906,1782.56,0.46,0.0019,1.54
2585.31,-22.876915571808613,-43.29389117666397,2563,1782.56,0.464,0.0017,1.61
2585.31,-22.869647425864212,-43.326493151495754,2583,1782.56,0.465,0.0019,1.88
2585.31,-22.863415548060487,-43.323317634222505,2943,1782.56,0.482,0.0015,1.98
2585.31,-22.888404163074107,-43.3373153549039,2931,1782.56,0.452,0.0016,1.78
2585.31,-22.893322125393574,-43.29054330329289,2820,1782.56,0.422,0.0017,1.69
2585.31,-22.869300268927798,-43.332347474286664,2944,1782.56,0.469,0.0016,1.61
2585.31,-22.8750334597687,-43.29253179376653,2520,1782.56,0.488,0.0019,1.88
2585.31,-22.859443527293752,-43.313754846042464,2685,1782.56,0.429,0.0015,1.93
2585.31,-22.8580219822232,-43.32874338434754,2798,1782.56,0.452,0.0016,1.78
2585.31,-22.857526261962377,-43.273044637111475,2812,1782.56,0.404,0.0015,1.52
2585.31,-22.859443527293752,-43.313754846042464,2789,1782.56,0.449,0.0016,1.58
2585.31,-22.868086042102256,-43.27464160371426,2875,1782.56,0.409,0.0017,1.56
2585.31,-22.867021344732553,-43.307514989302184,2656,1782.56,0.486,0.0017,1.7
2585.31,-22.891604418991513,-43.32057109748399,2990,1782.56,0.481,0.0015,1.69
2585.31,-22.897828521923,-43.32076240791066,2620,1782.56,0.476,0.0019,1.64
2585.31,-22.87247266811023,-43.29552183360868,2972,1782.56,0.448,0.0015,1.82
2585.31,-22.870061319264384,-43.33215504327575,2803,1782.56,0.439,0.0017,1.85
2585.31,-22.8579311397991,-43.32575380126112,2535,1782.56,0.458,0.0017,1.79
2585.31,-22.882986765816558,-43.32365032257002,2714,1782.56,0.431,0.0019,1.67
2585.31,-22.888970419873544,-43.276900447868826,2954,1782.56,0.402,0.0016,1.75
2585.31,-22.896652938121445,-43.287712982795526,2595,1782.56,0.467,0.0018,1.96
2585.31,-22.854745499942936,-43.292818165705725,2900,1782.56,0.492,0.0016,1.55
2585.31,-22.87308331657023,-43.305089464569086,2887,1782.56,0.413,0.0017,1.88
2585.31,-22.871209003769785,-43.305739958086846,2677,1782.56,0.483,0.0017,1.89
2585.31,-22.87669317578605,-43.291644222597775,2640,1782.56,0.499,0.0016,1.56
2585.31,-22.890137375091086,-43.277664054382306,2735,1782.56,0.463,0.0018,1.85
2585.31,-22.891804245638014,-43.32012754327931,2889,1782.56,0.442,0.0018,1.52
2585.31,-22.871185631521833,-43.334161501074995,2540,1782.56,0.485,0.0016,1.67
2585.31,-22.869793334924008,-43.293918449790546,2797,1782.56,0.442,0.0019,1.79
2585.31,-22.862834207827355,-43.31507750304328,2590,1782.56,0.46,0.0017,1.88
2585.31,-22.86949389367307,-43.289631791960566,2896,1782.56,0.491,0.0017,1.61
2585.31,-22.884561946601494,-43.27513063556018,2767,1782.56,0.478,0.0015,1.51
2585.31,-22.881649035667248,-43.32184270828055,2732,1782.56,0.404,0.0016,1.88
2585.31,-22.896654692875437,-43.28478563615814,2522,1782.56,0.435,0.0018,1.57
2585.31,-22.86711369768245,-43.29231942816386,2699,1782.56,0.464,0.0019,1.68
2585.31,-22.87029486590473,-43.33249884454889,2713,1782.56,0.435,0.0018,1.8
2585.32,-22.858077548881493,-43.2752935821443,2774,1782.56,0.435,0.0019,1.87
2585.32,-22.868163405105054,-43.311604199720115,2647,1782.56,0.447,0.0018,1.88
2585.32,-22.88775419686622,-43.33164779315465,2696,1782.56,0.466,0.0018,1.65
2585.32,-22.869805953313453,-43.28972292657455,2619,1782.56,0.421,0.0015,1.94
2585.32,-22.847288088171606,-43.295177229050445,2500,1782.56,0.498,0.0019,1.76
2585.32,-22.865683622380516,-43.310260791624906,2840,1782.56,0.463,0.0019,1.83
2585.32,-22.86222509286777,-43.2869492477504,2946,1782.56,0.499,0.0015,1.79
2585.32,-22.86404647579271,-43.29436203736227,2831,1782.56,0.445,0.0017,1.99
2585.39,-22.871822805042193,-43.283667704162596,2746,1782.56,0.405,0.0016,1.67
2585.39,-22.896364735439438,-43.32828877844426,2718,1782.56,0.455,0.0017,1.93
2585.39,-22.884036487264332,-43.31166450783011,2848,1782.56,0.448,0.0017,1.9
2585.39,-22.89796189835094,-43.329479329006716,2932,1782.56,0.423,0.0017,1.52
2585.39,-22.859443527293752,-43.313754846042464,2657,1782.56,0.457,0.0016,1.94
2585.39,-22.858555044831977,-43.314251573352315,2841,1782.56,0.426,0.0015,1.74
2585.39,-22.88775419686622,-43.33164779315465,2721,1782.56,0.465,0.0017,1.74
2585.39,-22.88809210983536,-43.286663944830735,2560,1782.56,0.408,0.0018,1.88
2585.39,-22.89116912448737,-43.26883851674487,2964,1782.56,0.445,0.0015,1.59
2585.39,-22.88467040718113,-43.322932403912745,2609,1782.56,0.482,0.0018,1.62
2585.39,-22.859280335561404,-43.27687464822287,2740,1782.56,0.446,0.0018,1.89
2585.39,-22.88138736370065,-43.28312116559284,2611,1782.56,0.447,0.0016,1.8
2585.39,-22.86486717571422,-43.31091685420294,2757,1782.56,0.437,0.0019,1.62
2585.39,-22.89148264713646,-43.27986645003522,2966,1782.56,0.402,0.0016,1.58
2585.39,-22.866754144869372,-43.306332011179705,2665,1782.56,0.418,0.0017,1.87
2585.39,-22.89866055925909,-43.326964581551024,2924,1782.56,0.496,0.0016,1.67
2585.39,-22.89177809869233,-43.28695883070058,2860,1782.56,0.496,0.0015,1.99
2585.39,-22.86741089713757,-43.31583023259235,2983,1782.56,0.405,0.0015,1.59
2585.39,-22.889737591711263,-43.27804566482924,2878,1782.56,0.473,0.0016,1.79
2585.39,-22.862662756127307,-43.280590087419654,2953,1782.56,0.442,0.0017,1.86
2585.39,-22.870061319264384,-43.33215504327575,2666,1782.56,0.475,0.0015,1.7
2585.39,-22.885118611594255,-43.3058813521704,2890,1782.56,0.406,0.0015,1.71
2585.39,-22.875464277457617,-43.27792316983827,2691,1782.56,0.496,0.0018,1.72
2585.43,-22.870206340591764,-43.278809172268794,2952,1782.56,0.492,0.0016,1.95
2585.43,-22.88733155941451,-43.26987308282541,2681,1782.56,0.423,0.0018,1.54
2585.43,-22.88990044773605,-43.27986962630341,2703,1782.56,0.449,0.0018,1.85
2585.43,-22.86540222513423,-43.27693918854471,2924,1782.56,0.413,0.0017,1.94
2585.43,-22.889317434161647,-43.2726372572297,2995,1782.56,0.466,0.0018,1.92
2585.43,-22.864211710200387,-43.29555600835499,2989,1782.56,0.403,0.0016,1.57
2585.43,-22.866156674570156,-43.270982692369834,2602,1782.56,0.442,0.0016,1.75
2585.43,-22.871228999758696,-43.29926589816055,2517,1782.56,0.485,0.0017,1.98
2585.43,-22.874148355983735,-43.30891140765203,2772,1782.56,0.488,0.0019,1.67
2585.43,-22.860481074323943,-43.298868714970894,2589,1782.56,0.419,0.0016,1.87
2585.43,-22.889755566209402,-43.26860091856575,2658,1782.56,0.469,0.0018,1.59
2585.43,-22.845248759869055,-43.3032342222112,2595,1782.56,0.461,0.0016,1.87
2585.43,-22.88589617068067,-43.28669426317693,2739,1782.56,0.415,0.0017,1.77
2585.43,-22.897828521923,-43.32076240791066,2942,1782.56,0.446,0.0018,1.7
2585.46,-22.870064152026032,-43.332426309660676,2893,1782.56,0.456,0.0019,1.9
2585.46,-22.877127088132532,-43.313636642888476,2960,1782.56,0.422,0.0016,1.6
2585.46,-22.862834207827355,-43.31507750304328,2503,1782.56,0.42,0.0019,1.62
2585.46,-22.87857289987672,-43.29592354266078,2884,1782.56,0.424,0.0019,1.55
2585.46,-22.85752838383372,-43.320576888305446,2731,1782.56,0.492,0.0016,1.5
2585.46,-22.864398382493288,-43.29631040963082,2503,1782.56,0.47,0.0016,1.85
2585.46,-22.88429130419991,-43.32979618231325,2836,1782.56,0.415,0.0019,1.7
2585.46,-22.866156674570156,-43.270982692369834,2602,1782.56,0.486,0.0017,1.63
2585.46,-22.869938702555682,-43.33162323026781,2830,1782.56,0.434,0.0016,1.72
2585.46,-22.889457716445055,-43.32113741309723,2821,1782.56,0.455,0.0017,1.98
2585.5,-22.87149261884739,-43.305730370011695,2998,1782.56,0.456,0.0015,1.77
2585.5,-22.897529658460527,-43.318345479199664,2858,1782.56,0.406,0.0015,1.91
2585.5,-22.875515460916926,-43.31069020128653,2741,1782.56,0.407,0.0018,1.98
2585.5,-22.874419027380306,-43.28372126720013,2664,1782.56,0.418,0.0017,1.93
2585.5,-22.87578904193713,-43.27884368851319,2752,1782.56,0.495,0.0016,1.79
2585.5,-22.868610664476332,-43.29489435252647,2755,1782.56,0.433,0.0019,1.6
2585.5,-22.85468622919643,-43.31348299559518,2795,1782.56,0.455,0.0016,1.89
2585.5,-22.870092504796666,-43.29135775802206,2856,1782.56,0.444,0.0018,1.81
2585.5,-22.86149760224237,-43.29288947173588,2585,1782.56,0.44,0.0015,1.69
2585.5,-22.863143577419685,-43.30771135724236,2837,1782.56,0.438,0.0017,1.66
2585.5,-22.884732663468814,-43.31628033887517,2954,1782.56,0.44,0.0016,1.65
2585.54,-22.859725542708905,-43.2808886018145,2924,1782.56,0.468,0.0017,1.66
2585.54,-22.865237651956964,-43.335306588392484,2973,1782.56,0.432,0.0018,1.92
2585.54,-22.85340758185386,-43.301772407423,2618,1782.56,0.493,0.0016,1.63
2585.54,-22.87070395523622,-43.28421036286542,2695,1782.56,0.474,0.0018,1.81
2585.54,-22.873148189917117,-43.31526484181589,2581,1782.56,0.416,0.0015,1.61
2585.54,-22.87070398097288,-43.30730938443952,2543,1782.56,0.429,0.0015,1.53
2585.54,-22.869061768283025,-43.31704078257435,2543,1782.56,0.472,0.0017,1.78
2585.54,-22.860857134715587,-43.27805752582416,2898,1782.56,0.408,0.0016,1.57
2585.54,-22.88429130419991,-43.32979618231325,2999,1782.56,0.412,0.0015,1.72
2585.54,-22.85752838383372,-43.320576888305446,2690,1782.56,0.422,0.0019,1.95
2585.55,-22.861916010114125,-43.30826500979156,2852,1782.56,0.489,0.0015,1.69
2585.55,-22.866156674570156,-43.270982692369834,2955,1782.56,0.427,0.0019,1.81
2585.55,-22.861710046858633,-43.278467531094556,2817,1782.56,0.463,0.0015,1.8
2585.55,-22.874148355983735,-43.30891140765203,2668,1782.56,0.482,0.0015,1.62
2585.55,-22.881056312473603,-43.311058769951785,2971,1782.56,0.477,0.0016,1.83
2585.55,-22.86540222513423,-43.27693918854471,2606,1782.56,0.466,0.0018,1.9
2585.55,-22.863391643148574,-43.28982290627995,2973,1782.56,0.453,0.0018,1.56
2585.56,-22.861116383190375,-43.306281424567054,2699,1782.56,0.414,0.0018,1.81
2585.56,-22.86205585541741,-43.28820058141566,2521,1782.56,0.45,0.0018,1.94
2585.56,-22.862464497491782,-43.2784074908392,2530,1782.56,0.476,0.0017,1.93
2585.59,-22.88140571261693,-43.31563277652367,2911,1782.56,0.425,0.0017,1.71
2585.59,-22.878082994140353,-43.310192460343124,2969,1782.56,0.494,0.0018,1.9
2585.59,-22.880238359783807,-43.31131469976535,2859,1782.56,0.418,0.0015,1.64
2585.59,-22.87612144329601,-43.323680871304816,2530,1782.56,0.49,0.0017,1.5
2585.59,-22.858037683480056,-43.30275192403924,2727,1782.56,0.427,0.0015,1.83
2585.59,-22.86961225052659,-43.273621960841055,2945,1782.56,0.46,0.0015,1.56
2585.59,-22.876164868609784,-43.286342101979244,2622,1782.56,0.484,0.0019,1.81
2585.59,-22.88807446890354,-43.28263784741499,2841,1782.56,0.421,0.0018,1.7
2585.68,-22.87857289987672,-43.29592354266078,2609,1782.56,0.432,0.0016,1.53
2585.68,-22.867230008683155,-43.2898652432337,2730,1782.56,0.414,0.0016,1.96
2585.68,-22.861914604835324,-43.305383062241894,2688,1782.56,0.423,0.0017,1.56
2585.68,-22.89288154320739,-43.286883687835434,2788,1782.56,0.417,0.0018,1.91
2585.68,-22.845248759869055,-43.3032342222112,2891,1782.56,0.492,0.0017,1.61
2585.68,-22.887776573581203,-43.28318743141474,2956,1782.56,0.46,0.0017,1.79
2585.68,-22.87612144329601,-43.323680871304816,2968,1782.56,0.46,0.0018,1.97
2585.68,-22.888925165061927,-43.331746474485364,2709,1782.56,0.48,0.0016,1.73
2585.68,-22.863415548060487,-43.323317634222505,2911,1782.56,0.49,0.0019,1.78
2585.69,-22.871213697020938,-43.306677884270364,2561,1782.56,0.421,0.0015,1.94
2585.69,-22.86951098217584,-43.273374949206584,2681,1782.56,0.482,0.0019,1.62
2585.69,-22.870061319264384,-43.33215504327575,2760,1782.56,0.484,0.0016,1.54
2585.69,-22.872231186627943,-43.33368539327478,2673,1782.56,0.493,0.0018,1.72
2585.69,-22.884615370405403,-43.336687407352116,2691,1782.56,0.424,0.0017,1.59
2585.69,-22.868487159399706,-43.30384138737934,2858,1782.56,0.457,0.0017,1.85
2585.69,-22.86205585541741,-43.28820058141566,2590,1782.56,0.493,0.0015,1.89
2585.69,-22.870064152026032,-43.332426309660676,2633,1782.56,0.491,0.0016,1.54
2585.69,-22.88520284739984,-43.304851073840815,2826,1782.56,0.431,0.0017,1.72
2585.69,-22.88472486045064,-43.29643285206332,2620,1782.56,0.476,0.0017,1.98
2585.79,-22.869091144335815,-43.29810859284284,2516,1782.56,0.445,0.0017,1.89
2585.79,-22.872639053563336,-43.3191439334825,2871,1782.56,0.419,0.0019,1.99
2585.79,-22.890137375091086,-43.277664054382306,2796,1782.56,0.4,0.0018,1.66
2585.79,-22.874593114721886,-43.29506176950043,2882,1782.56,0.466,0.0015,1.7
2585.79,-22.88472486045064,-43.29643285206332,2826,1782.56,0.423,0.0019,1.58
2585.79,-22.85468622919643,-43.31348299559518,2767,1782.56,0.496,0.0017,1.81
2585.81,-22.88150700142016,-43.27882017150691,2687,1782.56,0.461,0.0019,1.73
2585.81,-22.892388545838266,-43.288957423371535,2544,1782.56,0.442,0.0015,1.94
2585.81,-22.89177809869233,-43.28695883070058,2840,1782.56,0.468,0.0019,1.81
2585.81,-22.88419594579328,-43.28506952767958,2898,1782.56,0.447,0.0018,1.72
2585.81,-22.894448313775243,-43.32140260734481,2912,1782.56,0.439,0.0016,1.8
2585.81,-22.877044057031124,-43.32585217379867,2804,1782.56,0.462,0.0017,1.95
2585.81,-22.858628339397463,-43.29865405889191,2636,1782.56,0.422,0.0015,1.84
2585.81,-22.866695168633957,-43.32761741916098,2706,1782.56,0.456,0.0016,1.88
2585.81,-22.883044621550756,-43.27253070149058,2906,1782.56,0.495,0.0018,1.69
2585.84,-22.87247266811023,-43.29552183360868,2833,1782.56,0.41,0.0015,1.6
2585.84,-22.863143577419685,-43.30771135724236,2901,1782.56,0.4,0.0017,1.63
2585.84,-22.879885961699628,-43.295482481050094,2961,1782.56,0.444,0.0019,1.6
2585.84,-22.874879843682866,-43.312921041067106,2898,1782.56,0.499,0.0015,1.92
2585.84,-22.865673580592134,-43.29967410467113,2881,1782.56,0.496,0.0019,1.99
2585.85,-22.86178952014623,-43.307313325016665,2558,1782.56,0.497,0.0017,1.5
2585.85,-22.862834207827355,-43.31507750304328,2570,1782.56,0.403,0.0018,1.83
2585.85,-22.861018318152656,-43.321304264919114,2614,1782.56,0.427,0.0018,1.93
2585.85,-22.881056312473603,-43.311058769951785,2522,1782.56,0.421,0.0018,1.54
2585.85,-22.874712394502676,-43.28282881436501,2881,1782.56,0.407,0.0018,1.73
2585.85,-22.85830737465635,-43.32041805722513,2601,1782.56,0.497,0.0019,1.67
2585.85,-22.869194574702586,-43.30490939599209,2798,1782.56,0.466,0.0016,1.99
2585.9,-22.89350124787708,-43.33173002529052,2582,1782.56,0.454,0.0019,1.98
2585.9,-22.85945488457674,-43.326512509270515,2862,1782.56,0.434,0.0015,1.75
2585.9,-22.888734687164735,-43.29191620907745,2701,1782.56,0.49,0.0016,1.56
2585.9,-22.87612144329601,-43.323680871304816,2707,1782.56,0.411,0.0016,1.69
2585.9,-22.875957917710124,-43.325732268114734,2906,1782.56,0.424,0.0015,1.51
2585.9,-22.894768460259577,-43.325108224624465,2802,1782.56,0.493,0.0019,1.65
2585.9,-22.889578146447786,-43.331262264623696,2899,1782.56,0.491,0.0017,1.9
2585.9,-22.85936162084503,-43.290536673132685,2931,1782.56,0.472,0.0017,1.88
2585.9,-22.870956151955397,-43.31321927936711,2839,1782.56,0.497,0.0016,1.55
2585.9,-22.864398382493288,-43.29631040963082,2536,1782.56,0.436,0.0017,1.74
2585.91,-22.861135040004815,-43.30712425112237,2743,1782.56,0.437,0.0019,1.72
2585.91,-22.88990044773605,-43.27986962630341,2652,1782.56,0.439,0.0015,1.8
2585.91,-22.87292101376026,-43.2849722770823,2828,1782.56,0.42,0.0015,1.87
2585.91,-22.886016004221272,-43.27209761929771,2923,1782.56,0.496,0.0019,1.88
2585.91,-22.870459567523028,-43.29559138021254,2826,1782.56,0.488,0.0015,1.84
2585.91,-22.88656171280685,-43.27530997233421,2824,1782.56,0.485,0.0018,1.61
2585.91,-22.87208535551471,-43.292984902810836,2870,1782.56,0.467,0.0018,1.56
2585.91,-22.86340826042182,-43.31149043301849,2833,1782.56,0.496,0.0015,1.99
2585.91,-22.883044621550756,-43.27253070149058,2593,1782.56,0.461,0.0019,1.99
2585.91,-22.895008198056836,-43.33039785933877,2630,1782.56,0.409,0.0015,1.76
2585.91,-22.876723085458455,-43.273922116031265,2831,1782.56,0.435,0.0017,1.96
2585.94,-22.881333419710195,-43.321184370785694,2642,1782.56,0.416,0.0018,1.66
2585.94,-22.89866055925909,-43.326964581551024,2664,1782.56,0.478,0.0019,1.6
2585.94,-22.85936162084503,-43.290536673132685,2723,1782.56,0.499,0.0018,1.97
2585.94,-22.865621616791085,-43.301637713141396,2780,1782.56,0.445,0.0017,1.72
2585.94,-22.84947814309329,-43.298027643961824,2844,1782.56,0.458,0.0017,1.76
2585.94,-22.89796189835094,-43.329479329006716,2841,1782.56,0.44,0.0015,1.92
2585.94,-22.88140571261693,-43.31563277652367,2646,1782.56,0.413,0.0015,1.93
2585.94,-22.868433559223956,-43.291280473480036,2741,1782.56,0.498,0.0015,1.68
2585.94,-22.846127183459664,-43.309759813707345,2933,1782.56,0.468,0.0015,1.73
2585.94,-22.888149570635296,-43.2739540544441,2693,1782.56,0.4,0.0015,1.78
2585.94,-22.871397972907403,-43.28322139568482,2886,1782.56,0.483,0.0015,1.54
2585.94,-22.891089403246085,-43.3167834405611,2905,1782.56,0.479,0.0019,1.77
2585.94,-22.893196891260317,-43.31705142493954,2884,1782.56,0.401,0.0015,1.51
2585.94,-22.866754144869372,-43.306332011179705,2821,1782.56,0.436,0.0017,1.76
2585.94,-22.861399187668834,-43.2926565648536,2693,1782.56,0.49,0.0019,1.93
2585.94,-22.861349365426673,-43.305214149060646,2907,1782.56,0.47,0.0018,1.58
2585.94,-22.87029486590473,-43.33249884454889,2876,1782.56,0.462,0.0015,1.87
2585.94,-22.879916050347088,-43.27329730057226,2728,1782.56,0.414,0.0016,1.84
2585.97,-22.882159172943954,-43.32345251271192,2651,1782.56,0.491,0.0015,1.66
2585.97,-22.858273209561837,-43.27801793683567,2977,1782.56,0.413,0.0018,1.64
2585.97,-22.895958184072008,-43.329875786471284,2667,1782.56,0.486,0.0015,1.5
2585.97,-22.891604418991513,-43.32057109748399,2757,1782.56,0.419,0.0017,1.53
2585.97,-22.872639053563336,-43.3191439334825,2918,1782.56,0.482,0.0017,1.61
2585.97,-22.868307585939647,-43.281719632505286,2504,1782.56,0.426,0.0019,1.57
2585.97,-22.89288154320739,-43.286883687835434,2664,1782.56,0.483,0.0015,1.66
2585.98,-22.878678970104733,-43.2893826947477,2682,1782.56,0.437,0.0018,1.52
2585.98,-22.87380820665509,-43.3308834489832,2969,1782.56,0.433,0.0015,1.5
2585.98,-22.88322984648596,-43.28421464468421,2706,1782.56,0.414,0.0018,1.89
2585.98,-22.86493449045638,-43.28912110732493,2847,1782.56,0.415,0.0015,1.89
2585.98,-22.87149261884739,-43.305730370011695,2883,1782.56,0.438,0.0016,1.94
2585.98,-22.869647425864212,-43.326493151495754,2633,1782.56,0.495,0.0017,1.94
2585.98,-22.870064152026032,-43.332426309660676,2774,1782.56,0.493,0.0015,1.51
2585.98,-22.869194574702586,-43.30490939599209,2784,1782.56,0.411,0.0015,1.51
2585.98,-22.88419073958569,-43.307955209458136,2870,1782.56,0.464,0.0015,1.83
2585.99,-22.845248759869055,-43.3032342222112,2896,1782.56,0.488,0.0016,1.77
2585.99,-22.868610664476332,-43.29489435252647,2670,1782.56,0.487,0.0016,1.55
2585.99,-22.858351274875947,-43.296744959698415,2725,1782.56,0.478,0.0017,1.81
2585.99,-22.86411762234615,-43.28076398939773,2619,1782.56,0.463,0.0019,1.87
2585.99,-22.85830737465635,-43.32041805722513,2635,1782.56,0.476,0.0017,1.82
2585.99,-22.89288154320739,-43.286883687835434,2752,1782.56,0.467,0.0016,1.78
2585.99,-22.872028940590603,-43.32433855365501,2725,1782.56,0.404,0.0015,1.53
2585.99,-22.847079298568104,-43.29783874614938,2767,1782.56,0.476,0.0017,1.89
2586.05,-22.874492997743786,-43.312444693851766,2690,1782.56,0.464,0.0016,1.57
2586.05,-22.862464497491782,-43.2784074908392,2922,1782.56,0.47,0.0018,1.68
2586.05,-22.84534312678508,-43.29636634752985,2681,1782.56,0.419,0.0016,1.97
2586.05,-22.86411762234615,-43.28076398939773,2558,1782.56,0.488,0.0015,1.66
2586.05,-22.858356114030986,-43.31224354083034,2824,1782.56,0.469,0.0019,1.56
2586.05,-22.89200525941612,-43.28187526446192,2924,1782.56,0.405,0.0018,1.63
2586.1,-22.885118611594255,-43.3058813521704,2885,1782.56,0.446,0.0017,1.65
2586.1,-22.85666281988155,-43.32044612425553,2550,1782.56,0.443,0.0016,1.56
2586.1,-22.877443928915834,-43.27869169898269,2964,1782.56,0.431,0.0018,1.99
2586.1,-22.857942866304892,-43.31413091695249,2924,1782.56,0.434,0.0018,1.98
2586.1,-22.85830737465635,-43.32041805722513,2950,1782.56,0.465,0.0019,1.74
2586.1,-22.89365822630807,-43.326354297839345,2817,1782.56,0.464,0.0018,1.61
2586.1,-22.88140571261693,-43.31563277652367,2973,1782.56,0.431,0.0017,1.68
2586.1,-22.848748598421476,-43.30315598662101,2757,1782.56,0.494,0.0016,1.96
2586.1,-22.87817590036917,-43.32492949267456,2722,1782.56,0.412,0.0018,1.62
2586.11,-22.886969983847738,-43.30609520493499,2968,1782.56,0.442,0.0015,1.9
2586.11,-22.869091144335815,-43.29810859284284,2663,1782.56,0.412,0.0015,1.63
2586.11,-22.862856612777097,-43.32606449715569,2953,1782.56,0.448,0.0019,1.73
2586.11,-22.874961602533563,-43.32510125573787,2615,1782.56,0.454,0.0019,1.82
2586.11,-22.87859339716551,-43.286876010892534,2962,1782.56,0.466,0.0015,1.65
2586.11,-22.88864127331701,-43.293615823968004,2798,1782.56,0.477,0.0016,1.75
2586.11,-22.889755566209402,-43.26860091856575,2502,1782.56,0.484,0.0019,1.73
2586.15,-22.847288088171606,-43.295177229050445,2553,1782.56,0.475,0.0015,1.52
2586.15,-22.870440572821785,-43.29706772608022,2501,1782.56,0.464,0.0019,1.66
2586.15,-22.89200525941612,-43.28187526446192,2992,1782.56,0.423,0.0017,1.77
2586.15,-22.867021344732553,-43.307514989302184,2870,1782.56,0.483,0.0018,1.93
2586.15,-22.861140585512423,-43.28010575292516,2614,1782.56,0.408,0.0016,1.86
2586.15,-22.8669795169636,-43.312729395744626,2815,1782.56,0.413,0.0019,1.65
2586.15,-22.88990044773605,-43.27986962630341,2580,1782.56,0.461,0.0017,1.64
2586.15,-22.869955584691237,-43.32150101062384,2910,1782.56,0.401,0.0018,1.85
2586.15,-22.874148355983735,-43.30891140765203,2871,1782.56,0.449,0.0017,1.55
2586.15,-22.89288154320739,-43.286883687835434,2996,1782.56,0.482,0.0017,1.89
2586.15,-22.861532363431817,-43.29386874824151,2667,1782.56,0.498,0.0015,1.7
2586.15,-22.875121999585705,-43.302579846612964,2997,1782.56,0.482,0.0019,1.57
2586.15,-22.85592316671847,-43.30877386920199,2773,1782.56,0.467,0.0015,1.57
2586.15,-22.868610664476332,-43.29489435252647,2506,1782.56,0.406,0.0016,1.92
2586.15,-22.856733691680848,-43.31181063497515,2663,1782.56,0.464,0.0018,1.86
2586.15,-22.89912367879457,-43.2891889620023,2747,1782.56,0.409,0.0017,1.61
2586.15,-22.88609409087955,-43.32311508249367,2968,1782.56,0.472,0.0017,1.95
2586.15,-22.86340826042182,-43.31149043301849,2678,1782.56,0.405,0.0019,1.67
2586.15,-22.864398382493288,-43.29631040963082,2815,1782.56,0.416,0.0017,1.69
2586.15,-22.889011332646945,-43.2839897527779,2926,1782.56,0.465,0.0019,1.94
2586.15,-22.88472486045064,-43.29643285206332,2792,1782.56,0.455,0.0017,1.98
2586.15,-22.868942374687943,-43.27206471105248,2624,1782.56,0.428,0.0017,1.77
2586.19,-22.88864127331701,-43.293615823968004,2619,1782.56,0.413,0.0017,1.64
2586.19,-22.889317434161647,-43.2726372572297,2782,1782.56,0.421,0.0017,1.6
2586.19,-22.869938702555682,-43.33162323026781,2503,1782.56,0.457,0.0018,1.66
2586.19,-22.87015350840377,-43.31876750576074,2920,1782.56,0.473,0.0019,1.61
2586.19,-22.88990044773605,-43.27986962630341,2832,1782.56,0.443,0.0018,1.53
2586.19,-22.88931882485539,-43.28966428164412,2834,1782.56,0.486,0.0019,1.6
2586.19,-22.856454885914935,-43.28119881115064,2939,1782.56,0.412,0.0018,1.8
2586.19,-22.8669795169636,-43.312729395744626,2828,1782.56,0.458,0.0018,1.8
2586.19,-22.871822805042193,-43.283667704162596,2533,1782.56,0.401,0.0018,1.54
2586.19,-22.886732583417785,-43.33823308647097,2940,1782.56,0.448,0.0015,1.92
2586.21,-22.866575310083032,-43.328896758974054,2527,1782.56,0.418,0.0018,1.92
2586.21,-22.881649035667248,-43.32184270828055,2532,1782.56,0.403,0.0017,1.93
2586.21,-22.857290769753895,-43.328348659412804,2955,1782.56,0.473,0.0015,1.62
2586.21,-22.871285051555724,-43.30257291231742,2998,1782.56,0.454,0.0018,1.82
2586.21,-22.888734687164735,-43.29191620907745,2649,1782.56,0.466,0.0017,1.73
2586.21,-22.862834207827355,-43.31507750304328,2607,1782.56,0.428,0.0015,1.53
2586.21,-22.874655271160172,-43.31538291312141,2645,1782.56,0.484,0.0019,1.68
2586.21,-22.87249509232537,-43.273899684259206,2955,1782.56,0.43,0.0015,1.76
2586.23,-22.858152339578883,-43.331756314736744,2730,1782.56,0.476,0.0017,1.91
2586.23,-22.884318598970744,-43.32780626507122,2933,1782.56,0.429,0.0018,1.84
2586.23,-22.85023684649563,-43.298567292399085,2628,1782.56,0.454,0.0019,1.83
2586.23,-22.86178952014623,-43.307313325016665,2545,1782.56,0.406,0.0019,1.78
2586.23,-22.86178952014623,-43.307313325016665,2503,1782.56,0.445,0.0019,1.8
2586.23,-22.88990044773605,-43.27986962630341,2543,1782.56,0.425,0.0019,1.93
2586.23,-22.885726073532716,-43.33563371528077,2897,1782.56,0.432,0.0016,1.65
2586.23,-22.871285051555724,-43.30257291231742,2974,1782.56,0.494,0.0019,1.88
2586.23,-22.87824414614546,-43.32473055741454,2794,1782.56,0.469,0.0017,1.82
2586.23,-22.85936162084503,-43.290536673132685,2582,1782.56,0.474,0.0016,1.81
2586.23,-22.876824543770894,-43.27666172746651,2735,1782.56,0.495,0.0015,1.78
2586.28,-22.88656171280685,-43.27530997233421,2793,1782.56,0.436,0.0017,1.62
2586.28,-22.862662756127307,-43.280590087419654,2813,1782.56,0.419,0.0019,1.7
2586.28,-22.888404163074107,-43.3373153549039,2501,1782.56,0.411,0.0015,1.98
2586.28,-22.86631276821089,-43.2952438805941,2786,1782.56,0.499,0.0016,1.9
2586.28,-22.885118611594255,-43.3058813521704,2639,1782.56,0.413,0.0017,1.56
2586.28,-22.852551776113255,-43.311440720736606,2537,1782.56,0.465,0.0015,1.57
2586.28,-22.85691383798527,-43.32369838040761,2788,1782.56,0.468,0.0015,1.81
2586.28,-22.858152339578883,-43.331756314736744,2969,1782.56,0.465,0.0017,1.68
2586.28,-22.85752838383372,-43.320576888305446,2646,1782.56,0.437,0.0016,1.81
2586.28,-22.869938702555682,-43.33162323026781,2810,1782.56,0.439,0.0016,1.73
2586.28,-22.863144811151294,-43.30122223728789,2647,1782.56,0.443,0.0017,1.75
2586.29,-22.848748598421476,-43.30315598662101,2741,1782.56,0.405,0.0019,1.84
2586.29,-22.883044621550756,-43.27253070149058,2680,1782.56,0.48,0.0019,1.87
2586.29,-22.8619828521923,-43.32818924833407,2573,1782.56,0.499,0.0017,1.69
2586.29,-22.85498734811861,-43.30331227430829,2872,1782.56,0.448,0.0015,1.7
2586.29,-22.882630072693864,-43.32196619291377,2865,1782.56,0.484,0.0019,1.85
2586.29,-22.858555044831977,-43.314251573352315,2782,1782.56,0.471,0.0018,1.79
2586.29,-22.85404247869069,-43.29621015021172,2536,1782.56,0.467,0.0018,1.6
2586.29,-22.862834207827355,-43.31507750304328,2585,1782.56,0.468,0.0015,1.99
2586.29,-22.875834082414713,-43.27831564801494,2995,1782.56,0.474,0.0017,1.69
2586.29,-22.874749136095733,-43.280831642689,2760,1782.56,0.451,0.0019,1.8
2586.31,-22.857152785021295,-43.28769390181108,2806,1782.56,0.418,0.0015,1.59
2586.31,-22.8747783615419,-43.27590700942373,2514,1782.56,0.476,0.0016,1.99
2586.31,-22.87618256645411,-43.30423725012878,2522,1782.56,0.411,0.0018,1.52
2586.31,-22.87208535551471,-43.292984902810836,2862,1782.56,0.423,0.0016,1.72
2586.31,-22.89656803123219,-43.28051317443747,2654,1782.56,0.439,0.0015,1.75
2586.31,-22.86206484465799,-43.29854747951345,2873,1782.56,0.455,0.0017,1.64
2586.31,-22.871185631521833,-43.334161501074995,2751,1782.56,0.475,0.0019,1.53
2586.31,-22.896654692875437,-43.28478563615814,2775,1782.56,0.436,0.0018,1.99
2586.31,-22.87015350840377,-43.31876750576074,2725,1782.56,0.416,0.0015,1.7
2586.31,-22.86367394666999,-43.297294159494605,2979,1782.56,0.403,0.0018,1.9
2586.31,-22.866462312864606,-43.31212026897201,2869,1782.56,0.446,0.0015,1.95
2586.31,-22.87486612122775,-43.279707456444505,2895,1782.56,0.459,0.0015,1.7
2586.31,-22.885270044065155,-43.31713716374416,2501,1782.56,0.475,0.0016,1.61
2586.36,-22.887776573581203,-43.28318743141474,2985,1782.56,0.473,0.0019,1.61
2586.36,-22.86143205741137,-43.3229601040728,2821,1782.56,0.48,0.0015,1.62
2586.36,-22.889932522081118,-43.281518820240066,2958,1782.56,0.438,0.0015,1.89
2586.36,-22.882822150903383,-43.319929977033766,2607,1782.56,0.433,0.0017,1.7
2586.36,-22.881468185623927,-43.294994976890806,2524,1782.56,0.461,0.0015,1.93
2586.36,-22.891089403246085,-43.3167834405611,2515,1782.56,0.465,0.0017,1.6
2586.36,-22.879885961699628,-43.295482481050094,2967,1782.56,0.482,0.0015,1.87
2586.36,-22.89866055925909,-43.326964581551024,2793,1782.56,0.477,0.0016,1.62
2586.36,-22.848589623892043,-43.299859478608504,2597,1782.56,0.429,0.0019,1.9
2586.36,-22.847288088171606,-43.295177229050445,2552,1782.56,0.438,0.0019,1.61
2586.36,-22.866462312864606,-43.31212026897201,2969,1782.56,0.459,0.0018,1.93
2586.37,-22.8923504582542,-43.277742797797735,2610,1782.56,0.405,0.0019,1.87
2586.37,-22.897946430730556,-43.28184756803383,2858,1782.56,0.463,0.0015,1.55
2586.37,-22.882743437189614,-43.29366959255035,2730,1782.56,0.489,0.0019,1.76
2586.37,-22.87071304085338,-43.289401165594995,2642,1782.56,0.496,0.0015,1.51
2586.37,-22.888925165061927,-43.331746474485364,2615,1782.56,0.444,0.0018,1.69
2586.37,-22.88523434193414,-43.29969354906425,2988,1782.56,0.43,0.0015,1.54
2586.37,-22.888255012773346,-43.28595440982584,2639,1782.56,0.412,0.0017,1.61
2586.37,-22.874879843682866,-43.312921041067106,2943,1782.56,0.476,0.0018,1.57
2586.37,-22.860617930915378,-43.28970703182598,2701,1782.56,0.482,0.0018,1.81
2586.37,-22.852598472381597,-43.30165751803103,2551,1782.56,0.413,0.0019,1.92
2586.37,-22.88419594579328,-43.28506952767958,2626,1782.56,0.477,0.0017,1.85
2586.37,-22.866252864969308,-43.283033295123595,2581,1782.56,0.423,0.0017,1.77
2586.38,-22.85936162084503,-43.290536673132685,2948,1782.56,0.453,0.0015,1.84
2586.38,-22.88140571261693,-43.31563277652367,2716,1782.56,0.443,0.0017,1.78
2586.38,-22.867364115090226,-43.30119033532758,2717,1782.56,0.431,0.0015,1.8
2586.38,-22.889457716445055,-43.32113741309723,2964,1782.56,0.443,0.0019,1.99
2586.38,-22.875639528876057,-43.278947681895616,2679,1782.56,0.466,0.0018,1.99
2586.38,-22.868307585939647,-43.281719632505286,2589,1782.56,0.423,0.0019,1.84
2586.38,-22.865124305239885,-43.331156567654766,2801,1782.56,0.439,0.0017,1.92
2586.38,-22.862757124028064,-43.283703794161326,2540,1782.56,0.458,0.0018,1.63
2586.38,-22.858037683480056,-43.30275192403924,2892,1782.56,0.433,0.0017,1.65
2586.42,-22.85557329551781,-43.32777610369661,2575,1782.56,0.468,0.0019,1.52
2586.42,-22.86340826042182,-43.31149043301849,2655,1782.56,0.482,0.0017,1.74
2586.42,-22.88347249931642,-43.30216835806813,2640,1782.56,0.446,0.0015,1.94
2586.44,-22.883867251671116,-43.30251603805003,2926,1782.56,0.457,0.0016,1.81
2586.47,-22.88775419686622,-43.33164779315465,2718,1782.56,0.458,0.0015,1.91
2586.47,-22.88523434193414,-43.29969354906425,2782,1782.56,0.462,0.0016,1.86
2586.47,-22.888648404701044,-43.2887463267185,2819,1782.56,0.464,0.0016,1.89
2586.47,-22.88472486045064,-43.29643285206332,2565,1782.56,0.469,0.0018,1.57
2586.47,-22.85340758185386,-43.301772407423,2830,1782.56,0.466,0.0018,1.62
2586.47,-22.88807446890354,-43.28263784741499,2802,1782.56,0.496,0.0018,1.69
2586.47,-22.867364115090226,-43.30119033532758,2732,1782.56,0.412,0.0018,1.72
2586.47,-22.870385783458357,-43.292127689221395,2661,1782.56,0.455,0.0018,1.53
2586.47,-22.88523434193414,-43.29969354906425,2682,1782.56,0.457,0.0017,1.91
2586.47,-22.866295959582743,-43.270612328064914,2545,1782.56,0.435,0.0016,1.93
2586.48,-22.8669795169636,-43.312729395744626,2538,1782.56,0.411,0.0016,1.51
2586.48,-22.888255012773346,-43.28595440982584,2650,1782.56,0.479,0.0019,1.74
2586.48,-22.88198675812342,-43.27676495959041,2721,1782.56,0.488,0.0018,1.66
2586.48,-22.869300268927798,-43.332347474286664,2578,1782.56,0.436,0.0017,1.57
2586.48,-22.874655271160172,-43.31538291312141,2734,1782.56,0.457,0.0018,1.95
2586.48,-22.88467040718113,-43.322932403912745,2886,1782.56,0.435,0.0019,1.64
2586.48,-22.89189318600961,-43.335384174879266,2526,1782.56,0.498,0.0015,1.98
2586.48,-22.88789896745282,-43.321186846750706,2869,1782.56,0.429,0.0018,1.69
2586.48,-22.8579311397991,-43.32575380126112,2567,1782.56,0.451,0.0017,1.53
2586.48,-22.866032073756877,-43.338131873315504,2909,1782.56,0.48,0.0017,1.78
2586.49,-22.87015350840377,-43.31876750576074,2672,1782.56,0.427,0.0015,1.89
2586.49,-22.86957388783563,-43.31016904625865,2774,1782.56,0.458,0.0015,1.74
2586.49,-22.867021344732553,-43.307514989302184,2802,1782.56,0.42,0.0016,1.95
2586.49,-22.891801503424844,-43.32398281396972,2621,1782.56,0.453,0.0019,1.51
2586.49,-22.88467040718113,-43.322932403912745,2634,1782.56,0.443,0.0017,1.5
2586.49,-22.846127183459664,-43.309759813707345,2975,1782.56,0.427,0.0017,1.85
2586.52,-22.887948219818295,-43.291290460786755,2743,1782.56,0.435,0.0016,1.88
2586.52,-22.85815950122837,-43.305398189772106,2627,1782.56,0.438,0.0015,1.61
2586.52,-22.868433559223956,-43.291280473480036,2799,1782.56,0.447,0.0015,1.52
2586.52,-22.887776573581203,-43.28318743141474,2722,1782.56,0.499,0.0018,1.54
2586.52,-22.85023684649563,-43.298567292399085,2938,1782.56,0.405,0.0015,1.63
2586.52,-22.86411762234615,-43.28076398939773,2579,1782.56,0.414,0.0017,1.77
2586.52,-22.89214807653393,-43.32199924007791,2520,1782.56,0.454,0.0019,1.76
2586.52,-22.882739662015414,-43.27436970845517,2619,1782.56,0.445,0.0017,1.63
2586.52,-22.862662756127307,-43.280590087419654,2665,1782.56,0.464,0.0019,1.97
2586.56,-22.88243702214164,-43.305369543833734,2611,1782.56,0.497,0.0018,1.91
2586.56,-22.872028940590603,-43.32433855365501,2851,1782.56,0.42,0.0016,1.58
2586.56,-22.865577930445912,-43.335811501369385,2861,1782.56,0.455,0.0019,1.57
2586.56,-22.884732663468814,-43.31628033887517,2958,1782.56,0.468,0.0016,1.74
2586.56,-22.85023684649563,-43.298567292399085,2709,1782.56,0.432,0.0015,1.75
2586.56,-22.859308857747987,-43.31502500596901,2679,1782.56,0.418,0.0019,1.77
2586.56,-22.878082994140353,-43.310192460343124,2676,1782.56,0.461,0.0018,1.63
2586.56,-22.875639528876057,-43.278947681895616,2766,1782.56,0.475,0.0017,1.75
2586.56,-22.882544299338996,-43.30102470888667,2990,1782.56,0.438,0.0017,1.56
2586.56,-22.858152339578883,-43.331756314736744,2791,1782.56,0.408,0.0017,1.96
2586.56,-22.895625375970848,-43.3260810347732,2722,1782.56,0.469,0.0016,1.66
2586.6,-22.876346337075056,-43.31832463409336,2642,1782.56,0.454,0.0016,1.83
2586.6,-22.862695092709878,-43.31100679155802,2783,1782.56,0.45,0.0016,1.65
2586.6,-22.894768460259577,-43.325108224624465,2967,1782.56,0.459,0.0018,1.51
2586.6,-22.874655271160172,-43.31538291312141,2545,1782.56,0.404,0.0015,1.82
2586.6,-22.859001569774904,-43.29193429934413,2627,1782.56,0.482,0.0016,1.56
2586.6,-22.883030548301637,-43.3356782256163,2789,1782.56,0.488,0.0018,1.57
2586.6,-22.887528723398574,-43.297279915342905,2529,1782.56,0.433,0.0015,1.65
2586.6,-22.88733155941451,-43.26987308282541,2787,1782.56,0.448,0.0019,1.67
2586.6,-22.858351274875947,-43.296744959698415,2880,1782.56,0.478,0.0018,1.9
2586.62,-22.85945488457674,-43.326512509270515,2517,1782.56,0.406,0.0015,1.58
2586.62,-22.880238359783807,-43.31131469976535,2855,1782.56,0.452,0.0015,1.51
2586.62,-22.86782989029103,-43.276843052385786,2979,1782.56,0.438,0.0017,1.62
2586.62,-22.887776573581203,-43.28318743141474,2959,1782.56,0.437,0.0019,1.83
2586.62,-22.865237651956964,-43.335306588392484,2949,1782.56,0.416,0.0016,1.94
2586.62,-22.85256517288689,-43.30131585570806,2587,1782.56,0.444,0.0015,1.97
2586.62,-22.871719493758746,-43.27828847121003,2709,1782.56,0.45,0.0015,1.55
2586.62,-22.85340758185386,-43.301772407423,2918,1782.56,0.417,0.0019,1.59
2586.62,-22.853413249490533,-43.30317161329989,2877,1782.56,0.414,0.0016,1.77
2586.62,-22.874937783792504,-43.31494440611707,2937,1782.56,0.481,0.0019,1.64
2586.62,-22.870092504796666,-43.29135775802206,2947,1782.56,0.44,0.0015,1.54
2586.62,-22.856211768224753,-43.32841840155298,2510,1782.56,0.424,0.0019,1.87
2586.62,-22.88589617068067,-43.28669426317693,2759,1782.56,0.45,0.0016,1.78
2586.62,-22.873643934246797,-43.295536094821664,2726,1782.56,0.427,0.0017,1.99
2586.62,-22.8580219822232,-43.32874338434754,2659,1782.56,0.426,0.0017,1.53
2586.62,-22.850737790702134,-43.31314228510718,2503,1782.56,0.432,0.0016,1.54
2586.62,-22.88931882485539,-43.28966428164412,2944,1782.56,0.431,0.0015,1.68
2586.62,-22.858037683480056,-43.30275192403924,2656,1782.56,0.429,0.0015,1.83
2586.62,-22.847079298568104,-43.29783874614938,2733,1782.56,0.467,0.0017,1.64
2586.62,-22.88472486045064,-43.29643285206332,2601,1782.56,0.43,0.0019,1.73
2586.62,-22.861735960842314,-43.294302778628925,2757,1782.56,0.414,0.0017,1.55
2586.63,-22.856879651215213,-43.318851619904024,2573,1782.56,0.465,0.0017,1.67
2586.63,-22.866252864969308,-43.283033295123595,2594,1782.56,0.452,0.0016,1.89
2586.63,-22.87817590036917,-43.32492949267456,2816,1782.56,0.44,0.0019,1.68
2586.63,-22.874805283167667,-43.288730385204914,2590,1782.56,0.416,0.0015,1.61
2586.63,-22.87167666549464,-43.32423136498003,2773,1782.56,0.418,0.0016,1.66
2586.63,-22.871822805042193,-43.283667704162596,2826,1782.56,0.418,0.0019,1.59
2586.63,-22.868610664476332,-43.29489435252647,2861,1782.56,0.441,0.0015,1.65
2586.63,-22.86149760224237,-43.29288947173588,2645,1782.56,0.469,0.0017,1.72
2586.65,-22.866252864969308,-43.283033295123595,2656,1782.56,0.479,0.0016,1.72
2586.65,-22.85691383798527,-43.32369838040761,2690,1782.56,0.449,0.0015,1.66
2586.65,-22.866462312864606,-43.31212026897201,2813,1782.56,0.427,0.0016,1.51
2586.65,-22.871228999758696,-43.29926589816055,2524,1782.56,0.415,0.0019,1.93
2586.65,-22.88243702214164,-43.305369543833734,2655,1782.56,0.472,0.0016,1.58
2586.65,-22.849463791266736,-43.299533807688285,2925,1782.56,0.486,0.0016,1.81
2586.65,-22.88807446890354,-43.28263784741499,2697,1782.56,0.483,0.0019,1.6
2586.65,-22.871134197001645,-43.3324209229417,2848,1782.56,0.492,0.0015,1.95
2586.65,-22.862088842466637,-43.27367873862249,2807,1782.56,0.499,0.0019,1.92
2586.65,-22.872231186627943,-43.33368539327478,2722,1782.56,0.454,0.0017,1.73
2586.65,-22.881333419710195,-43.321184370785694,2841,1782.56,0.488,0.0018,1.75
2586.65,-22.867364115090226,-43.30119033532758,2975,1782.56,0.496,0.0016,1.53
2586.65,-22.884561946601494,-43.27513063556018,2873,1782.56,0.402,0.0017,1.92
2586.65,-22.874961602533563,-43.32510125573787,2978,1782.56,0.444,0.0015,1.78
2586.65,-22.861214375839822,-43.28923371270044,2670,1782.56,0.435,0.0018,1.98
2586.65,-22.88788703352114,-43.271418990966914,2681,1782.56,0.425,0.0015,1.85
2586.7,-22.875721493584145,-43.284464143249885,2672,1782.56,0.43,0.0016,1.66
2586.7,-22.85752838383372,-43.320576888305446,2986,1782.56,0.415,0.0017,1.73
2586.7,-22.868588548508306,-43.32436794455032,2943,1782.56,0.47,0.0019,1.82
2586.7,-22.878938327788468,-43.3265110096202,2905,1782.56,0.431,0.0016,1.69
2586.7,-22.89148264713646,-43.27986645003522,2954,1782.56,0.429,0.0016,1.95
2586.7,-22.862757124028064,-43.283703794161326,2674,1782.56,0.441,0.0016,1.64
2586.7,-22.861214375839822,-43.28923371270044,2933,1782.56,0.441,0.0016,1.67
2586.7,-22.874712394502676,-43.28282881436501,2731,1782.56,0.497,0.0015,1.74
2586.7,-22.885726073532716,-43.33563371528077,2649,1782.56,0.451,0.0018,1.66
2586.7,-22.89213563769979,-43.31453725797905,2782,1782.56,0.482,0.0019,1.61
2586.7,-22.864249254248662,-43.32248206560194,2959,1782.56,0.43,0.0016,1.57
2586.7,-22.88523434193414,-43.29969354906425,2523,1782.56,0.485,0.0018,1.53
2586.73,-22.888404163074107,-43.3373153549039,2761,1782.56,0.427,0.0015,1.83
2586.73,-22.85023684649563,-43.298567292399085,2710,1782.56,0.491,0.0017,1.8
2586.73,-22.877044057031124,-43.32585217379867,2566,1782.56,0.439,0.0019,1.52
2586.73,-22.871285051555724,-43.30257291231742,2570,1782.56,0.448,0.0019,1.92
2586.74,-22.861532363431817,-43.29386874824151,2696,1782.56,0.451,0.0018,1.74
2586.74,-22.87618256645411,-43.30423725012878,2956,1782.56,0.477,0.0016,1.91
2586.74,-22.876541212193533,-43.32981029734441,2738,1782.56,0.424,0.0018,1.78
2586.74,-22.888255012773346,-43.28595440982584,2855,1782.56,0.456,0.0018,1.75
2586.74,-22.86611212503453,-43.29434089636883,2937,1782.56,0.459,0.0015,1.97
2586.74,-22.872518736807113,-43.322314380754484,2765,1782.56,0.448,0.0017,1.52
2586.74,-22.888149570635296,-43.2739540544441,2703,1782.56,0.439,0.0019,1.6
2586.74,-22.868163405105054,-43.311604199720115,2920,1782.56,0.419,0.0015,1.88
2586.74,-22.87858325346472,-43.27939380830951,2534,1782.56,0.401,0.0018,1.82
2586.77,-22.861135040004815,-43.30712425112237,2587,1782.56,0.445,0.0016,1.68
2586.77,-22.878938327788468,-43.3265110096202,2869,1782.56,0.406,0.0015,1.6
2586.77,-22.894539834845414,-43.31941796101164,2928,1782.56,0.418,0.0018,1.74
2586.77,-22.84534312678508,-43.29636634752985,2607,1782.56,0.414,0.0017,1.75
2586.77,-22.88735265443355,-43.27389247149932,2756,1782.56,0.403,0.0019,1.72
2586.77,-22.85498734811861,-43.30331227430829,2943,1782.56,0.472,0.0015,1.57
2586.77,-22.88429130419991,-43.32979618231325,2627,1782.56,0.42,0.0019,1.78
2586.78,-22.848738373059586,-43.29781761613115,2887,1782.56,0.421,0.0017,1.77
2586.78,-22.876785616372743,-43.32135565342095,2760,1782.56,0.4,0.0016,1.61
2586.78,-22.871228999758696,-43.29926589816055,2833,1782.56,0.484,0.0018,1.77
2586.78,-22.87589257716541,-43.28796019074052,2640,1782.56,0.485,0.0017,1.52
2586.78,-22.87070395523622,-43.28421036286542,2753,1782.56,0.439,0.0018,1.52
2586.78,-22.888035847751507,-43.282718108513784,2831,1782.56,0.458,0.0017,1.61
2586.78,-22.883374036979877,-43.328317281821505,2726,1782.56,0.497,0.0016,1.62
2586.78,-22.856479363937087,-43.29586271323093,2960,1782.56,0.425,0.0017,1.87
2586.78,-22.88429130419991,-43.32979618231325,2901,1782.56,0.425,0.0019,1.83
2586.8,-22.85728372610451,-43.31757331912454,2661,1782.56,0.467,0.0016,1.85
2586.8,-22.86788511315902,-43.26719534948081,2698,1782.56,0.48,0.0017,1.6
2586.8,-22.89189318600961,-43.335384174879266,2576,1782.56,0.431,0.0019,1.82
2586.8,-22.88735265443355,-43.27389247149932,2936,1782.56,0.415,0.0018,1.75
2586.8,-22.866032073756877,-43.338131873315504,2805,1782.56,0.405,0.0015,1.64
2586.8,-22.874148355983735,-43.30891140765203,2519,1782.56,0.469,0.0018,1.99
2586.81,-22.89177809869233,-43.28695883070058,2852,1782.56,0.481,0.0018,1.87
2586.81,-22.864359769594856,-43.33436283749005,2705,1782.56,0.478,0.0015,1.51
2586.81,-22.881056312473603,-43.311058769951785,2740,1782.56,0.494,0.0018,1.72
2586.81,-22.884709899851885,-43.27213163504,2828,1782.56,0.441,0.0015,1.98
2586.81,-22.874961602533563,-43.32510125573787,2669,1782.56,0.493,0.0017,1.92
2586.81,-22.874148355983735,-43.30891140765203,2758,1782.56,0.455,0.0019,1.89
2586.81,-22.852598472381597,-43.30165751803103,2784,1782.56,0.494,0.0016,1.62
2586.81,-22.869805953313453,-43.28972292657455,2752,1782.56,0.462,0.0017,1.95
2586.81,-22.872590007618545,-43.27535563991996,2711,1782.56,0.464,0.0015,1.74
2586.81,-22.88520284739984,-43.304851073840815,2697,1782.56,0.492,0.0019,1.88
2586.85,-22.861018318152656,-43.321304264919114,2755,1782.56,0.415,0.0017,1.95
2586.85,-22.861012965171714,-43.27194657048819,2847,1782.56,0.419,0.0019,1.89
2586.85,-22.8710839047058,-43.28359471863838,2505,1782.56,0.476,0.0018,1.57
2586.85,-22.875146291117844,-43.307818458397016,2869,1782.56,0.484,0.0017,1.95
2586.85,-22.88472486045064,-43.29643285206332,2924,1782.56,0.433,0.0018,1.87
2586.85,-22.862626385621034,-43.3132932690294,2568,1782.56,0.445,0.0018,1.96
2586.88,-22.870257745721055,-43.29604893570869,2733,1782.56,0.437,0.0016,1.51
2586.88,-22.87149261884739,-43.305730370011695,2896,1782.56,0.478,0.0015,1.69
2586.88,-22.87247266811023,-43.29552183360868,2885,1782.56,0.453,0.0018,1.96
2586.88,-22.88656171280685,-43.27530997233421,2514,1782.56,0.445,0.0016,1.68
2586.88,-22.884732663468814,-43.31628033887517,2880,1782.56,0.475,0.0017,1.84
2586.88,-22.881649035667248,-43.32184270828055,2787,1782.56,0.46,0.0018,1.64
2586.88,-22.88291784427213,-43.279430490656594,2548,1782.56,0.43,0.0015,1.63
2586.88,-22.88419073958569,-43.307955209458136,2870,1782.56,0.405,0.0018,1.91
2586.88,-22.84903284183012,-43.300378668090225,2549,1782.56,0.402,0.0018,1.88
2586.92,-22.864359769594856,-43.33436283749005,2574,1782.56,0.492,0.0018,1.79
2586.92,-22.85752838383372,-43.320576888305446,2937,1782.56,0.49,0.0015,1.51
2586.92,-22.89213563769979,-43.31453725797905,2512,1782.56,0.487,0.0016,1.95
2586.92,-22.86788511315902,-43.26719534948081,2875,1782.56,0.49,0.0019,1.97
2586.92,-22.881551873077655,-43.333125831061146,2750,1782.56,0.465,0.0018,1.61
2586.92,-22.86949389367307,-43.289631791960566,2995,1782.56,0.471,0.0017,1.72
2586.92,-22.889457716445055,-43.32113741309723,2915,1782.56,0.479,0.0017,1.82
2586.92,-22.85557329551781,-43.32777610369661,2822,1782.56,0.434,0.0015,1.98
2586.92,-22.866386277370406,-43.327674301085324,2968,1782.56,0.494,0.0016,1.71
2586.92,-22.85936162084503,-43.290536673132685,2930,1782.56,0.489,0.0016,1.82
2586.92,-22.88733155941451,-43.26987308282541,2753,1782.56,0.498,0.0017,1.74
2586.92,-22.882743437189614,-43.29366959255035,2690,1782.56,0.415,0.0019,1.85
2586.92,-22.891804245638014,-43.32012754327931,2594,1782.56,0.423,0.0016,1.66
2586.92,-22.86149760224237,-43.29288947173588,2992,1782.56,0.459,0.0017,1.99
2586.94,-22.862925238004607,-43.326410115360275,2581,1782.56,0.406,0.0019,1.56
2586.94,-22.888114719854006,-43.29496886083367,2716,1782.56,0.434,0.0018,1.97
2586.94,-22.86692805315821,-43.275210747940264,2519,1782.56,0.413,0.0015,1.53
2586.94,-22.88520284739984,-43.304851073840815,2826,1782.56,0.487,0.0018,1.6
2586.94,-22.86143205741137,-43.3229601040728,2940,1782.56,0.414,0.0015,1.75
2586.94,-22.858273209561837,-43.27801793683567,2858,1782.56,0.438,0.0016,1.81
2586.94,-22.888035847751507,-43.282718108513784,2524,1782.56,0.416,0.0015,1.65
2586.94,-22.860857134715587,-43.27805752582416,2714,1782.56,0.459,0.0016,1.91
2586.94,-22.88809210983536,-43.286663944830735,2611,1782.56,0.415,0.0019,1.65
2586.94,-22.86540222513423,-43.27693918854471,2954,1782.56,0.48,0.0016,1.57
2586.94,-22.868433559223956,-43.291280473480036,2829,1782.56,0.468,0.0019,1.99
2586.94,-22.889737591711263,-43.27804566482924,2731,1782.56,0.45,0.0019,1.62
2586.94,-22.876164868609784,-43.286342101979244,2862,1782.56,0.454,0.0019,1.54
2586.94,-22.874805283167667,-43.288730385204914,2534,1782.56,0.454,0.0019,1.61
2586.94,-22.886989975572032,-43.32263336577382,2789,1782.56,0.484,0.0017,1.86
2586.94,-22.87292101376026,-43.2849722770823,2580,1782.56,0.472,0.0015,1.54
2586.94,-22.864911194900778,-43.31963596032144,2972,1782.56,0.472,0.0019,1.75
2586.97,-22.882010907867286,-43.2955107445172,2886,1782.56,0.44,0.0016,1.75
2586.97,-22.87070395523622,-43.28421036286542,2852,1782.56,0.416,0.0017,1.53
2586.97,-22.87292101376026,-43.2849722770823,2601,1782.56,0.457,0.0015,1.91
2586.97,-22.885226044959932,-43.309720499147424,2875,1782.56,0.419,0.0018,1.9
2586.97,-22.861532363431817,-43.29386874824151,2536,1782.56,0.428,0.0017,1.8
2586.97,-22.87208535551471,-43.292984902810836,2630,1782.56,0.45,0.0016,1.63
2586.97,-22.876785616372743,-43.32135565342095,2929,1782.56,0.419,0.0016,1.53
2586.97,-22.876824543770894,-43.27666172746651,2955,1782.56,0.456,0.0018,1.76
2586.99,-22.89821201384601,-43.32804152699613,2768,1782.56,0.447,0.0016,1.59
2586.99,-22.864860944366388,-43.30886474034251,2709,1782.56,0.468,0.0018,1.51
2586.99,-22.887776573581203,-43.28318743141474,2702,1782.56,0.439,0.0018,1.56
2586.99,-22.867021344732553,-43.307514989302184,2922,1782.56,0.416,0.0018,1.95
2586.99,-22.87247873307881,-43.277549008332294,2843,1782.56,0.445,0.0017,1.95
2586.99,-22.88294978703814,-43.282994904792325,2657,1782.56,0.467,0.0017,1.55
2586.99,-22.874010689225567,-43.319107440956024,2594,1782.56,0.472,0.0018,1.71
2586.99,-22.884709899851885,-43.27213163504,2628,1782.56,0.468,0.0019,1.73
2586.99,-22.871185631521833,-43.334161501074995,2564,1782.56,0.407,0.0016,1.8
2587.07,-22.875658493568537,-43.27778648299565,2664,1782.56,0.437,0.0019,1.86
2587.07,-22.87612144329601,-43.323680871304816,2960,1782.56,0.477,0.0019,1.89
2587.07,-22.85498734811861,-43.30331227430829,2711,1782.56,0.401,0.0015,1.57
2587.07,-22.889578146447786,-43.331262264623696,2622,1782.56,0.408,0.0019,1.55
2587.07,-22.848589623892043,-43.299859478608504,2948,1782.56,0.404,0.0015,1.98
2587.07,-22.88990044773605,-43.27986962630341,2978,1782.56,0.482,0.0016,1.53
2587.07,-22.880560041804536,-43.29814507974918,2933,1782.56,0.438,0.0019,1.87
2587.07,-22.873190774124623,-43.32110949394854,2867,1782.56,0.486,0.0018,1.53
2587.07,-22.89412830948375,-43.27630798894939,2529,1782.56,0.483,0.0017,1.92
2587.07,-22.887435727179092,-43.27038733570493,2719,1782.56,0.422,0.0015,1.81
2587.08,-22.87149261884739,-43.305730370011695,2648,1782.56,0.48,0.0018,1.97
2587.08,-22.856818133546327,-43.32364807005775,2772,1782.56,0.41,0.0015,1.66
2587.08,-22.891089403246085,-43.3167834405611,2516,1782.56,0.442,0.0016,1.57
2587.08,-22.863888243428022,-43.28576933991444,2810,1782.56,0.445,0.0019,1.69
2587.08,-22.859443527293752,-43.313754846042464,2674,1782.56,0.409,0.0019,1.6
2587.08,-22.85498734811861,-43.30331227430829,2957,1782.56,0.433,0.0015,1.77
2587.08,-22.88551657420369,-43.329699326247216,2830,1782.56,0.437,0.0016,1.63
2587.08,-22.89452471477547,-43.29205209489,2549,1782.56,0.454,0.0018,1.92
2587.08,-22.88472486045064,-43.29643285206332,2934,1782.56,0.438,0.0016,1.51
2587.08,-22.88322984648596,-43.28421464468421,2818,1782.56,0.495,0.0018,1.58
2587.08,-22.858273209561837,-43.27801793683567,2885,1782.56,0.416,0.0017,1.57
2587.08,-22.857826597605097,-43.32478906809303,2846,1782.56,0.408,0.0018,1.94
2587.08,-22.870459567523028,-43.29559138021254,2877,1782.56,0.461,0.0016,1.67
2587.08,-22.88788703352114,-43.271418990966914,2949,1782.56,0.451,0.0018,1.5
2587.08,-22.88867968991285,-43.33214735888769,2669,1782.56,0.469,0.0015,1.99
2587.1,-22.87308331657023,-43.305089464569086,2603,1782.56,0.413,0.0019,1.5
2587.1,-22.866386277370406,-43.327674301085324,2538,1782.56,0.401,0.0016,1.55
2587.1,-22.871285051555724,-43.30257291231742,2963,1782.56,0.427,0.0018,1.97
2587.1,-22.86540222513423,-43.27693918854471,2912,1782.56,0.421,0.0018,1.72
2587.1,-22.86493449045638,-43.28912110732493,2643,1782.56,0.421,0.0018,1.66
2587.1,-22.88984031167266,-43.28012659791169,2677,1782.56,0.481,0.0019,1.83
2587.1,-22.874492997743786,-43.312444693851766,2841,1782.56,0.468,0.0019,1.71
2587.1,-22.878082994140353,-43.310192460343124,2655,1782.56,0.41,0.0015,1.7
2587.1,-22.85080734028682,-43.29206683784505,2799,1782.56,0.413,0.0018,1.67
2587.1,-22.849463791266736,-43.299533807688285,2762,1782.56,0.406,0.0018,1.77
2587.1,-22.875639528876057,-43.278947681895616,2947,1782.56,0.405,0.0017,1.61
2587.1,-22.873148189917117,-43.31526484181589,2710,1782.56,0.414,0.0019,1.53
2587.1,-22.886843205699535,-43.302088601823655,2506,1782.56,0.499,0.0019,1.67
2587.1,-22.85256517288689,-43.30131585570806,2855,1782.56,0.412,0.0015,1.6
2587.1,-22.89350124787708,-43.33173002529052,2821,1782.56,0.445,0.0015,1.69
2587.1,-22.88140571261693,-43.31563277652367,2878,1782.56,0.48,0.0016,1.92
2587.1,-22.86381140933035,-43.329936562683585,2809,1782.56,0.461,0.0019,1.58
2587.1,-22.884732663468814,-43.31628033887517,2559,1782.56,0.434,0.0017,1.75
2587.1,-22.86178952014623,-43.307313325016665,2800,1782.56,0.405,0.0015,1.54
2587.1,-22.871209003769785,-43.305739958086846,2562,1782.56,0.472,0.0017,1.84
2587.1,-22.867458399570957,-43.268782955277885,2872,1782.56,0.472,0.0016,1.66
2587.1,-22.879916050347088,-43.27329730057226,2559,1782.56,0.476,0.0016,1.51
2587.1,-22.87070395523622,-43.28421036286542,2919,1782.56,0.422,0.0017,1.58
2587.17,-22.887942772304914,-43.335016025586654,2739,1782.56,0.436,0.0015,1.74
2587.17,-22.86144821698873,-43.32954653473449,2774,1782.56,0.48,0.0019,1.5
2587.17,-22.87824414614546,-43.32473055741454,2529,1782.56,0.455,0.0019,1.51
2587.17,-22.861135040004815,-43.30712425112237,2623,1782.56,0.451,0.0017,1.66
2587.17,-22.882739662015414,-43.27436970845517,2976,1782.56,0.448,0.0015,1.81
2587.17,-22.85830737465635,-43.32041805722513,2555,1782.56,0.487,0.0018,1.96
2587.17,-22.882354539195187,-43.334620799942,2525,1782.56,0.423,0.0016,1.53
2587.17,-22.84534312678508,-43.29636634752985,2837,1782.56,0.481,0.0015,1.83
2587.17,-22.86951098217584,-43.273374949206584,2785,1782.56,0.406,0.0019,1.6
2587.17,-22.876600058653487,-43.294176986899174,2515,1782.56,0.464,0.0019,1.59
2587.17,-22.887463762016246,-43.279058954052026,2627,1782.56,0.454,0.0018,1.74
2587.17,-22.867920753613166,-43.32942070047525,2565,1782.56,0.402,0.0016,1.81
2587.17,-22.882162080687223,-43.31894566364465,2988,1782.56,0.438,0.0018,1.89
2587.17,-22.86611212503453,-43.29434089636883,2806,1782.56,0.474,0.0019,1.52
2587.17,-22.86711369768245,-43.29231942816386,2812,1782.56,0.485,0.0016,1.69
2587.17,-22.888925165061927,-43.331746474485364,2768,1782.56,0.459,0.0017,1.55
2587.17,-22.88472486045064,-43.29643285206332,2842,1782.56,0.425,0.0015,1.75
2587.17,-22.850535474768858,-43.307920547579656,2644,1782.56,0.406,0.0018,1.73
2587.17,-22.871406185960076,-43.30176403728605,2974,1782.56,0.452,0.0019,1.59
2587.17,-22.862626385621034,-43.3132932690294,2761,1782.56,0.415,0.0016,1.57
2587.17,-22.856879651215213,-43.318851619904024,2643,1782.56,0.469,0.0017,1.98
2587.17,-22.878678970104733,-43.2893826947477,2619,1782.56,0.465,0.0019,1.7
2587.17,-22.861018318152656,-43.321304264919114,2698,1782.56,0.467,0.0016,1.79
2587.17,-22.84534312678508,-43.29636634752985,2930,1782.56,0.439,0.0018,1.8
2587.17,-22.889129492842276,-43.31751945952847,2938,1782.56,0.487,0.0016,1.94
2587.17,-22.87858325346472,-43.27939380830951,2770,1782.56,0.477,0.0015,1.99
2587.17,-22.866695168633957,-43.32761741916098,2995,1782.56,0.465,0.0015,1.54
2587.17,-22.862182974883037,-43.30926384783481,2919,1782.56,0.464,0.0015,1.81
2587.17,-22.858628339397463,-43.29865405889191,2930,1782.56,0.489,0.0018,1.73
2587.17,-22.86611212503453,-43.29434089636883,2869,1782.56,0.476,0.0015,1.96
2587.17,-22.89452471477547,-43.29205209489,2811,1782.56,0.401,0.0015,1.83
2587.17,-22.885270044065155,-43.31713716374416,2853,1782.56,0.436,0.0016,1.94
2587.17,-22.889557906957364,-43.27511534523526,2612,1782.56,0.475,0.0015,1.66
2587.19,-22.868487159399706,-43.30384138737934,2937,1782.56,0.448,0.0016,1.64
2587.19,-22.878082994140353,-43.310192460343124,2652,1782.56,0.442,0.0016,1.91
2587.19,-22.849463791266736,-43.299533807688285,2964,1782.56,0.483,0.0017,1.75
2587.19,-22.89055249713112,-43.280109026183055,2983,1782.56,0.474,0.0016,1.98
2587.19,-22.854745499942936,-43.292818165705725,2682,1782.56,0.47,0.0016,1.59
2587.19,-22.861735960842314,-43.294302778628925,2906,1782.56,0.48,0.0016,1.9
2587.19,-22.886989975572032,-43.32263336577382,2798,1782.56,0.453,0.0019,1.62
2587.19,-22.876915571808613,-43.29389117666397,2852,1782.56,0.447,0.0019,1.99
2587.19,-22.88291784427213,-43.279430490656594,2947,1782.56,0.414,0.0015,1.88
2587.21,-22.86611212503453,-43.29434089636883,2817,1782.56,0.463,0.0018,1.64
2587.21,-22.881824405437325,-43.276966894965064,2760,1782.56,0.48,0.0017,1.88
2587.21,-22.859725542708905,-43.2808886018145,2648,1782.56,0.408,0.0019,1.95
2587.21,-22.870459567523028,-43.29559138021254,2685,1782.56,0.442,0.0018,1.81
2587.21,-22.855767338153527,-43.3260065586982,2818,1782.56,0.431,0.0015,1.69
2587.21,-22.862662756127307,-43.280590087419654,2889,1782.56,0.483,0.0016,1.86
2587.21,-22.87817590036917,-43.32492949267456,2583,1782.56,0.452,0.0017,1.5
2587.21,-22.881687513370636,-43.298275699900664,2977,1782.56,0.493,0.0015,1.5
2587.21,-22.889129492842276,-43.31751945952847,2540,1782.56,0.496,0.0017,1.73
2587.21,-22.881551873077655,-43.333125831061146,2939,1782.56,0.483,0.0019,1.56
2587.21,-22.882825235894607,-43.300401548289734,2576,1782.56,0.42,0.0017,1.54
2587.21,-22.861135040004815,-43.30712425112237,2547,1782.56,0.405,0.0018,1.94
2587.21,-22.864398382493288,-43.29631040963082,2989,1782.56,0.476,0.0017,1.95
2587.21,-22.87071304085338,-43.289401165594995,2763,1782.56,0.482,0.0017,1.98
2587.21,-22.88958552272534,-43.315395404695344,2513,1782.56,0.471,0.0016,1.9
2587.21,-22.866695168633957,-43.32761741916098,2534,1782.56,0.448,0.0015,1.7
2587.21,-22.863843899174302,-43.328411742592934,2889,1782.56,0.439,0.0016,1.59
2587.21,-22.888648404701044,-43.2887463267185,2581,1782.56,0.407,0.0017,1.66
2587.21,-22.870206340591764,-43.278809172268794,2631,1782.56,0.44,0.0015,1.97
2587.21,-22.864911194900778,-43.31963596032144,2938,1782.56,0.492,0.0019,1.53
2587.21,-22.87070395523622,-43.28421036286542,2854,1782.56,0.472,0.0018,1.86
2587.21,-22.868433559223956,-43.291280473480036,2976,1782.56,0.458,0.0019,1.6
2587.21,-22.87249509232537,-43.273899684259206,2640,1782.56,0.41,0.0019,1.56
2587.21,-22.874254158307874,-43.272818042354956,2541,1782.56,0.406,0.0017,1.54
2587.21,-22.89021611070215,-43.328895411526545,2827,1782.56,0.478,0.0015,1.61
2587.21,-22.87029486590473,-43.33249884454889,2782,1782.56,0.454,0.0018,1.56
2587.25,-22.871822805042193,-43.283667704162596,2917,1782.56,0.426,0.0019,1.95
2587.25,-22.896652938121445,-43.287712982795526,2885,1782.56,0.451,0.0018,1.77
2587.25,-22.880238359783807,-43.31131469976535,2700,1782.56,0.451,0.0018,1.8
2587.25,-22.89866055925909,-43.326964581551024,2663,1782.56,0.437,0.0018,1.96
2587.25,-22.873148189917117,-43.31526484181589,2686,1782.56,0.428,0.0019,1.63
2587.25,-22.864249254248662,-43.32248206560194,2923,1782.56,0.439,0.0019,1.77
2587.25,-22.867920753613166,-43.32942070047525,2556,1782.56,0.414,0.0016,1.87
2587.25,-22.86575303264837,-43.31310777055796,2944,1782.56,0.49,0.0017,1.7
2587.25,-22.885226044959932,-43.309720499147424,2948,1782.56,0.464,0.0016,1.69
2587.26,-22.863391643148574,-43.28982290627995,2945,1782.56,0.478,0.0019,1.56
2587.26,-22.88931882485539,-43.28966428164412,2723,1782.56,0.468,0.0018,1.96
2587.26,-22.882295866927176,-43.32450889376895,2778,1782.56,0.455,0.0019,1.67
2587.26,-22.862464497491782,-43.2784074908392,2907,1782.56,0.453,0.0016,1.74
2587.26,-22.883609697486193,-43.321985320706766,2620,1782.56,0.468,0.0015,1.96
2587.26,-22.886789936011343,-43.31585082403175,2853,1782.56,0.428,0.0019,1.72
2587.26,-22.87669317578605,-43.291644222597775,2730,1782.56,0.47,0.0019,1.67
2587.26,-22.891089403246085,-43.3167834405611,2945,1782.56,0.422,0.0019,1.82
2587.26,-22.87015350840377,-43.31876750576074,2931,1782.56,0.426,0.0018,1.69
2587.26,-22.88145053345863,-43.31795462036982,2935,1782.56,0.498,0.0019,1.65
2587.33,-22.874593114721886,-43.29506176950043,2861,1782.56,0.445,0.0018,1.7
2587.33,-22.88864127331701,-43.293615823968004,2822,1782.56,0.431,0.0016,1.52
2587.33,-22.86762605210021,-43.33652514220015,2550,1782.56,0.446,0.0016,1.75
2587.33,-22.87990539853711,-43.29569371562535,2952,1782.56,0.451,0.0015,1.54
2587.33,-22.858356114030986,-43.31224354083034,2831,1782.56,0.421,0.0017,1.88
2587.33,-22.88523434193414,-43.29969354906425,2842,1782.56,0.486,0.0018,1.65
2587.33,-22.871285051555724,-43.30257291231742,2790,1782.56,0.485,0.0016,1.94
2587.33,-22.88145053345863,-43.31795462036982,2599,1782.56,0.411,0.0017,1.5
2587.33,-22.863391643148574,-43.28982290627995,2550,1782.56,0.423,0.0019,1.66
2587.33,-22.857123277620413,-43.29574409973182,2558,1782.56,0.409,0.0016,1.6
2587.33,-22.858124790649356,-43.28008126775039,2801,1782.56,0.488,0.0015,1.51
2587.37,-22.861135040004815,-43.30712425112237,2892,1782.56,0.463,0.0016,1.74
2587.37,-22.871228999758696,-43.29926589816055,2703,1782.56,0.427,0.0019,1.96
2587.37,-22.847079298568104,-43.29783874614938,2631,1782.56,0.413,0.0016,1.73
2587.37,-22.854665711887623,-43.302775734018006,2844,1782.56,0.491,0.0015,1.76
2587.37,-22.879885961699628,-43.295482481050094,2650,1782.56,0.495,0.0015,1.94
2587.37,-22.886171824278932,-43.29940332776213,2735,1782.56,0.446,0.0019,1.69
2587.37,-22.87263357888963,-43.312198126796915,2583,1782.56,0.458,0.0017,1.66
2587.37,-22.890123849533225,-43.292946678367834,2705,1782.56,0.415,0.0017,1.99
2587.38,-22.847288088171606,-43.295177229050445,2580,1782.56,0.427,0.0017,1.73
2587.38,-22.853413249490533,-43.30317161329989,2913,1782.56,0.445,0.0016,1.84
2587.38,-22.876915571808613,-43.29389117666397,2944,1782.56,0.456,0.0015,1.86
2587.41,-22.888925165061927,-43.331746474485364,2765,1782.56,0.433,0.0015,1.89
2587.41,-22.863415548060487,-43.323317634222505,2533,1782.56,0.407,0.0016,1.73
2587.41,-22.853402608125048,-43.308619414848714,2550,1782.56,0.42,0.0018,1.82
2587.41,-22.88609409087955,-43.32311508249367,2909,1782.56,0.477,0.0017,1.62
2587.41,-22.88150700142016,-43.27882017150691,2658,1782.56,0.432,0.0016,1.78
2587.41,-22.87070395523622,-43.28421036286542,2746,1782.56,0.45,0.0019,1.78
2587.41,-22.862925238004607,-43.326410115360275,2860,1782.56,0.428,0.0017,1.57
2587.41,-22.858468814441554,-43.287728665178946,2765,1782.56,0.444,0.0016,1.9
2587.41,-22.874150589674542,-43.311562199564975,2726,1782.56,0.459,0.0018,1.61
2587.43,-22.865174884082702,-43.28765803844912,2757,1782.56,0.436,0.0018,1.52
2587.43,-22.862757124028064,-43.283703794161326,2688,1782.56,0.432,0.0017,1.55
2587.43,-22.887707207011417,-43.33610398896485,2747,1782.56,0.446,0.0016,1.53
2587.43,-22.894768460259577,-43.325108224624465,2856,1782.56,0.456,0.0016,1.69
2587.43,-22.86957388783563,-43.31016904625865,2791,1782.56,0.401,0.0016,1.94
2587.43,-22.875992561398327,-43.29201624175736,2712,1782.56,0.454,0.0015,1.52
2587.43,-22.861492160766815,-43.30304129907048,2629,1782.56,0.485,0.0017,1.8
2587.43,-22.867021344732553,-43.307514989302184,2603,1782.56,0.462,0.0017,1.64
2587.43,-22.863843899174302,-43.328411742592934,2666,1782.56,0.415,0.0015,1.71
2587.43,-22.88523434193414,-43.29969354906425,2515,1782.56,0.429,0.0018,1.98
2587.43,-22.877188204111565,-43.31684001468224,2522,1782.56,0.444,0.0017,1.51
2587.43,-22.88198675812342,-43.27676495959041,2948,1782.56,0.41,0.0019,1.7
2587.43,-22.872231186627943,-43.33368539327478,2971,1782.56,0.479,0.0016,1.9
2587.52,-22.859280335561404,-43.27687464822287,2620,1782.56,0.48,0.0019,1.96
2587.52,-22.869805953313453,-43.28972292657455,2667,1782.56,0.485,0.0015,1.51
2587.52,-22.88140571261693,-43.31563277652367,2746,1782.56,0.404,0.0016,1.51
2587.52,-22.881649035667248,-43.32184270828055,2675,1782.56,0.449,0.0015,1.59
2587.52,-22.89798550404551,-43.28389935640311,2546,1782.56,0.419,0.0017,1.54
2587.53,-22.8710839047058,-43.28359471863838,2907,1782.56,0.476,0.0017,1.88
2587.53,-22.862626385621034,-43.3132932690294,2521,1782.56,0.428,0.0016,1.5
2587.53,-22.852756897456484,-43.310038421031464,2539,1782.56,0.435,0.0015,1.79
2587.53,-22.871228999758696,-43.29926589816055,2827,1782.56,0.476,0.0015,1.98
2587.53,-22.873190774124623,-43.32110949394854,2862,1782.56,0.458,0.0019,1.59
2587.53,-22.86340826042182,-43.31149043301849,2664,1782.56,0.423,0.0018,1.98
2587.53,-22.863143577419685,-43.30771135724236,2702,1782.56,0.435,0.0019,1.83
2587.53,-22.874749136095733,-43.280831642689,2718,1782.56,0.461,0.0016,1.72
2587.53,-22.876785616372743,-43.32135565342095,2700,1782.56,0.426,0.0015,1.72
2587.53,-22.88138736370065,-43.28312116559284,2961,1782.56,0.494,0.0016,1.52
2587.53,-22.867759761143397,-43.273330121262525,2787,1782.56,0.403,0.0015,1.59
2587.57,-22.889755566209402,-43.26860091856575,2849,1782.56,0.492,0.0017,1.85
2587.57,-22.87612594106117,-43.30746147147047,2850,1782.56,0.448,0.0016,1.74
2587.57,-22.858124790649356,-43.28008126775039,2773,1782.56,0.436,0.0019,1.88
2587.57,-22.881056312473603,-43.311058769951785,2572,1782.56,0.466,0.0015,1.82
2587.57,-22.868086042102256,-43.27464160371426,2820,1782.56,0.413,0.0017,1.76
2587.57,-22.867950283006152,-43.28254729962418,2793,1782.56,0.427,0.0016,1.66
2587.57,-22.856530040860807,-43.28077437905881,2881,1782.56,0.401,0.0018,1.91
2587.57,-22.869804401066734,-43.296421713012066,2609,1782.56,0.475,0.0019,1.57
2587.57,-22.874492997743786,-43.312444693851766,2884,1782.56,0.408,0.0018,1.76
2587.59,-22.85209561925868,-43.29621764528502,2712,1782.56,0.465,0.0019,1.5
2587.59,-22.861914604835324,-43.305383062241894,2873,1782.56,0.472,0.0018,1.72
2587.59,-22.872590007618545,-43.27535563991996,2615,1782.56,0.499,0.0017,1.96
2587.59,-22.859280335561404,-43.27687464822287,2722,1782.56,0.499,0.0017,1.93
2587.59,-22.87859339716551,-43.286876010892534,2656,1782.56,0.469,0.0019,1.9
2587.59,-22.858351274875947,-43.296744959698415,2566,1782.56,0.467,0.0018,1.59
2587.59,-22.87015350840377,-43.31876750576074,2585,1782.56,0.473,0.0015,1.59
2587.59,-22.897946430730556,-43.28184756803383,2771,1782.56,0.425,0.0019,1.63
2587.59,-22.858273209561837,-43.27801793683567,2582,1782.56,0.457,0.0015,1.66
2587.59,-22.89189318600961,-43.335384174879266,2981,1782.56,0.457,0.0016,1.95
2587.59,-22.85209561925868,-43.29621764528502,2645,1782.56,0.458,0.0017,1.66
2587.59,-22.865683622380516,-43.310260791624906,2999,1782.56,0.406,0.0017,1.64
2587.59,-22.891804245638014,-43.32012754327931,2999,1782.56,0.403,0.0018,1.53
2587.61,-22.85728372610451,-43.31757331912454,2556,1782.56,0.421,0.0016,1.55
2587.61,-22.86370154201032,-43.275263209670356,2877,1782.56,0.49,0.0015,1.85
2587.61,-22.870076345915614,-43.277950719324274,2888,1782.56,0.492,0.0016,1.66
2587.61,-22.87247266811023,-43.29552183360868,2922,1782.56,0.415,0.0019,1.84
2587.61,-22.88656171280685,-43.27530997233421,2605,1782.56,0.441,0.0018,1.66
2587.61,-22.884036487264332,-43.31166450783011,2691,1782.56,0.442,0.0018,1.96
2587.61,-22.8913494561635,-43.2811121526979,2809,1782.56,0.411,0.0019,1.88
2587.61,-22.87015350840377,-43.31876750576074,2635,1782.56,0.444,0.0015,1.65
2587.61,-22.881988610968897,-43.3256408177475,2524,1782.56,0.406,0.0018,1.97
2587.64,-22.875881152367807,-43.27437786519449,2986,1782.56,0.417,0.0019,1.89
2587.64,-22.874879843682866,-43.312921041067106,2858,1782.56,0.441,0.0016,1.51
2587.64,-22.89055249713112,-43.280109026183055,2609,1782.56,0.494,0.0016,1.83
2587.64,-22.879822104591387,-43.325467931915405,2961,1782.56,0.408,0.0016,1.73
2587.64,-22.86639865047928,-43.278186064407635,2834,1782.56,0.495,0.0018,1.85
2587.64,-22.871774502158384,-43.27347256112669,2902,1782.56,0.44,0.0017,1.8
2587.64,-22.871397972907403,-43.28322139568482,2969,1782.56,0.483,0.0015,1.98
2587.64,-22.85945488457674,-43.326512509270515,2648,1782.56,0.452,0.0018,1.66
2587.69,-22.88309767427097,-43.31674920792804,2900,1782.56,0.423,0.0018,1.96
2587.69,-22.882354539195187,-43.334620799942,2697,1782.56,0.454,0.0017,1.65
2587.69,-22.856818133546327,-43.32364807005775,2562,1782.56,0.447,0.0015,1.83
2587.69,-22.871228999758696,-43.29926589816055,2606,1782.56,0.496,0.0017,1.59
2587.69,-22.86206484465799,-43.29854747951345,2714,1782.56,0.465,0.0018,1.88
2587.69,-22.882354539195187,-43.334620799942,2916,1782.56,0.418,0.0018,1.76
2587.69,-22.860481074323943,-43.298868714970894,2822,1782.56,0.434,0.0017,1.6
2587.69,-22.86206484465799,-43.29854747951345,2621,1782.56,0.445,0.0017,1.59
2587.69,-22.86711369768245,-43.29231942816386,2671,1782.56,0.455,0.0017,1.83
2587.69,-22.89656803123219,-43.28051317443747,2812,1782.56,0.471,0.0016,1.88
2587.69,-22.870459567523028,-43.29559138021254,2592,1782.56,0.479,0.0015,1.52
2587.69,-22.86930710621118,-43.28819467148683,2718,1782.56,0.453,0.0019,1.94
2587.69,-22.865638580774625,-43.29937150465544,2915,1782.56,0.42,0.0018,1.63
2587.69,-22.888648404701044,-43.2887463267185,2896,1782.56,0.406,0.0015,1.84
2587.71,-22.862128139552905,-43.313939096711664,2969,1782.56,0.407,0.0018,1.86
2587.71,-22.88520284739984,-43.304851073840815,2524,1782.56,0.451,0.0019,1.88
2587.71,-22.888925165061927,-43.331746474485364,2584,1782.56,0.474,0.0016,1.93
2587.71,-22.887463762016246,-43.279058954052026,2685,1782.56,0.42,0.0018,1.86
2587.71,-22.887948219818295,-43.291290460786755,2740,1782.56,0.48,0.0018,1.88
2587.71,-22.863117302560145,-43.309960029963165,2673,1782.56,0.492,0.0019,1.54
2587.71,-22.861012965171714,-43.27194657048819,2702,1782.56,0.437,0.0016,1.68
2587.71,-22.89465966178841,-43.2903759655431,2750,1782.56,0.466,0.0017,1.69
2587.73,-22.861532363431817,-43.29386874824151,2903,1782.56,0.403,0.0016,1.74
2587.73,-22.87990539853711,-43.29569371562535,2943,1782.56,0.467,0.0018,1.53
2587.73,-22.875146291117844,-43.307818458397016,2900,1782.56,0.47,0.0017,1.68
2587.73,-22.8580219822232,-43.32874338434754,2779,1782.56,0.456,0.0018,1.94
2587.73,-22.858671261657715,-43.28552993808476,2902,1782.56,0.414,0.0015,1.69
2587.73,-22.867458399570957,-43.268782955277885,2743,1782.56,0.457,0.0016,1.93
2587.73,-22.894054080357296,-43.322548986091206,2577,1782.56,0.458,0.0018,1.67
2587.73,-22.89580667279858,-43.3224519112638,2511,1782.56,0.463,0.0019,1.71
2587.74,-22.88624258564699,-43.33053699248448,2952,1782.56,0.465,0.0019,1.54
2587.74,-22.886016004221272,-43.27209761929771,2857,1782.56,0.438,0.0017,1.8
2587.74,-22.89021611070215,-43.328895411526545,2636,1782.56,0.457,0.0016,1.97
2587.74,-22.888925165061927,-43.331746474485364,2585,1782.56,0.446,0.0017,1.9
2587.83,-22.852607422648404,-43.298626277056655,2899,1782.56,0.421,0.0019,1.84
2587.83,-22.874961602533563,-43.32510125573787,2691,1782.56,0.49,0.0019,1.68
2587.83,-22.89349781095011,-43.27513011000819,2520,1782.56,0.495,0.0017,1.56
2587.83,-22.86951098217584,-43.273374949206584,2522,1782.56,0.476,0.0016,1.81
2587.83,-22.861735960842314,-43.294302778628925,2907,1782.56,0.483,0.0016,1.73
2587.83,-22.883609697486193,-43.321985320706766,2797,1782.56,0.463,0.0017,1.97
2587.83,-22.86340826042182,-43.31149043301849,2925,1782.56,0.437,0.0015,1.91
2587.83,-22.858124790649356,-43.28008126775039,2967,1782.56,0.489,0.0017,1.83
2587.84,-22.857284868038086,-43.32268854135826,2575,1782.56,0.493,0.0015,1.96
2587.84,-22.89349781095011,-43.27513011000819,2918,1782.56,0.444,0.0018,1.78
2587.84,-22.856879651215213,-43.318851619904024,2735,1782.56,0.47,0.0019,1.65
2587.84,-22.872639053563336,-43.3191439334825,2747,1782.56,0.403,0.0017,1.83
2587.84,-22.87857289987672,-43.29592354266078,2573,1782.56,0.43,0.0016,1.65
2587.84,-22.88309767427097,-43.31674920792804,2552,1782.56,0.447,0.0019,1.83
2587.84,-22.877127088132532,-43.313636642888476,2525,1782.56,0.422,0.0019,1.81
2587.84,-22.866295959582743,-43.270612328064914,2730,1782.56,0.454,0.0016,1.63
2587.84,-22.874937783792504,-43.31494440611707,2881,1782.56,0.452,0.0017,1.68
2587.84,-22.87143458612598,-43.26949400000578,2981,1782.56,0.469,0.0017,1.57
2587.84,-22.887155516722924,-43.305234974339086,2682,1782.56,0.466,0.0019,1.88
2587.85,-22.858555044831977,-43.314251573352315,2534,1782.56,0.476,0.0017,1.77
2587.85,-22.875231775363595,-43.27410490241185,2571,1782.56,0.442,0.0018,1.64
2587.85,-22.881333419710195,-43.321184370785694,2985,1782.56,0.421,0.0019,1.81
2587.85,-22.863011240699805,-43.27912413886022,2546,1782.56,0.46,0.0017,1.5
2587.85,-22.866245903957182,-43.32830163502488,2939,1782.56,0.455,0.0019,1.8
2587.85,-22.871406185960076,-43.30176403728605,2949,1782.56,0.464,0.0017,1.58
2587.85,-22.878978779701757,-43.32289371663875,2770,1782.56,0.437,0.0017,1.97
2587.85,-22.850535474768858,-43.307920547579656,2671,1782.56,0.402,0.0017,1.99
2587.85,-22.87669317578605,-43.291644222597775,2541,1782.56,0.404,0.0017,1.72
2587.87,-22.87857289987672,-43.29592354266078,2770,1782.56,0.431,0.0019,1.53
2587.87,-22.875085854289406,-43.31276047115411,2909,1782.56,0.493,0.0015,1.58
2587.87,-22.876915571808613,-43.29389117666397,2833,1782.56,0.473,0.0019,1.85
2587.87,-22.89213563769979,-43.31453725797905,2587,1782.56,0.453,0.0018,1.81
2587.87,-22.85468622919643,-43.31348299559518,2672,1782.56,0.475,0.0015,1.79
2587.87,-22.86540222513423,-43.27693918854471,2790,1782.56,0.407,0.0017,1.9
2587.87,-22.869647425864212,-43.326493151495754,2711,1782.56,0.474,0.0016,1.87
2587.87,-22.872590007618545,-43.27535563991996,2524,1782.56,0.421,0.0016,1.52
2587.88,-22.88138736370065,-43.28312116559284,2979,1782.56,0.481,0.0017,1.79
2587.88,-22.875121999585705,-43.302579846612964,2571,1782.56,0.418,0.0016,1.91
2587.88,-22.86711369768245,-43.29231942816386,2591,1782.56,0.41,0.0017,1.81
2587.88,-22.850535474768858,-43.307920547579656,2623,1782.56,0.4,0.0017,1.86
2587.88,-22.87824414614546,-43.32473055741454,2663,1782.56,0.474,0.0017,1.62
2587.88,-22.867920753613166,-43.32942070047525,2500,1782.56,0.471,0.0019,1.5
2587.88,-22.874302246649084,-43.30702553844383,2560,1782.56,0.492,0.0016,1.97
2587.88,-22.854665711887623,-43.302775734018006,2960,1782.56,0.479,0.0015,1.51
2587.9,-22.886789936011343,-43.31585082403175,2582,1782.56,0.484,0.0019,1.96
2587.9,-22.89213563769979,-43.31453725797905,2920,1782.56,0.444,0.0015,1.84
2587.9,-22.876541212193533,-43.32981029734441,2647,1782.56,0.401,0.0016,1.9
2587.9,-22.890074402587583,-43.28066188235112,2679,1782.56,0.4,0.0015,1.66
2587.9,-22.870385783458357,-43.292127689221395,2735,1782.56,0.469,0.0017,1.95
2587.9,-22.875639528876057,-43.278947681895616,2652,1782.56,0.48,0.0018,1.75
2587.91,-22.85404247869069,-43.29621015021172,2965,1782.56,0.458,0.0019,1.96
2587.91,-22.89796189835094,-43.329479329006716,2931,1782.56,0.448,0.0019,1.96
2587.91,-22.867458399570957,-43.268782955277885,2619,1782.56,0.406,0.0015,1.88
2587.91,-22.891804245638014,-43.32012754327931,2508,1782.56,0.47,0.0018,1.72
2587.91,-22.887942772304914,-43.335016025586654,2612,1782.56,0.46,0.0017,1.63
2587.91,-22.87223476720097,-43.29336171521947,2867,1782.56,0.436,0.0015,1.64
2587.91,-22.854665711887623,-43.302775734018006,2703,1782.56,0.426,0.0018,1.65
2587.91,-22.874805283167667,-43.288730385204914,2892,1782.56,0.417,0.0017,1.71
2587.91,-22.85209561925868,-43.29621764528502,2532,1782.56,0.446,0.0017,1.63
2587.91,-22.869805953313453,-43.28972292657455,2630,1782.56,0.413,0.0018,1.87
2587.91,-22.864911194900778,-43.31963596032144,2552,1782.56,0.458,0.0015,1.61
2587.91,-22.865174884082702,-43.28765803844912,2724,1782.56,0.497,0.0018,1.83
2587.91,-22.874743318166633,-43.31929686313053,2705,1782.56,0.454,0.0017,1.5
2587.91,-22.866462312864606,-43.31212026897201,2697,1782.56,0.485,0.0015,1.69
2587.91,-22.89200693751013,-43.278113608716396,2763,1782.56,0.424,0.0018,1.82
2587.93,-22.887790193505836,-43.314164524382306,2629,1782.56,0.463,0.0015,1.88
2587.93,-22.85821759881364,-43.27393164834267,2546,1782.56,0.493,0.0018,1.95
2587.93,-22.876600058653487,-43.294176986899174,2860,1782.56,0.405,0.0019,1.72
2587.93,-22.874254158307874,-43.272818042354956,2907,1782.56,0.4,0.0019,1.92
2587.93,-22.895008198056836,-43.33039785933877,2537,1782.56,0.438,0.0017,1.8
2587.93,-22.883044621550756,-43.27253070149058,2706,1782.56,0.425,0.0016,1.92
2587.94,-22.882010907867286,-43.2955107445172,2945,1782.56,0.46,0.0016,1.53
2587.94,-22.867021344732553,-43.307514989302184,2851,1782.56,0.495,0.0019,1.56
2587.94,-22.880238359783807,-43.31131469976535,2861,1782.56,0.499,0.0019,1.95
2587.94,-22.88931882485539,-43.28966428164412,2701,1782.56,0.415,0.0017,1.63
2587.94,-22.875121999585705,-43.302579846612964,2758,1782.56,0.453,0.0015,1.87
2587.94,-22.856818133546327,-43.32364807005775,2884,1782.56,0.444,0.0016,1.91
2587.94,-22.85821759881364,-43.27393164834267,2981,1782.56,0.475,0.0015,1.51
2587.96,-22.877188204111565,-43.31684001468224,2595,1782.56,0.475,0.0017,1.52
2587.96,-22.847079298568104,-43.29783874614938,2763,1782.56,0.409,0.0016,1.57
2587.96,-22.884709899851885,-43.27213163504,2722,1782.56,0.408,0.0016,1.96
2587.96,-22.862464497491782,-43.2784074908392,2946,1782.56,0.412,0.0018,1.51
2587.96,-22.87070398097288,-43.30730938443952,2962,1782.56,0.412,0.0018,1.9
2587.96,-22.86367394666999,-43.297294159494605,2787,1782.56,0.406,0.0017,1.65
2587.96,-22.865266583287077,-43.32937373118127,2966,1782.56,0.424,0.0017,1.95
2587.96,-22.888055757576428,-43.308529388417405,2586,1782.56,0.451,0.0015,1.68
2587.96,-22.857290769753895,-43.328348659412804,2591,1782.56,0.464,0.0018,1.56
2587.96,-22.858152339578883,-43.331756314736744,2521,1782.56,0.493,0.0015,1.7
2587.96,-22.89796189835094,-43.329479329006716,2755,1782.56,0.476,0.0017,1.78
2587.96,-22.861735960842314,-43.294302778628925,2870,1782.56,0.407,0.0018,1.75
2587.96,-22.8685102980563,-43.28049395655852,2742,1782.56,0.491,0.0016,1.96
2587.96,-22.87380820665509,-43.3308834489832,2806,1782.56,0.424,0.0016,1.62
2587.96,-22.88078056851191,-43.322729273656115,2553,1782.56,0.484,0.0018,1.93
2587.96,-22.865538431199276,-43.291757177954814,2942,1782.56,0.474,0.0015,1.94
2587.96,-22.86949389367307,-43.289631791960566,2797,1782.56,0.407,0.0018,1.71
2588.02,-22.85945488457674,-43.326512509270515,2664,1782.56,0.484,0.0017,1.7
2588.02,-22.870064152026032,-43.332426309660676,2558,1782.56,0.42,0.0015,1.95
2588.02,-22.863985115090834,-43.321749567625446,2618,1782.56,0.407,0.0019,1.93
2588.02,-22.862757124028064,-43.283703794161326,2984,1782.56,0.469,0.0018,1.52
2588.02,-22.85080734028682,-43.29206683784505,2641,1782.56,0.4,0.0019,1.99
2588.02,-22.852607422648404,-43.298626277056655,2719,1782.56,0.475,0.0018,1.72
2588.02,-22.87208535551471,-43.292984902810836,2826,1782.56,0.467,0.0018,1.56
2588.09,-22.88717693601249,-43.303481566569786,2858,1782.56,0.452,0.0019,1.82
2588.09,-22.86132513843861,-43.300739072527676,2534,1782.56,0.414,0.0017,1.55
2588.09,-22.859089832041434,-43.320169279291335,2989,1782.56,0.478,0.0015,1.85
2588.09,-22.882630072693864,-43.32196619291377,2952,1782.56,0.441,0.0015,1.79
2588.09,-22.855767338153527,-43.3260065586982,2970,1782.56,0.403,0.0019,1.85
2588.09,-22.89021611070215,-43.328895411526545,2560,1782.56,0.427,0.0016,1.59
2588.09,-22.86711369768245,-43.29231942816386,2966,1782.56,0.445,0.0017,1.74
2588.09,-22.86205585541741,-43.28820058141566,2653,1782.56,0.417,0.0016,1.59
2588.09,-22.85710416701063,-43.304086900341545,2964,1782.56,0.411,0.0018,1.62
2588.09,-22.8787470534882,-43.32230690243902,2532,1782.56,0.415,0.0016,1.68
2588.11,-22.876990184341754,-43.285103753659,2822,1782.56,0.498,0.0016,1.93
2588.11,-22.87070398097288,-43.30730938443952,2864,1782.56,0.453,0.0018,1.93
2588.11,-22.864911194900778,-43.31963596032144,2892,1782.56,0.457,0.0019,1.81
2588.11,-22.884215047491185,-43.286962960829634,2685,1782.56,0.498,0.0016,1.72
2588.11,-22.866295959582743,-43.270612328064914,2677,1782.56,0.492,0.0015,1.6
2588.11,-22.89107709067145,-43.2828255366687,2929,1782.56,0.483,0.0018,1.78
2588.11,-22.858273209561837,-43.27801793683567,2639,1782.56,0.47,0.0018,1.5
2588.11,-22.88551657420369,-43.329699326247216,2621,1782.56,0.46,0.0015,1.53
2588.11,-22.86639865047928,-43.278186064407635,2597,1782.56,0.431,0.0017,1.64
2588.11,-22.870440572821785,-43.29706772608022,2740,1782.56,0.467,0.0018,1.55
2588.11,-22.881056312473603,-43.311058769951785,2653,1782.56,0.458,0.0018,1.51
2588.11,-22.878999813424073,-43.324851492304006,2773,1782.56,0.487,0.0015,1.5
2588.22,-22.88551657420369,-43.329699326247216,2687,1782.56,0.428,0.0016,1.8
2588.22,-22.854745499942936,-43.292818165705725,2995,1782.56,0.457,0.0017,1.95
2588.22,-22.876346337075056,-43.31832463409336,2939,1782.56,0.405,0.0017,1.57
2588.22,-22.88419073958569,-43.307955209458136,2904,1782.56,0.445,0.0016,1.56
2588.22,-22.876541212193533,-43.32981029734441,2902,1782.56,0.486,0.0018,1.85
2588.22,-22.863391643148574,-43.28982290627995,2735,1782.56,0.442,0.0017,1.93
2588.22,-22.86741089713757,-43.31583023259235,2544,1782.56,0.441,0.0015,1.61
2588.23,-22.85710416701063,-43.304086900341545,2536,1782.56,0.439,0.0018,1.55
2588.23,-22.897828521923,-43.32076240791066,2827,1782.56,0.474,0.0017,1.69
2588.23,-22.857942866304892,-43.31413091695249,2965,1782.56,0.418,0.0015,1.94
2588.23,-22.889011332646945,-43.2839897527779,2613,1782.56,0.473,0.0015,1.7
2588.23,-22.89798550404551,-43.28389935640311,2937,1782.56,0.494,0.0017,1.78
2588.23,-22.856268461025326,-43.28601419506252,2863,1782.56,0.494,0.0019,1.84
2588.23,-22.87578904193713,-43.27884368851319,2533,1782.56,0.478,0.0018,1.78
2588.27,-22.89288154320739,-43.286883687835434,2875,1782.56,0.463,0.0017,1.85
2588.27,-22.89580667279858,-43.3224519112638,2927,1782.56,0.418,0.0018,1.85
2588.27,-22.868027495114074,-43.27200289825699,2849,1782.56,0.408,0.0015,1.84
2588.27,-22.893061988077097,-43.27244154222657,2529,1782.56,0.436,0.0018,1.73
2588.27,-22.897529658460527,-43.318345479199664,2989,1782.56,0.427,0.0018,1.61
2588.27,-22.862695092709878,-43.31100679155802,2514,1782.56,0.434,0.0019,1.96
2588.27,-22.868610664476332,-43.29489435252647,2904,1782.56,0.446,0.0017,1.79
2588.27,-22.870061319264384,-43.33215504327575,2739,1782.56,0.442,0.0019,1.65
2588.28,-22.880238359783807,-43.31131469976535,2786,1782.56,0.477,0.0018,1.89
2588.28,-22.877127088132532,-43.313636642888476,2750,1782.56,0.41,0.0016,1.78
2588.28,-22.875146291117844,-43.307818458397016,2618,1782.56,0.462,0.0017,1.72
2588.28,-22.859280335561404,-43.27687464822287,2508,1782.56,0.406,0.0019,1.54
2588.28,-22.88309767427097,-43.31674920792804,2775,1782.56,0.424,0.0019,1.6
2588.28,-22.885824772689762,-43.295605298502416,2835,1782.56,0.419,0.0019,1.68
2588.28,-22.894448313775243,-43.32140260734481,2680,1782.56,0.414,0.0017,1.77
2588.28,-22.871185631521833,-43.334161501074995,2567,1782.56,0.487,0.0019,1.98
2588.28,-22.87857289987672,-43.29592354266078,2562,1782.56,0.466,0.0019,1.52
2588.28,-22.881687513370636,-43.298275699900664,2965,1782.56,0.411,0.0017,1.62
2588.28,-22.863011240699805,-43.27912413886022,2865,1782.56,0.448,0.0017,1.64
2588.28,-22.86961225052659,-43.273621960841055,2693,1782.56,0.402,0.0017,1.53
2588.28,-22.856530040860807,-43.28077437905881,2580,1782.56,0.437,0.0018,1.54
2588.28,-22.878978779701757,-43.32289371663875,2697,1782.56,0.423,0.0016,1.7
2588.28,-22.89470308630807,-43.32551035541433,2957,1782.56,0.442,0.0017,1.56
2588.28,-22.87208535551471,-43.292984902810836,2552,1782.56,0.494,0.0019,1.99
2588.28,-22.862088842466637,-43.27367873862249,2835,1782.56,0.436,0.0015,1.63
2588.28,-22.88624258564699,-43.33053699248448,2999,1782.56,0.496,0.0017,1.84
2588.28,-22.874712394502676,-43.28282881436501,2663,1782.56,0.449,0.0016,1.76
2588.28,-22.885226044959932,-43.309720499147424,2806,1782.56,0.483,0.0015,1.61
2588.28,-22.869647425864212,-43.326493151495754,2630,1782.56,0.417,0.0017,1.62
2588.28,-22.89055249713112,-43.280109026183055,2583,1782.56,0.468,0.0016,1.94
2588.28,-22.87223476720097,-43.29336171521947,2745,1782.56,0.406,0.0019,1.56
2588.28,-22.859280335561404,-43.27687464822287,2617,1782.56,0.415,0.0019,1.8
2588.28,-22.873643934246797,-43.295536094821664,2564,1782.56,0.427,0.0019,1.66
2588.28,-22.861256893082682,-43.32794826319142,2995,1782.56,0.467,0.0016,1.93
2588.28,-22.89580667279858,-43.3224519112638,2593,1782.56,0.445,0.0018,1.6
2588.28,-22.880238359783807,-43.31131469976535,2927,1782.56,0.491,0.0018,1.92
2588.28,-22.87071304085338,-43.289401165594995,2688,1782.56,0.458,0.0018,1.76
2588.28,-22.86493449045638,-43.28912110732493,2609,1782.56,0.418,0.0017,1.77
2588.28,-22.89580667279858,-43.3224519112638,2962,1782.56,0.423,0.0016,1.7
2588.28,-22.861349365426673,-43.305214149060646,2862,1782.56,0.44,0.0018,1.6
2588.31,-22.85203244933537,-43.292673874031166,2958,1782.56,0.449,0.0018,1.67
2588.31,-22.86178952014623,-43.307313325016665,2977,1782.56,0.48,0.0019,1.57
2588.31,-22.88198675812342,-43.27676495959041,2556,1782.56,0.471,0.0017,1.99
2588.31,-22.890123849533225,-43.292946678367834,2801,1782.56,0.462,0.0015,1.89
2588.31,-22.876541212193533,-43.32981029734441,2847,1782.56,0.46,0.0017,1.69
2588.31,-22.887463762016246,-43.279058954052026,2525,1782.56,0.427,0.0019,1.89
2588.31,-22.861135040004815,-43.30712425112237,2897,1782.56,0.487,0.0016,1.79
2588.31,-22.861349365426673,-43.305214149060646,2719,1782.56,0.464,0.0019,1.72
2588.31,-22.89798550404551,-43.28389935640311,2675,1782.56,0.445,0.0015,1.9
2588.31,-22.874150589674542,-43.311562199564975,2770,1782.56,0.497,0.0017,1.83
2588.31,-22.889457716445055,-43.32113741309723,2918,1782.56,0.484,0.0018,1.85
2588.31,-22.87853141539161,-43.29876377217909,2515,1782.56,0.453,0.0017,1.51
2588.31,-22.89821201384601,-43.32804152699613,2823,1782.56,0.455,0.0016,1.59
2588.31,-22.88788703352114,-43.271418990966914,2863,1782.56,0.403,0.0018,1.91
2588.31,-22.881056312473603,-43.311058769951785,2609,1782.56,0.493,0.0015,1.59
2588.35,-22.853473621389476,-43.30340894163149,2625,1782.56,0.488,0.0015,1.77
2588.35,-22.877188204111565,-43.31684001468224,2912,1782.56,0.464,0.0019,1.59
2588.35,-22.884615370405403,-43.336687407352116,2723,1782.56,0.435,0.0019,1.72
2588.35,-22.888970419873544,-43.276900447868826,2503,1782.56,0.416,0.0017,1.53
2588.35,-22.89214807653393,-43.32199924007791,2903,1782.56,0.464,0.0017,1.53
2588.35,-22.87578904193713,-43.27884368851319,2689,1782.56,0.49,0.0016,1.57
2588.35,-22.847079298568104,-43.29783874614938,2709,1782.56,0.441,0.0016,1.52
2588.36,-22.88609409087955,-43.32311508249367,2576,1782.56,0.46,0.0016,1.59
2588.36,-22.87857289987672,-43.29592354266078,2808,1782.56,0.496,0.0015,1.75
2588.36,-22.89452471477547,-43.29205209489,2804,1782.56,0.451,0.0016,1.6
2588.36,-22.869194574702586,-43.30490939599209,2557,1782.56,0.447,0.0019,1.97
2588.36,-22.888255012773346,-43.28595440982584,2941,1782.56,0.405,0.0019,1.68
2588.36,-22.86692805315821,-43.275210747940264,2999,1782.56,0.417,0.0019,1.71
2588.36,-22.885270044065155,-43.31713716374416,2810,1782.56,0.447,0.0017,1.86
2588.36,-22.874010689225567,-43.319107440956024,2800,1782.56,0.447,0.0016,1.99
2588.36,-22.881687513370636,-43.298275699900664,2986,1782.56,0.476,0.0016,1.74
2588.4,-22.8579311397991,-43.32575380126112,2698,1782.56,0.493,0.0017,1.86
2588.4,-22.86611212503453,-43.29434089636883,2771,1782.56,0.461,0.0018,1.6
2588.4,-22.89465966178841,-43.2903759655431,2816,1782.56,0.424,0.0017,1.89
2588.4,-22.875085854289406,-43.31276047115411,2579,1782.56,0.432,0.0017,1.74
2588.4,-22.869955584691237,-43.32150101062384,2710,1782.56,0.499,0.0018,1.86
2588.4,-22.850737790702134,-43.31314228510718,2916,1782.56,0.453,0.0016,1.82
2588.4,-22.87858325346472,-43.27939380830951,2910,1782.56,0.462,0.0016,1.58
2588.4,-22.861349365426673,-43.305214149060646,2704,1782.56,0.452,0.0018,1.74
2588.4,-22.85815950122837,-43.305398189772106,2764,1782.56,0.456,0.0016,1.64
2588.4,-22.861710046858633,-43.278467531094556,2605,1782.56,0.437,0.0018,1.55
2588.4,-22.866462312864606,-43.31212026897201,2781,1782.56,0.498,0.0018,1.66
2588.41,-22.87618256645411,-43.30423725012878,2904,1782.56,0.466,0.0017,1.57
2588.41,-22.882162080687223,-43.31894566364465,2728,1782.56,0.468,0.0016,1.84
2588.41,-22.89821201384601,-43.32804152699613,2944,1782.56,0.472,0.0019,1.61
2588.41,-22.88788703352114,-43.271418990966914,2602,1782.56,0.484,0.0019,1.94
2588.41,-22.895625375970848,-43.3260810347732,2747,1782.56,0.459,0.0016,1.91
2588.41,-22.85728372610451,-43.31757331912454,2859,1782.56,0.456,0.0019,1.91
2588.41,-22.850737790702134,-43.31314228510718,2852,1782.56,0.452,0.0016,1.66
2588.45,-22.88150700142016,-43.27882017150691,2649,1782.56,0.416,0.0018,1.81
2588.45,-22.85498734811861,-43.30331227430829,2519,1782.56,0.478,0.0018,1.97
2588.45,-22.86340826042182,-43.31149043301849,2821,1782.56,0.447,0.0015,1.58
2588.46,-22.881551873077655,-43.333125831061146,2781,1782.56,0.465,0.0015,1.59
2588.46,-22.864359769594856,-43.33436283749005,2785,1782.56,0.454,0.0015,1.92
2588.46,-22.863888243428022,-43.28576933991444,2698,1782.56,0.444,0.0018,1.62
2588.46,-22.87071304085338,-43.289401165594995,2786,1782.56,0.427,0.0017,1.68
2588.46,-22.861492160766815,-43.30304129907048,2814,1782.56,0.426,0.0016,1.62
2588.46,-22.84534312678508,-43.29636634752985,2696,1782.56,0.405,0.0017,1.98
2588.46,-22.862834207827355,-43.31507750304328,2711,1782.56,0.43,0.0019,1.66
2588.46,-22.88807446890354,-43.28263784741499,2958,1782.56,0.455,0.0016,1.96
2588.46,-22.863144811151294,-43.30122223728789,2561,1782.56,0.408,0.0015,1.73
2588.46,-22.874593114721886,-43.29506176950043,2994,1782.56,0.495,0.0017,1.63
2588.46,-22.864211710200387,-43.29555600835499,2903,1782.56,0.479,0.0016,1.93
2588.46,-22.879885961699628,-43.295482481050094,2804,1782.56,0.44,0.0018,1.74
2588.46,-22.871134197001645,-43.3324209229417,2549,1782.56,0.407,0.0015,1.96
2588.46,-22.863117302560145,-43.309960029963165,2671,1782.56,0.445,0.0015,1.7
2588.46,-22.848589623892043,-43.299859478608504,2890,1782.56,0.454,0.0016,1.76
2588.46,-22.862925238004607,-43.326410115360275,2640,1782.56,0.477,0.0016,1.95
2588.46,-22.85710416701063,-43.304086900341545,2756,1782.56,0.4,0.0019,1.81
2588.46,-22.864860944366388,-43.30886474034251,2868,1782.56,0.464,0.0019,1.76
2588.46,-22.861492160766815,-43.30304129907048,2694,1782.56,0.483,0.0019,1.54
2588.46,-22.86178952014623,-43.307313325016665,2740,1782.56,0.48,0.0016,1.99
2588.5,-22.88735265443355,-43.27389247149932,2639,1782.56,0.482,0.0016,1.82
2588.5,-22.85629180486859,-43.3176659458171,2680,1782.56,0.451,0.0017,1.81
2588.5,-22.859824926994264,-43.333258221906284,2548,1782.56,0.438,0.0015,1.62
2588.5,-22.876785616372743,-43.32135565342095,2583,1782.56,0.455,0.0017,1.61
2588.5,-22.885269744638116,-43.31286410873418,2979,1782.56,0.478,0.0016,1.86
2588.5,-22.872028940590603,-43.32433855365501,2750,1782.56,0.409,0.0016,1.76
2588.5,-22.861044951138112,-43.30165423832948,2790,1782.56,0.458,0.0019,1.66
2588.5,-22.866575310083032,-43.328896758974054,2842,1782.56,0.447,0.0018,1.93
2588.5,-22.867950283006152,-43.28254729962418,2572,1782.56,0.476,0.0015,1.82
2588.5,-22.875721493584145,-43.284464143249885,2509,1782.56,0.488,0.0019,1.82
2588.52,-22.86930710621118,-43.28819467148683,2935,1782.56,0.462,0.0017,1.53
2588.52,-22.874961602533563,-43.32510125573787,2925,1782.56,0.471,0.0016,1.7
2588.52,-22.88150700142016,-43.27882017150691,2701,1782.56,0.429,0.0017,1.55
2588.52,-22.89200693751013,-43.278113608716396,2629,1782.56,0.443,0.0019,1.85
2588.52,-22.867021344732553,-43.307514989302184,2729,1782.56,0.452,0.0019,1.67
2588.52,-22.86486717571422,-43.31091685420294,2669,1782.56,0.448,0.0016,1.64
2588.52,-22.89350124787708,-43.33173002529052,2650,1782.56,0.45,0.0015,1.58
2588.52,-22.869733404200566,-43.281761550640105,2808,1782.56,0.491,0.0019,1.72
2588.52,-22.852756897456484,-43.310038421031464,2683,1782.56,0.413,0.0016,1.54
2588.52,-22.845181025238592,-43.30895042890004,2685,1782.56,0.418,0.0019,1.93
2588.52,-22.85728372610451,-43.31757331912454,2777,1782.56,0.417,0.0018,1.6
2588.52,-22.881056312473603,-43.311058769951785,2553,1782.56,0.453,0.0016,1.93
2588.52,-22.886789936011343,-43.31585082403175,2796,1782.56,0.455,0.0015,1.92
2588.52,-22.875231775363595,-43.27410490241185,2665,1782.56,0.44,0.0018,1.88
2588.52,-22.88867968991285,-43.33214735888769,2920,1782.56,0.496,0.0019,1.6
2588.52,-22.87380820665509,-43.3308834489832,2931,1782.56,0.403,0.0016,1.55
2588.52,-22.862856612777097,-43.32606449715569,2849,1782.56,0.436,0.0017,1.95
2588.52,-22.87669317578605,-43.291644222597775,2512,1782.56,0.428,0.0015,1.61
2588.52,-22.860617930915378,-43.28970703182598,2635,1782.56,0.446,0.0016,1.51
2588.52,-22.881687513370636,-43.298275699900664,2750,1782.56,0.441,0.0017,1.71
2588.59,-22.876600058653487,-43.294176986899174,2844,1782.56,0.446,0.0017,1.84
2588.59,-22.878999813424073,-43.324851492304006,2741,1782.56,0.491,0.0016,1.54
2588.59,-22.878999813424073,-43.324851492304006,2602,1782.56,0.43,0.0016,1.76
2588.59,-22.88322984648596,-43.28421464468421,2753,1782.56,0.404,0.0017,1.73
2588.59,-22.89412830948375,-43.27630798894939,2982,1782.56,0.408,0.0017,1.86
2588.59,-22.858628339397463,-43.29865405889191,2656,1782.56,0.431,0.0017,1.61
2588.59,-22.846127183459664,-43.309759813707345,2952,1782.56,0.406,0.0017,1.62
2588.6,-22.86957388783563,-43.31016904625865,2686,1782.56,0.455,0.0015,1.64
2588.6,-22.891801503424844,-43.32398281396972,2897,1782.56,0.454,0.0018,1.59
2588.6,-22.86132513843861,-43.300739072527676,2779,1782.56,0.451,0.0016,1.77
2588.6,-22.869611223913218,-43.29033624211841,2565,1782.56,0.472,0.0015,1.77
2588.6,-22.861532363431817,-43.29386874824151,2661,1782.56,0.496,0.0018,1.59
2588.6,-22.871145094853688,-43.28174662556796,2864,1782.56,0.407,0.0017,1.91
2588.6,-22.85815950122837,-43.305398189772106,2563,1782.56,0.433,0.0017,1.91
2588.6,-22.88140571261693,-43.31563277652367,2500,1782.56,0.48,0.0019,1.61
2588.6,-22.876346337075056,-43.31832463409336,2738,1782.56,0.449,0.0018,1.63
2588.6,-22.885726073532716,-43.33563371528077,2667,1782.56,0.495,0.0019,1.93
2588.63,-22.890302059000735,-43.32757993315172,2985,1782.56,0.43,0.0016,1.53
2588.63,-22.881687513370636,-43.298275699900664,2734,1782.56,0.412,0.0018,1.97
2588.63,-22.88735265443355,-43.27389247149932,2833,1782.56,0.4,0.0018,1.93
2588.63,-22.86411762234615,-43.28076398939773,2731,1782.56,0.499,0.0019,1.65
2588.63,-22.87578904193713,-43.27884368851319,2941,1782.56,0.44,0.0019,1.88
2588.63,-22.881056312473603,-43.311058769951785,2976,1782.56,0.475,0.0018,1.83
2588.63,-22.85203244933537,-43.292673874031166,2704,1782.56,0.434,0.0017,1.9
2588.63,-22.897529658460527,-43.318345479199664,2779,1782.56,0.443,0.0019,1.69
2588.63,-22.88138736370065,-43.28312116559284,2765,1782.56,0.409,0.0015,1.8
2588.63,-22.870076345915614,-43.277950719324274,2976,1782.56,0.401,0.0016,1.54
2588.63,-22.89189318600961,-43.335384174879266,2728,1782.56,0.444,0.0016,1.61
2588.63,-22.861140585512423,-43.28010575292516,2729,1782.56,0.432,0.0016,1.84
2588.63,-22.89055249713112,-43.280109026183055,2925,1782.56,0.446,0.0018,1.76
2588.63,-22.889578146447786,-43.331262264623696,2769,1782.56,0.413,0.0016,1.86
2588.63,-22.86370154201032,-43.275263209670356,2687,1782.56,0.44,0.0019,1.52
2588.64,-22.87380820665509,-43.3308834489832,2590,1782.56,0.469,0.0015,1.85
2588.64,-22.874522011482487,-43.28315346692239,2862,1782.56,0.438,0.0016,1.93
2588.64,-22.884215047491185,-43.286962960829634,2511,1782.56,0.403,0.0015,1.56
2588.64,-22.881988610968897,-43.3256408177475,2725,1782.56,0.495,0.0016,1.87
2588.64,-22.881824405437325,-43.276966894965064,2535,1782.56,0.47,0.0017,1.56
2588.64,-22.884215047491185,-43.286962960829634,2763,1782.56,0.457,0.0017,1.66
2588.64,-22.87618256645411,-43.30423725012878,2775,1782.56,0.441,0.0017,1.87
2588.65,-22.849463791266736,-43.299533807688285,2616,1782.56,0.421,0.0015,1.74
2588.65,-22.888114719854006,-43.29496886083367,2831,1782.56,0.437,0.0018,1.88
2588.65,-22.862695092709878,-43.31100679155802,2542,1782.56,0.422,0.0018,1.98
2588.65,-22.895007079686994,-43.32139147487483,2552,1782.56,0.458,0.0015,1.72
2588.65,-22.89496887400113,-43.315918410614934,2936,1782.56,0.458,0.0018,1.7
2588.65,-22.870092504796666,-43.29135775802206,2860,1782.56,0.478,0.0015,1.56
2588.65,-22.89107709067145,-43.2828255366687,2543,1782.56,0.495,0.0019,1.6
2588.65,-22.875121999585705,-43.302579846612964,2998,1782.56,0.487,0.0018,1.77
2588.65,-22.87858325346472,-43.27939380830951,2655,1782.56,0.459,0.0019,1.81
2588.65,-22.84534312678508,-43.29636634752985,2887,1782.56,0.415,0.0017,1.56
2588.65,-22.89200693751013,-43.278113608716396,2572,1782.56,0.444,0.0017,1.78
2588.65,-22.886171824278932,-43.29940332776213,2958,1782.56,0.475,0.0018,1.83
2588.65,-22.88309767427097,-43.31674920792804,2928,1782.56,0.47,0.0016,1.5
2588.65,-22.855536186537016,-43.289990506140114,2505,1782.56,0.481,0.0016,1.77
2588.65,-22.852221122571265,-43.302809078039104,2643,1782.56,0.416,0.0019,1.89
2588.68,-22.865237651956964,-43.335306588392484,2704,1782.56,0.468,0.0016,1.6
2588.68,-22.86930710621118,-43.28819467148683,2634,1782.56,0.429,0.0019,1.54
2588.68,-22.863391643148574,-43.28982290627995,2979,1782.56,0.414,0.0019,1.75
2588.68,-22.874591043797622,-43.3249468165468,2899,1782.56,0.452,0.0018,1.71
2588.68,-22.87618256645411,-43.30423725012878,2864,1782.56,0.48,0.0019,1.87
2588.68,-22.856818133546327,-43.32364807005775,2930,1782.56,0.489,0.0017,1.97
2588.68,-22.868163405105054,-43.311604199720115,2835,1782.56,0.488,0.0018,1.54
2588.68,-22.847288088171606,-43.295177229050445,2541,1782.56,0.455,0.0017,1.81
2588.68,-22.870385783458357,-43.292127689221395,2989,1782.56,0.483,0.0017,1.93
2588.68,-22.87223476720097,-43.29336171521947,2973,1782.56,0.426,0.0018,1.9
2588.68,-22.874150589674542,-43.311562199564975,2804,1782.56,0.432,0.0015,1.97
2588.68,-22.860617930915378,-43.28970703182598,2882,1782.56,0.436,0.0019,1.66
2588.68,-22.88150700142016,-43.27882017150691,2935,1782.56,0.487,0.0016,1.71
2588.68,-22.874010689225567,-43.319107440956024,2820,1782.56,0.468,0.0017,1.53
2588.68,-22.866968974005935,-43.2989850526044,2546,1782.56,0.485,0.0015,1.81
2588.68,-22.866462312864606,-43.31212026897201,2511,1782.56,0.476,0.0016,1.52
2588.68,-22.87263357888963,-43.312198126796915,2706,1782.56,0.475,0.0018,1.67
2588.68,-22.86930710621118,-43.28819467148683,2501,1782.56,0.494,0.0017,1.65
2588.79,-22.86381140933035,-43.329936562683585,2939,1782.56,0.479,0.0019,1.69
2588.79,-22.8749931650182,-43.30265604007292,2889,1782.56,0.467,0.0016,1.8
2588.79,-22.89465966178841,-43.2903759655431,2629,1782.56,0.48,0.0016,1.88
2588.8,-22.873148189917117,-43.31526484181589,2569,1782.56,0.455,0.0018,1.64
2588.8,-22.858215943544252,-43.30285628166705,2786,1782.56,0.429,0.0016,1.59
2588.8,-22.888055757576428,-43.308529388417405,2942,1782.56,0.428,0.0017,1.61
2588.8,-22.870257745721055,-43.29604893570869,2558,1782.56,0.468,0.0016,1.85
2588.8,-22.86639865047928,-43.278186064407635,2503,1782.56,0.429,0.0018,1.64
2588.8,-22.88503249841015,-43.324318816889715,2999,1782.56,0.416,0.0016,1.83
2588.8,-22.868433559223956,-43.291280473480036,2533,1782.56,0.491,0.0019,1.94
2588.8,-22.87486612122775,-43.279707456444505,2905,1782.56,0.431,0.0016,1.87
2588.8,-22.86741089713757,-43.31583023259235,2826,1782.56,0.495,0.0019,1.85
2588.8,-22.878082994140353,-43.310192460343124,2912,1782.56,0.413,0.0018,1.5
2588.85,-22.890302059000735,-43.32757993315172,2782,1782.56,0.458,0.0018,1.53
2588.85,-22.864249254248662,-43.32248206560194,2522,1782.56,0.482,0.0019,1.5
2588.85,-22.882295866927176,-43.32450889376895,2826,1782.56,0.412,0.0016,1.66
2588.85,-22.876600058653487,-43.294176986899174,2935,1782.56,0.468,0.0019,1.82
2588.85,-22.878678970104733,-43.2893826947477,2887,1782.56,0.413,0.0019,1.84
2588.85,-22.86486717571422,-43.31091685420294,2554,1782.56,0.408,0.0018,1.81
2588.85,-22.88733155941451,-43.26987308282541,2758,1782.56,0.406,0.0018,1.91
2588.85,-22.875121999585705,-43.302579846612964,2641,1782.56,0.452,0.0015,1.58
2588.85,-22.850535474768858,-43.307920547579656,2995,1782.56,0.411,0.0015,1.68
2588.85,-22.863415548060487,-43.323317634222505,2755,1782.56,0.462,0.0015,1.59
2588.85,-22.856879651215213,-43.318851619904024,2809,1782.56,0.484,0.0017,1.69
2588.85,-22.861340447661618,-43.31260812808475,2530,1782.56,0.412,0.0015,1.74
2588.85,-22.888255012773346,-43.28595440982584,2635,1782.56,0.457,0.0019,1.93
2588.85,-22.87223476720097,-43.29336171521947,2640,1782.56,0.434,0.0016,1.56
2588.85,-22.862128139552905,-43.313939096711664,2703,1782.56,0.425,0.0017,1.68
2588.85,-22.86957388783563,-43.31016904625865,2714,1782.56,0.423,0.0019,1.61
2588.85,-22.85498734811861,-43.30331227430829,2774,1782.56,0.447,0.0015,1.6
2588.86,-22.896654692875437,-43.28478563615814,2991,1782.56,0.437,0.0016,1.5
2588.86,-22.86143205741137,-43.3229601040728,2986,1782.56,0.46,0.0015,1.75
2588.86,-22.89177809869233,-43.28695883070058,2605,1782.56,0.488,0.0016,1.81
2588.86,-22.887707207011417,-43.33610398896485,2882,1782.56,0.492,0.0019,1.96
2588.86,-22.89107709067145,-43.2828255366687,2999,1782.56,0.452,0.0017,1.86
2588.86,-22.865683622380516,-43.310260791624906,2650,1782.56,0.466,0.0017,1.67
2588.86,-22.866754144869372,-43.306332011179705,2779,1782.56,0.44,0.0016,1.84
2588.86,-22.86143205741137,-43.3229601040728,2751,1782.56,0.499,0.0019,1.51
2588.86,-22.885824772689762,-43.295605298502416,2588,1782.56,0.465,0.0017,1.54
2588.86,-22.86411762234615,-43.28076398939773,2577,1782.56,0.462,0.0019,1.5
2588.86,-22.85592316671847,-43.30877386920199,2862,1782.56,0.472,0.0019,1.58
2588.88,-22.859725542708905,-43.2808886018145,2698,1782.56,0.456,0.0017,1.82
2588.88,-22.89116912448737,-43.26883851674487,2689,1782.56,0.49,0.0019,1.5
2588.88,-22.894054080357296,-43.322548986091206,2735,1782.56,0.45,0.0015,1.74
2588.88,-22.889129492842276,-43.31751945952847,2836,1782.56,0.477,0.0016,1.92
2588.88,-22.88347249931642,-43.30216835806813,2782,1782.56,0.405,0.0015,1.53
2588.88,-22.88140571261693,-43.31563277652367,2740,1782.56,0.413,0.0016,1.75
2588.88,-22.886171824278932,-43.29940332776213,2718,1782.56,0.492,0.0015,1.85
2588.9,-22.89116912448737,-43.26883851674487,2962,1782.56,0.499,0.0015,1.98
2588.9,-22.867458399570957,-43.268782955277885,2554,1782.56,0.431,0.0015,1.75
2588.9,-22.89116912448737,-43.26883851674487,2882,1782.56,0.446,0.0018,1.76
2588.9,-22.869061768283025,-43.31704078257435,2661,1782.56,0.42,0.0015,1.82
2588.9,-22.886732583417785,-43.33823308647097,2584,1782.56,0.442,0.0015,1.65
2588.9,-22.845181025238592,-43.30895042890004,2907,1782.56,0.42,0.0017,1.61
2588.9,-22.861018318152656,-43.321304264919114,2568,1782.56,0.483,0.0016,1.68
2588.9,-22.875464277457617,-43.27792316983827,2915,1782.56,0.452,0.0016,1.57
2588.9,-22.862662756127307,-43.280590087419654,2615,1782.56,0.43,0.0016,1.8
2588.9,-22.855536186537016,-43.289990506140114,2961,1782.56,0.46,0.0015,1.88
2588.92,-22.892895319049963,-43.316131804558516,2903,1782.56,0.412,0.0018,1.78
2588.92,-22.889755566209402,-43.26860091856575,2772,1782.56,0.414,0.0018,1.6
2588.92,-22.871397972907403,-43.28322139568482,2804,1782.56,0.448,0.0017,1.63
2588.92,-22.868610664476332,-43.29489435252647,2868,1782.56,0.41,0.0016,1.84
2588.92,-22.894054080357296,-43.322548986091206,2879,1782.56,0.421,0.0019,1.85
2588.92,-22.85340758185386,-43.301772407423,2807,1782.56,0.419,0.0019,1.81
2588.92,-22.861914604835324,-43.305383062241894,2656,1782.56,0.479,0.0015,1.87
2588.92,-22.896654692875437,-43.28478563615814,2510,1782.56,0.484,0.0015,1.61
2588.92,-22.861018318152656,-43.321304264919114,2869,1782.56,0.488,0.0017,1.69
2588.92,-22.887463762016246,-43.279058954052026,2810,1782.56,0.457,0.0018,1.61
2588.92,-22.861710046858633,-43.278467531094556,2928,1782.56,0.494,0.0018,1.97
2589.01,-22.85209561925868,-43.29621764528502,2997,1782.56,0.483,0.0015,1.79
2589.01,-22.875881152367807,-43.27437786519449,2701,1782.56,0.417,0.0016,1.62
2589.01,-22.881824405437325,-43.276966894965064,2672,1782.56,0.406,0.0017,1.67
2589.01,-22.852756897456484,-43.310038421031464,2721,1782.56,0.489,0.0017,1.91
2589.01,-22.848748598421476,-43.30315598662101,2767,1782.56,0.466,0.0017,1.56
2589.01,-22.865174884082702,-43.28765803844912,2925,1782.56,0.443,0.0015,1.74
2589.01,-22.85830737465635,-43.32041805722513,2595,1782.56,0.433,0.0017,1.96
2589.01,-22.89288154320739,-43.286883687835434,2962,1782.56,0.422,0.0019,1.71
2589.01,-22.86692805315821,-43.275210747940264,2761,1782.56,0.404,0.0015,1.88
2589.02,-22.861492160766815,-43.30304129907048,2702,1782.56,0.433,0.0018,1.51
2589.02,-22.867230008683155,-43.2898652432337,2768,1782.56,0.464,0.0015,1.69
2589.02,-22.85629180486859,-43.3176659458171,2609,1782.56,0.474,0.0017,1.74
2589.03,-22.865621616791085,-43.301637713141396,2633,1782.56,0.417,0.0018,1.75
2589.03,-22.85256517288689,-43.30131585570806,2856,1782.56,0.459,0.0018,1.79
2589.03,-22.871406185960076,-43.30176403728605,2633,1782.56,0.482,0.0019,1.77
2589.03,-22.875957917710124,-43.325732268114734,2644,1782.56,0.456,0.0019,1.54
2589.03,-22.885226044959932,-43.309720499147424,2869,1782.56,0.446,0.0015,1.71
2589.03,-22.861710046858633,-43.278467531094556,2542,1782.56,0.402,0.0018,1.82
2589.03,-22.850535474768858,-43.307920547579656,2623,1782.56,0.446,0.0019,1.55
2589.03,-22.846127183459664,-43.309759813707345,2972,1782.56,0.482,0.0015,1.92
2589.03,-22.866695168633957,-43.32761741916098,2956,1782.56,0.46,0.0017,1.88
2589.06,-22.89821201384601,-43.32804152699613,2660,1782.56,0.401,0.0016,1.84
2589.06,-22.882354539195187,-43.334620799942,2997,1782.56,0.449,0.0019,1.68
2589.06,-22.88733155941451,-43.26987308282541,2558,1782.56,0.485,0.0016,1.75
2589.06,-22.86283564347404,-43.29347467771211,2741,1782.56,0.448,0.0019,1.55
2589.06,-22.852598472381597,-43.30165751803103,2924,1782.56,0.457,0.0017,1.65
2589.06,-22.875957917710124,-43.325732268114734,2805,1782.56,0.433,0.0019,1.84
2589.09,-22.864249254248662,-43.32248206560194,2566,1782.56,0.437,0.0015,1.78
2589.09,-22.897828521923,-43.32076240791066,2928,1782.56,0.468,0.0019,1.83
2589.09,-22.888925165061927,-43.331746474485364,2786,1782.56,0.495,0.0016,1.57
2589.09,-22.867950283006152,-43.28254729962418,2979,1782.56,0.446,0.0017,1.98
2589.09,-22.865673580592134,-43.29967410467113,2849,1782.56,0.421,0.0019,1.97
2589.09,-22.875658493568537,-43.27778648299565,2572,1782.56,0.444,0.0015,1.61
2589.11,-22.853413249490533,-43.30317161329989,2798,1782.56,0.44,0.0017,1.84
2589.11,-22.857123277620413,-43.29574409973182,2548,1782.56,0.498,0.0015,1.81
2589.11,-22.88984031167266,-43.28012659791169,2876,1782.56,0.497,0.0016,1.81
2589.11,-22.87578904193713,-43.27884368851319,2915,1782.56,0.466,0.0017,1.75
2589.11,-22.86149760224237,-43.29288947173588,2927,1782.56,0.43,0.0016,1.66
2589.11,-22.862626385621034,-43.3132932690294,2654,1782.56,0.45,0.0018,1.73
2589.11,-22.88429130419991,-43.32979618231325,2630,1782.56,0.458,0.0019,1.68
2589.11,-22.852221122571265,-43.302809078039104,2773,1782.56,0.438,0.0018,1.6
2589.11,-22.87545953618512,-43.294865125762904,2527,1782.56,0.415,0.0016,1.54
2589.11,-22.866156674570156,-43.270982692369834,2827,1782.56,0.488,0.0017,1.86
2589.11,-22.894539834845414,-43.31941796101164,2978,1782.56,0.484,0.0019,1.63
2589.11,-22.88150700142016,-43.27882017150691,2781,1782.56,0.456,0.0019,1.89
2589.11,-22.881988610968897,-43.3256408177475,2970,1782.56,0.446,0.0018,1.69
2589.15,-22.895008198056836,-43.33039785933877,2856,1782.56,0.496,0.0017,1.57
2589.15,-22.8584415454567,-43.30047382902333,2647,1782.56,0.497,0.0015,1.65
2589.15,-22.867917985966464,-43.31159846022739,2843,1782.56,0.488,0.0019,1.94
2589.15,-22.881649035667248,-43.32184270828055,2950,1782.56,0.499,0.0016,1.5
2589.15,-22.8619828521923,-43.32818924833407,2944,1782.56,0.458,0.0016,1.75
2589.15,-22.8787470534882,-43.32230690243902,2724,1782.56,0.466,0.0015,1.79
2589.15,-22.882825235894607,-43.300401548289734,2700,1782.56,0.444,0.0016,1.61
2589.15,-22.86370154201032,-43.275263209670356,2860,1782.56,0.406,0.0015,1.81
2589.15,-22.859443527293752,-43.313754846042464,2794,1782.56,0.499,0.0017,1.81
2589.15,-22.87669317578605,-43.291644222597775,2961,1782.56,0.485,0.0017,1.69
2589.16,-22.857526261962377,-43.273044637111475,2990,1782.56,0.436,0.0017,1.66
2589.16,-22.888925165061927,-43.331746474485364,2690,1782.56,0.489,0.0016,1.97
2589.16,-22.874879843682866,-43.312921041067106,2976,1782.56,0.464,0.0018,1.74
2589.16,-22.861135040004815,-43.30712425112237,2877,1782.56,0.459,0.0015,1.82
2589.16,-22.878678970104733,-43.2893826947477,2862,1782.56,0.423,0.0019,1.88
2589.16,-22.860857134715587,-43.27805752582416,2974,1782.56,0.448,0.0015,1.67
2589.16,-22.88788703352114,-43.271418990966914,2892,1782.56,0.415,0.0016,1.68
2589.16,-22.857526261962377,-43.273044637111475,2947,1782.56,0.408,0.0018,1.87
2589.16,-22.86788511315902,-43.26719534948081,2629,1782.56,0.441,0.0018,1.76
2589.19,-22.878938327788468,-43.3265110096202,2635,1782.56,0.429,0.0019,1.71
2589.19,-22.884709899851885,-43.27213163504,2909,1782.56,0.488,0.0016,1.52
2589.19,-22.875658493568537,-43.27778648299565,2526,1782.56,0.434,0.0019,1.72
2589.19,-22.849463791266736,-43.299533807688285,2952,1782.56,0.41,0.0016,1.73
2589.19,-22.872231186627943,-43.33368539327478,2500,1782.56,0.462,0.0016,1.68
2589.19,-22.889557906957364,-43.27511534523526,2707,1782.56,0.427,0.0015,1.88
2589.19,-22.871285051555724,-43.30257291231742,2685,1782.56,0.467,0.0016,1.85
2589.21,-22.866968974005935,-43.2989850526044,2861,1782.56,0.496,0.0019,1.8
2589.21,-22.860754225324428,-43.280699409222365,2800,1782.56,0.41,0.0018,1.5
2589.21,-22.86340826042182,-43.31149043301849,2714,1782.56,0.413,0.0015,1.61
2589.21,-22.860754225324428,-43.280699409222365,2535,1782.56,0.477,0.0018,1.52
2589.21,-22.85752838383372,-43.320576888305446,2757,1782.56,0.448,0.0019,1.74
2589.21,-22.88523434193414,-43.29969354906425,2698,1782.56,0.485,0.0017,1.57
2589.21,-22.848589623892043,-43.299859478608504,2670,1782.56,0.477,0.0016,1.97
2589.23,-22.87015350840377,-43.31876750576074,2602,1782.56,0.433,0.0015,1.93
2589.23,-22.89200693751013,-43.278113608716396,2729,1782.56,0.419,0.0019,1.9
2589.23,-22.85404247869069,-43.29621015021172,2653,1782.56,0.459,0.0016,1.68
2589.23,-22.856818133546327,-43.32364807005775,2839,1782.56,0.423,0.0017,1.62
2589.23,-22.876915571808613,-43.29389117666397,2885,1782.56,0.454,0.0019,1.58
2589.23,-22.87824414614546,-43.32473055741454,2758,1782.56,0.473,0.0017,1.81
2589.23,-22.863459854588292,-43.30014903832372,2869,1782.56,0.468,0.0018,1.89
2589.25,-22.885226044959932,-43.309720499147424,2667,1782.56,0.432,0.0016,1.79
2589.25,-22.88520284739984,-43.304851073840815,2599,1782.56,0.49,0.0019,1.64
2589.25,-22.854654876535424,-43.289472715881146,2794,1782.56,0.428,0.0018,1.97
2589.25,-22.85340758185386,-43.301772407423,2541,1782.56,0.469,0.0017,1.66
2589.25,-22.86957388783563,-43.31016904625865,2982,1782.56,0.489,0.0015,1.63
2589.25,-22.875085854289406,-43.31276047115411,2517,1782.56,0.466,0.0016,1.81
2589.28,-22.85468622919643,-43.31348299559518,2662,1782.56,0.484,0.0019,1.99
2589.28,-22.875085854289406,-43.31276047115411,2997,1782.56,0.453,0.0019,1.85
2589.28,-22.869300268927798,-43.332347474286664,2909,1782.56,0.413,0.0015,1.66
2589.28,-22.865683622380516,-43.310260791624906,2768,1782.56,0.45,0.0016,1.95
2589.28,-22.863011240699805,-43.27912413886022,2726,1782.56,0.489,0.0017,1.84
2589.28,-22.87149261884739,-43.305730370011695,2981,1782.56,0.474,0.0018,1.86
2589.28,-22.887985146995945,-43.281412996317925,2786,1782.56,0.483,0.0018,1.54
2589.31,-22.856211768224753,-43.32841840155298,2578,1782.56,0.435,0.0018,1.91
2589.31,-22.87990539853711,-43.29569371562535,2582,1782.56,0.464,0.0018,1.96
2589.31,-22.850535474768858,-43.307920547579656,2641,1782.56,0.471,0.0019,1.51
2589.31,-22.861916010114125,-43.30826500979156,2972,1782.56,0.436,0.0016,1.7
2589.31,-22.874148355983735,-43.30891140765203,2533,1782.56,0.444,0.0018,1.72
2589.31,-22.878999813424073,-43.324851492304006,2573,1782.56,0.414,0.0018,1.93
2589.31,-22.871719493758746,-43.27828847121003,2632,1782.56,0.474,0.0016,1.8
2589.31,-22.883374036979877,-43.328317281821505,2706,1782.56,0.439,0.0016,1.54
2589.31,-22.894525850349083,-43.281279503578794,2627,1782.56,0.489,0.0017,1.75
2589.31,-22.896652938121445,-43.287712982795526,2709,1782.56,0.466,0.0016,1.53
2589.31,-22.8669795169636,-43.312729395744626,2661,1782.56,0.474,0.0015,1.54
2589.39,-22.852598472381597,-43.30165751803103,2725,1782.56,0.435,0.0017,1.61
2589.39,-22.88984031167266,-43.28012659791169,2550,1782.56,0.44,0.0016,1.9
2589.39,-22.863143577419685,-43.30771135724236,2910,1782.56,0.445,0.0015,1.72
2589.39,-22.86741089713757,-43.31583023259235,2643,1782.56,0.472,0.0018,1.95
2589.39,-22.868610664476332,-43.29489435252647,2730,1782.56,0.486,0.0018,1.64
2589.39,-22.861135040004815,-43.30712425112237,2602,1782.56,0.441,0.0017,1.74
2589.39,-22.864508830652948,-43.287446509399935,2704,1782.56,0.487,0.0017,1.6
2589.39,-22.887948219818295,-43.291290460786755,2792,1782.56,0.432,0.0019,1.52
2589.4,-22.878678970104733,-43.2893826947477,2512,1782.56,0.476,0.0016,1.98
2589.4,-22.874961602533563,-43.32510125573787,2859,1782.56,0.434,0.0019,1.92
2589.4,-22.875639528876057,-43.278947681895616,2668,1782.56,0.481,0.0015,1.7
2589.4,-22.888342059087126,-43.29880050477733,2728,1782.56,0.423,0.0017,1.64
2589.4,-22.86132513843861,-43.300739072527676,2568,1782.56,0.488,0.0015,1.81
2589.4,-22.88243702214164,-43.305369543833734,2839,1782.56,0.416,0.0017,1.57
2589.4,-22.866754144869372,-43.306332011179705,2800,1782.56,0.411,0.0015,1.53
2589.4,-22.859089832041434,-43.320169279291335,2972,1782.56,0.464,0.0016,1.81
2589.4,-22.89866055925909,-43.326964581551024,2525,1782.56,0.422,0.0015,1.85
2589.41,-22.85203244933537,-43.292673874031166,2713,1782.56,0.474,0.0018,1.74
2589.41,-22.865124305239885,-43.331156567654766,2615,1782.56,0.492,0.0016,1.75
2589.41,-22.89656803123219,-43.28051317443747,2990,1782.56,0.488,0.0015,1.74
2589.41,-22.878978779701757,-43.32289371663875,2848,1782.56,0.403,0.0015,1.64
2589.41,-22.889932522081118,-43.281518820240066,2859,1782.56,0.444,0.0015,1.6
2589.41,-22.891604418991513,-43.32057109748399,2696,1782.56,0.437,0.0019,1.58
2589.41,-22.87859339716551,-43.286876010892534,2859,1782.56,0.482,0.0019,1.89
2589.41,-22.852221122571265,-43.302809078039104,2705,1782.56,0.475,0.0018,1.96
2589.41,-22.889457716445055,-43.32113741309723,2931,1782.56,0.492,0.0019,1.54
2589.41,-22.888114719854006,-43.29496886083367,2592,1782.56,0.494,0.0016,1.52
2589.41,-22.87817590036917,-43.32492949267456,2985,1782.56,0.445,0.0018,1.5
2589.41,-22.886969983847738,-43.30609520493499,2761,1782.56,0.482,0.0017,1.92
2589.41,-22.85203244933537,-43.292673874031166,2804,1782.56,0.401,0.0016,1.69
2589.43,-22.856454885914935,-43.28119881115064,2960,1782.56,0.401,0.0018,1.99
2589.43,-22.861349365426673,-43.305214149060646,2686,1782.56,0.485,0.0016,1.8
2589.43,-22.889578146447786,-43.331262264623696,2581,1782.56,0.49,0.0015,1.51
2589.43,-22.870257745721055,-43.29604893570869,2864,1782.56,0.459,0.0016,1.68
2589.43,-22.864647269482234,-43.3136351748248,2768,1782.56,0.497,0.0016,1.97
2589.43,-22.863011240699805,-43.27912413886022,2926,1782.56,0.41,0.0019,1.79
2589.43,-22.87758754724252,-43.277893181698815,2920,1782.56,0.462,0.0019,1.65
2589.43,-22.884318598970744,-43.32780626507122,2968,1782.56,0.484,0.0016,1.58
2589.43,-22.86149760224237,-43.29288947173588,2653,1782.56,0.446,0.0019,1.79
2589.43,-22.889129492842276,-43.31751945952847,2908,1782.56,0.455,0.0016,1.84
2589.43,-22.871406185960076,-43.30176403728605,2981,1782.56,0.48,0.0019,1.81
2589.43,-22.847288088171606,-43.295177229050445,2666,1782.56,0.49,0.0019,1.97
2589.43,-22.889317434161647,-43.2726372572297,2970,1782.56,0.429,0.0015,1.79
2589.43,-22.852551776113255,-43.311440720736606,2553,1782.56,0.447,0.0019,1.95
2589.46,-22.862626385621034,-43.3132932690294,2705,1782.56,0.48,0.0016,1.64
2589.46,-22.863888243428022,-43.28576933991444,2876,1782.56,0.411,0.0018,1.99
2589.46,-22.887948219818295,-43.291290460786755,2696,1782.56,0.453,0.0017,1.78
2589.46,-22.889858924555448,-43.32333760286029,2726,1782.56,0.421,0.0018,1.63
2589.46,-22.88809210983536,-43.286663944830735,2542,1782.56,0.443,0.0018,1.52
2589.46,-22.862053710723547,-43.292986026270945,2888,1782.56,0.419,0.0016,1.77
2589.46,-22.86711369768245,-43.29231942816386,2797,1782.56,0.437,0.0019,1.97
2589.51,-22.859725542708905,-43.2808886018145,2681,1782.56,0.452,0.0017,1.95
2589.51,-22.848466036185997,-43.30108889404392,2504,1782.56,0.402,0.0016,1.82
2589.51,-22.86132513843861,-43.300739072527676,2788,1782.56,0.409,0.0018,1.96
2589.51,-22.89656803123219,-43.28051317443747,2645,1782.56,0.412,0.0017,1.64
2589.51,-22.89214807653393,-43.32199924007791,2526,1782.56,0.496,0.0019,1.64
2589.51,-22.865542753893855,-43.27607840214181,2864,1782.56,0.479,0.0018,1.61
2589.51,-22.866252864969308,-43.283033295123595,2979,1782.56,0.459,0.0019,1.64
2589.51,-22.850737790702134,-43.31314228510718,2592,1782.56,0.443,0.0018,1.6
2589.51,-22.870956151955397,-43.31321927936711,2772,1782.56,0.441,0.0016,1.8
2589.51,-22.8776379226127,-43.306554287574436,2555,1782.56,0.436,0.0015,1.57
2589.51,-22.8787675650818,-43.31412382741355,2529,1782.56,0.486,0.0018,1.52
2589.51,-22.861012965171714,-43.27194657048819,2572,1782.56,0.474,0.0018,1.71
2589.51,-22.857123277620413,-43.29574409973182,2645,1782.56,0.424,0.0019,1.8
2589.51,-22.869938702555682,-43.33162323026781,2615,1782.56,0.469,0.0016,1.64
2589.51,-22.875146291117844,-43.307818458397016,2800,1782.56,0.41,0.0018,1.63
2589.51,-22.876990184341754,-43.285103753659,2815,1782.56,0.427,0.0015,1.82
2589.51,-22.85023684649563,-43.298567292399085,2936,1782.56,0.451,0.0017,1.79
2589.53,-22.862464497491782,-43.2784074908392,2823,1782.56,0.412,0.0019,1.67
2589.53,-22.876600058653487,-43.294176986899174,2626,1782.56,0.445,0.0015,1.97
2589.53,-22.87758754724252,-43.277893181698815,2659,1782.56,0.49,0.0015,1.69
2589.53,-22.86486717571422,-43.31091685420294,2720,1782.56,0.49,0.0018,1.64
2589.53,-22.868307585939647,-43.281719632505286,2526,1782.56,0.486,0.0016,1.95
2589.53,-22.857123277620413,-43.29574409973182,2723,1782.56,0.402,0.0019,1.6
2589.53,-22.870385783458357,-43.292127689221395,2546,1782.56,0.409,0.0017,1.87
2589.58,-22.89349781095011,-43.27513011000819,2660,1782.56,0.416,0.0015,1.72
2589.58,-22.8787470534882,-43.32230690243902,2901,1782.56,0.456,0.0015,1.96
2589.58,-22.874593114721886,-43.29506176950043,2946,1782.56,0.441,0.0016,1.58
2589.58,-22.869611223913218,-43.29033624211841,2702,1782.56,0.418,0.0018,1.98
2589.58,-22.883891562489854,-43.28966294594265,2558,1782.56,0.446,0.0018,1.72
2589.58,-22.869061768283025,-43.31704078257435,2562,1782.56,0.422,0.0015,1.83
2589.58,-22.866462312864606,-43.31212026897201,2859,1782.56,0.421,0.0019,1.69
2589.58,-22.882630072693864,-43.32196619291377,2758,1782.56,0.466,0.0015,1.7
2589.58,-22.889129492842276,-43.31751945952847,2698,1782.56,0.446,0.0019,1.69
2589.58,-22.855767338153527,-43.3260065586982,2804,1782.56,0.452,0.0018,1.58
2589.6,-22.887435727179092,-43.27038733570493,2853,1782.56,0.468,0.0018,1.53
2589.6,-22.87578904193713,-43.27884368851319,2505,1782.56,0.414,0.0017,1.75
2589.6,-22.859001569774904,-43.29193429934413,2821,1782.56,0.43,0.0017,1.69
2589.6,-22.861630139363438,-43.31338349982406,2620,1782.56,0.491,0.0018,1.92
2589.6,-22.871145094853688,-43.28174662556796,2622,1782.56,0.432,0.0017,1.56
2589.6,-22.858356114030986,-43.31224354083034,2503,1782.56,0.423,0.0019,1.64
2589.6,-22.88427167832591,-43.32092673906297,2695,1782.56,0.496,0.0018,1.62
2589.6,-22.882159172943954,-43.32345251271192,2551,1782.56,0.488,0.0017,1.61
2589.6,-22.868588548508306,-43.32436794455032,2792,1782.56,0.461,0.0016,1.58
2589.6,-22.85945488457674,-43.326512509270515,2948,1782.56,0.455,0.0018,1.96
2589.6,-22.84903284183012,-43.300378668090225,2788,1782.56,0.454,0.0019,1.73
2589.6,-22.866462312864606,-43.31212026897201,2871,1782.56,0.42,0.0016,1.78
2589.6,-22.872028940590603,-43.32433855365501,2715,1782.56,0.456,0.0015,1.83
2589.6,-22.88523434193414,-43.29969354906425,2572,1782.56,0.452,0.0017,1.91
2589.6,-22.86575303264837,-43.31310777055796,2839,1782.56,0.49,0.0018,1.81
2589.6,-22.85666281988155,-43.32044612425553,2831,1782.56,0.418,0.0015,1.98
2589.6,-22.85691383798527,-43.32369838040761,2667,1782.56,0.456,0.0019,1.74
2589.63,-22.85666281988155,-43.32044612425553,2970,1782.56,0.408,0.0015,1.92
2589.63,-22.863843899174302,-43.328411742592934,2716,1782.56,0.406,0.0019,1.83
2589.63,-22.8776379226127,-43.306554287574436,2550,1782.56,0.46,0.0015,1.53
2589.63,-22.89656803123219,-43.28051317443747,2953,1782.56,0.465,0.0019,1.72
2589.63,-22.869733404200566,-43.281761550640105,2529,1782.56,0.416,0.0015,1.58
2589.63,-22.860481074323943,-43.298868714970894,2501,1782.56,0.486,0.0016,1.54
2589.63,-22.858628339397463,-43.29865405889191,2642,1782.56,0.491,0.0015,1.83
2589.63,-22.874655271160172,-43.31538291312141,2618,1782.56,0.433,0.0015,1.83
2589.63,-22.894448313775243,-43.32140260734481,2769,1782.56,0.411,0.0019,1.99
2589.63,-22.88347249931642,-43.30216835806813,2806,1782.56,0.447,0.0018,1.72
2589.64,-22.866575310083032,-43.328896758974054,2998,1782.56,0.405,0.0017,1.9
2589.64,-22.88958552272534,-43.315395404695344,2648,1782.56,0.455,0.0016,1.96
2589.64,-22.885270044065155,-43.31713716374416,2681,1782.56,0.466,0.0019,1.5
2589.64,-22.869616302038466,-43.296865451879185,2565,1782.56,0.419,0.0015,1.92
2589.64,-22.859712993290554,-43.28772006955427,2942,1782.56,0.418,0.0016,1.78
2589.64,-22.875464277457617,-43.27792316983827,2581,1782.56,0.44,0.0017,1.87
2589.64,-22.8584415454567,-43.30047382902333,2685,1782.56,0.448,0.0015,1.65
2589.65,-22.875957917710124,-43.325732268114734,2512,1782.56,0.488,0.0017,1.59
2589.65,-22.87247266811023,-43.29552183360868,2880,1782.56,0.418,0.0019,1.81
2589.65,-22.875658493568537,-43.27778648299565,2573,1782.56,0.452,0.0015,1.55
2589.65,-22.888114719854006,-43.29496886083367,2884,1782.56,0.44,0.0016,1.56
2589.65,-22.886843205699535,-43.302088601823655,2866,1782.56,0.484,0.0019,1.85
2589.65,-22.869647425864212,-43.326493151495754,2973,1782.56,0.461,0.0018,1.53
2589.65,-22.868588548508306,-43.32436794455032,2733,1782.56,0.43,0.0017,1.79
2589.65,-22.87618256645411,-43.30423725012878,2555,1782.56,0.407,0.0016,1.68
2589.65,-22.888925165061927,-43.331746474485364,2581,1782.56,0.462,0.0015,1.94
2589.65,-22.88789896745282,-43.321186846750706,2976,1782.56,0.47,0.0016,1.79
2589.66,-22.854665711887623,-43.302775734018006,2924,1782.56,0.414,0.0019,1.61
2589.66,-22.881824405437325,-43.276966894965064,2930,1782.56,0.43,0.0017,1.99
2589.66,-22.87758754724252,-43.277893181698815,2742,1782.56,0.459,0.0016,1.7
2589.66,-22.867917985966464,-43.31159846022739,2941,1782.56,0.448,0.0015,1.51
2589.66,-22.87070398097288,-43.30730938443952,2675,1782.56,0.495,0.0019,1.78
2589.66,-22.88742514405326,-43.27609989812992,2876,1782.56,0.466,0.0019,1.81
2589.69,-22.890074402587583,-43.28066188235112,2569,1782.56,0.437,0.0018,1.8
2589.69,-22.86498400160477,-43.28216548273183,2844,1782.56,0.416,0.0015,1.77
2589.69,-22.890302059000735,-43.32757993315172,2741,1782.56,0.464,0.0018,1.79
2589.69,-22.88198675812342,-43.27676495959041,2861,1782.56,0.459,0.0019,1.51
2589.69,-22.881988610968897,-43.3256408177475,2566,1782.56,0.443,0.0018,1.74
2589.69,-22.858671261657715,-43.28552993808476,2550,1782.56,0.461,0.0017,1.76
2589.69,-22.861135040004815,-43.30712425112237,2724,1782.56,0.422,0.0016,1.64
2589.69,-22.86143205741137,-43.3229601040728,2669,1782.56,0.459,0.0017,1.7
2589.69,-22.87071304085338,-43.289401165594995,2634,1782.56,0.4,0.0019,1.93
2589.7,-22.882986765816558,-43.32365032257002,2966,1782.56,0.498,0.0016,1.75
2589.7,-22.862695092709878,-43.31100679155802,2694,1782.56,0.439,0.0015,1.87
2589.7,-22.868027495114074,-43.27200289825699,2847,1782.56,0.463,0.0015,1.55
2589.7,-22.86741089713757,-43.31583023259235,2987,1782.56,0.423,0.0018,1.83
2589.7,-22.88503249841015,-43.324318816889715,2755,1782.56,0.434,0.0016,1.52
2589.7,-22.862856612777097,-43.32606449715569,2727,1782.56,0.443,0.0017,1.58
2589.7,-22.863395815787765,-43.32537639837979,2664,1782.56,0.434,0.0015,1.54
2589.7,-22.862662756127307,-43.280590087419654,2514,1782.56,0.418,0.0019,1.96
2589.7,-22.869938702555682,-43.33162323026781,2881,1782.56,0.487,0.0017,1.87
2589.7,-22.876541212193533,-43.32981029734441,2880,1782.56,0.488,0.0017,1.89
2589.7,-22.85691383798527,-43.32369838040761,2815,1782.56,0.489,0.0015,1.71
2589.7,-22.88523434193414,-43.29969354906425,2687,1782.56,0.492,0.0018,1.64
2589.7,-22.89496887400113,-43.315918410614934,2819,1782.56,0.426,0.0019,1.99
2589.7,-22.88503249841015,-43.324318816889715,2690,1782.56,0.444,0.0015,1.54
2589.7,-22.881333419710195,-43.321184370785694,2525,1782.56,0.488,0.0018,1.63
2589.7,-22.870064152026032,-43.332426309660676,2828,1782.56,0.479,0.0018,1.52
2589.7,-22.876723085458455,-43.273922116031265,2698,1782.56,0.421,0.0015,1.95
2589.7,-22.848986959017367,-43.30908106870625,2507,1782.56,0.41,0.0019,1.96
2589.7,-22.864508830652948,-43.287446509399935,2696,1782.56,0.425,0.0018,1.63
2589.7,-22.846127183459664,-43.309759813707345,2735,1782.56,0.478,0.0017,1.53
2589.7,-22.87618256645411,-43.30423725012878,2991,1782.56,0.479,0.0015,1.6
2589.7,-22.874522011482487,-43.28315346692239,2553,1782.56,0.469,0.0018,1.73
2589.77,-22.897946430730556,-43.28184756803383,2606,1782.56,0.487,0.0015,1.71
2589.77,-22.865673580592134,-43.29967410467113,2502,1782.56,0.486,0.0017,1.85
2589.77,-22.847079298568104,-43.29783874614938,2711,1782.56,0.494,0.0019,1.75
2589.77,-22.863117302560145,-43.309960029963165,2843,1782.56,0.429,0.0019,1.65
2589.77,-22.87853141539161,-43.29876377217909,2892,1782.56,0.472,0.0019,1.52
2589.77,-22.85320099357766,-43.28998429458865,2985,1782.56,0.465,0.0019,1.55
2589.79,-22.865638580774625,-43.29937150465544,2638,1782.56,0.42,0.0018,1.76
2589.79,-22.867917985966464,-43.31159846022739,2983,1782.56,0.429,0.0018,1.86
2589.79,-22.87249509232537,-43.273899684259206,2518,1782.56,0.407,0.0015,1.75
2589.79,-22.866156674570156,-43.270982692369834,2844,1782.56,0.435,0.0017,1.84
2589.79,-22.86370154201032,-43.275263209670356,2562,1782.56,0.486,0.0019,1.78
2589.79,-22.869955584691237,-43.32150101062384,2634,1782.56,0.481,0.0018,1.86
2589.79,-22.869300268927798,-43.332347474286664,2823,1782.56,0.435,0.0015,1.54
2589.79,-22.870440572821785,-43.29706772608022,2768,1782.56,0.416,0.0017,1.77
2589.79,-22.871822805042193,-43.283667704162596,2861,1782.56,0.445,0.0018,1.66
2589.79,-22.87581963627435,-43.27661797543457,2558,1782.56,0.453,0.0015,1.73
2589.79,-22.869805953313453,-43.28972292657455,2721,1782.56,0.408,0.0019,1.87
2589.79,-22.88931882485539,-43.28966428164412,2571,1782.56,0.434,0.0016,1.73
2589.79,-22.886989975572032,-43.32263336577382,2539,1782.56,0.475,0.0016,1.77
2589.79,-22.889557906957364,-43.27511534523526,2710,1782.56,0.462,0.0018,1.57
2589.79,-22.846127183459664,-43.309759813707345,2599,1782.56,0.411,0.0019,1.74
2589.79,-22.884561946601494,-43.27513063556018,2624,1782.56,0.434,0.0015,1.63
2589.79,-22.864249254248662,-43.32248206560194,2631,1782.56,0.497,0.0015,1.73
2589.79,-22.887948219818295,-43.291290460786755,2509,1782.56,0.48,0.0018,1.74
2589.79,-22.861340447661618,-43.31260812808475,2654,1782.56,0.442,0.0016,1.57
2589.79,-22.89349781095011,-43.27513011000819,2618,1782.56,0.426,0.0018,1.52
2589.82,-22.88322984648596,-43.28421464468421,2960,1782.56,0.426,0.0016,1.96
2589.82,-22.858555044831977,-43.314251573352315,2899,1782.56,0.455,0.0016,1.93
2589.82,-22.858555044831977,-43.314251573352315,2617,1782.56,0.421,0.0016,1.78
2589.82,-22.85752838383372,-43.320576888305446,2648,1782.56,0.474,0.0016,1.79
2589.82,-22.863011240699805,-43.27912413886022,2672,1782.56,0.458,0.0017,1.53
2589.82,-22.86540222513423,-43.27693918854471,2552,1782.56,0.419,0.0018,1.95
2589.82,-22.869061768283025,-43.31704078257435,2614,1782.56,0.497,0.0018,1.8
2589.82,-22.864113655054116,-43.29430874501928,2833,1782.56,0.499,0.0017,1.68
2589.82,-22.849463791266736,-43.299533807688285,2599,1782.56,0.425,0.0015,1.84
2589.82,-22.870956151955397,-43.31321927936711,2910,1782.56,0.432,0.0015,1.91
2589.83,-22.894539834845414,-43.31941796101164,2989,1782.56,0.44,0.0016,1.81
2589.83,-22.882010907867286,-43.2955107445172,2839,1782.56,0.497,0.0018,1.74
2589.83,-22.885269744638116,-43.31286410873418,2864,1782.56,0.422,0.0015,1.72
2589.83,-22.892388545838266,-43.288957423371535,2584,1782.56,0.406,0.0018,1.78
2589.83,-22.887528723398574,-43.297279915342905,2566,1782.56,0.421,0.0019,1.71
2589.83,-22.858124790649356,-43.28008126775039,2818,1782.56,0.493,0.0018,1.94
2589.83,-22.859308857747987,-43.31502500596901,2913,1782.56,0.431,0.0016,1.65
2589.83,-22.85340758185386,-43.301772407423,2601,1782.56,0.446,0.0016,1.62
2589.83,-22.870206340591764,-43.278809172268794,2979,1782.56,0.456,0.0015,1.8
2589.83,-22.8710839047058,-43.28359471863838,2623,1782.56,0.423,0.0017,1.91
2589.83,-22.865683622380516,-43.310260791624906,2637,1782.56,0.433,0.0016,1.51
2589.83,-22.86575303264837,-43.31310777055796,2794,1782.56,0.434,0.0016,1.68
2589.83,-22.85209561925868,-43.29621764528502,2629,1782.56,0.449,0.0017,1.87
2589.83,-22.863459854588292,-43.30014903832372,2520,1782.56,0.439,0.0019,1.53
2589.86,-22.870206340591764,-43.278809172268794,2625,1782.56,0.403,0.0015,1.61
2589.86,-22.876346337075056,-43.31832463409336,2900,1782.56,0.406,0.0016,1.63
2589.86,-22.85592316671847,-43.30877386920199,2621,1782.56,0.449,0.0019,1.65
2589.86,-22.871774502158384,-43.27347256112669,2765,1782.56,0.499,0.0016,1.94
2589.86,-22.87015350840377,-43.31876750576074,2831,1782.56,0.422,0.0019,1.83
2589.86,-22.84903284183012,-43.300378668090225,2502,1782.56,0.403,0.0015,1.88
2589.86,-22.87223476720097,-43.29336171521947,2577,1782.56,0.418,0.0017,1.68
2589.86,-22.88867968991285,-43.33214735888769,2652,1782.56,0.474,0.0019,1.73
2589.86,-22.861399187668834,-43.2926565648536,2650,1782.56,0.406,0.0018,1.56
2589.86,-22.875639528876057,-43.278947681895616,2864,1782.56,0.457,0.0016,1.67
2589.86,-22.884036487264332,-43.31166450783011,2524,1782.56,0.429,0.0019,1.89
2589.86,-22.863395815787765,-43.32537639837979,2801,1782.56,0.496,0.0015,1.93
2589.86,-22.883609697486193,-43.321985320706766,2798,1782.56,0.465,0.0018,1.89
2589.86,-22.863459854588292,-43.30014903832372,2736,1782.56,0.498,0.0019,1.62
2589.86,-22.86206484465799,-43.29854747951345,2939,1782.56,0.482,0.0017,1.6
2589.86,-22.870092504796666,-43.29135775802206,2843,1782.56,0.413,0.0015,1.91
2589.86,-22.889129492842276,-43.31751945952847,2542,1782.56,0.459,0.0018,1.9
2589.86,-22.88309767427097,-43.31674920792804,2759,1782.56,0.44,0.0017,1.8
2589.86,-22.852221122571265,-43.302809078039104,2717,1782.56,0.483,0.0019,1.67
2589.86,-22.863843899174302,-43.328411742592934,2615,1782.56,0.405,0.0015,1.67
2589.87,-22.871209003769785,-43.305739958086846,2714,1782.56,0.497,0.0017,1.56
2589.87,-22.87070395523622,-43.28421036286542,2912,1782.56,0.401,0.0015,1.53
2589.87,-22.852607422648404,-43.298626277056655,2679,1782.56,0.425,0.0019,1.95
2589.87,-22.874712394502676,-43.28282881436501,2687,1782.56,0.449,0.0018,1.7
2589.87,-22.885226044959932,-43.309720499147424,2845,1782.56,0.484,0.0018,1.67
2589.87,-22.863011240699805,-43.27912413886022,2683,1782.56,0.488,0.0015,1.51
2589.87,-22.891604418991513,-43.32057109748399,2884,1782.56,0.497,0.0019,1.64
2589.92,-22.876824543770894,-43.27666172746651,2898,1782.56,0.42,0.0016,1.72
2589.92,-22.854665711887623,-43.302775734018006,2969,1782.56,0.421,0.0017,1.97
2589.92,-22.848589623892043,-43.299859478608504,2746,1782.56,0.478,0.0017,1.99
2589.92,-22.883609697486193,-43.321985320706766,2673,1782.56,0.422,0.0016,1.78
2589.92,-22.894448313775243,-43.32140260734481,2777,1782.56,0.437,0.0015,1.78
2589.92,-22.88609409087955,-43.32311508249367,2607,1782.56,0.434,0.0017,1.56
2589.92,-22.87149261884739,-43.305730370011695,2671,1782.56,0.456,0.0018,1.84
2589.92,-22.88419594579328,-43.28506952767958,2575,1782.56,0.402,0.0017,1.72
2589.92,-22.846127183459664,-43.309759813707345,2866,1782.56,0.433,0.0019,1.6
2589.94,-22.883891562489854,-43.28966294594265,2918,1782.56,0.459,0.0018,1.53
2589.94,-22.859001569774904,-43.29193429934413,2947,1782.56,0.403,0.0016,1.53
2589.94,-22.863985115090834,-43.321749567625446,2718,1782.56,0.498,0.0017,1.51
2589.94,-22.88807446890354,-43.28263784741499,2781,1782.56,0.418,0.0017,1.66
2589.94,-22.881056312473603,-43.311058769951785,2560,1782.56,0.423,0.0017,1.5
2589.94,-22.88322984648596,-43.28421464468421,2936,1782.56,0.477,0.0019,1.57
2589.94,-22.885270044065155,-43.31713716374416,2555,1782.56,0.464,0.0017,1.98
2589.98,-22.869042075539408,-43.33246869842768,2688,1782.56,0.429,0.0018,1.6
2589.98,-22.890302059000735,-43.32757993315172,2791,1782.56,0.493,0.0017,1.68
2589.98,-22.8749931650182,-43.30265604007292,2827,1782.56,0.435,0.0015,1.69
2589.98,-22.881687513370636,-43.298275699900664,2765,1782.56,0.492,0.0017,1.85
2589.98,-22.87817590036917,-43.32492949267456,2807,1782.56,0.49,0.0019,1.71
2589.98,-22.888970419873544,-43.276900447868826,2511,1782.56,0.469,0.0016,1.89
2589.98,-22.884732663468814,-43.31628033887517,2659,1782.56,0.413,0.0015,1.92
2589.98,-22.865391656096406,-43.29681388799275,2812,1782.56,0.457,0.0019,1.63
2589.98,-22.847288088171606,-43.295177229050445,2820,1782.56,0.435,0.0018,1.8
2589.98,-22.870459567523028,-43.29559138021254,2694,1782.56,0.498,0.0016,1.66
2590.0,-22.863985115090834,-43.321749567625446,2981,1782.56,0.491,0.0015,1.67
2590.0,-22.869938702555682,-43.33162323026781,2962,1782.56,0.446,0.0015,1.75
2590.0,-22.882986765816558,-43.32365032257002,2527,1782.56,0.452,0.0015,1.54
2590.0,-22.882010907867286,-43.2955107445172,2939,1782.56,0.453,0.0017,1.84
2590.0,-22.871209003769785,-43.305739958086846,2611,1782.56,0.409,0.0016,1.91
2590.0,-22.85340758185386,-43.301772407423,2557,1782.56,0.443,0.0019,1.68
2590.0,-22.878999813424073,-43.324851492304006,2570,1782.56,0.462,0.0017,1.68
2590.0,-22.869042075539408,-43.33246869842768,2529,1782.56,0.412,0.0015,1.71
2590.0,-22.88523434193414,-43.29969354906425,2720,1782.56,0.402,0.0017,1.72
2590.02,-22.897529658460527,-43.318345479199664,2860,1782.56,0.453,0.0016,1.61
2590.02,-22.874302246649084,-43.30702553844383,2798,1782.56,0.465,0.0015,1.62
2590.02,-22.868086042102256,-43.27464160371426,2805,1782.56,0.441,0.0019,1.76
2590.02,-22.870061319264384,-43.33215504327575,2531,1782.56,0.435,0.0015,1.93
2590.02,-22.852598472381597,-43.30165751803103,2739,1782.56,0.444,0.0015,1.67
2590.02,-22.886047324390628,-43.30557136326686,2859,1782.56,0.493,0.0018,1.85
2590.02,-22.858356114030986,-43.31224354083034,2998,1782.56,0.456,0.0017,1.71
2590.02,-22.88294978703814,-43.282994904792325,2581,1782.56,0.448,0.0017,1.83
2590.02,-22.87669317578605,-43.291644222597775,2603,1782.56,0.403,0.0015,1.78
2590.02,-22.8776379226127,-43.306554287574436,2778,1782.56,0.414,0.0017,1.53
2590.02,-22.89200693751013,-43.278113608716396,2590,1782.56,0.496,0.0016,1.69
2590.02,-22.871406185960076,-43.30176403728605,2610,1782.56,0.459,0.0015,1.95
2590.02,-22.85666281988155,-43.32044612425553,2824,1782.56,0.447,0.0017,1.63
2590.02,-22.894054080357296,-43.322548986091206,2877,1782.56,0.473,0.0018,1.82
2590.02,-22.89365822630807,-43.326354297839345,2946,1782.56,0.463,0.0015,1.86
2590.02,-22.868942374687943,-43.27206471105248,2553,1782.56,0.466,0.0019,1.6
2590.02,-22.874148355983735,-43.30891140765203,2684,1782.56,0.497,0.0016,1.85
2590.02,-22.881468185623927,-43.294994976890806,2876,1782.56,0.442,0.0018,1.71
2590.02,-22.881649035667248,-43.32184270828055,2978,1782.56,0.461,0.0019,1.74
2590.03,-22.86143205741137,-43.3229601040728,2535,1782.56,0.445,0.0018,1.51
2590.03,-22.88735265443355,-43.27389247149932,2605,1782.56,0.437,0.0017,1.66
2590.03,-22.871774502158384,-43.27347256112669,2502,1782.56,0.455,0.0016,1.87
2590.03,-22.883867251671116,-43.30251603805003,2932,1782.56,0.424,0.0019,1.77
2590.03,-22.879916050347088,-43.27329730057226,2928,1782.56,0.48,0.0019,1.88
2590.03,-22.8750334597687,-43.29253179376653,2566,1782.56,0.422,0.0019,1.55
2590.03,-22.891804245638014,-43.32012754327931,2544,1782.56,0.403,0.0019,1.65
2590.03,-22.876164868609784,-43.286342101979244,2742,1782.56,0.42,0.0018,1.89
2590.03,-22.846127183459664,-43.309759813707345,2767,1782.56,0.44,0.0019,1.99
2590.03,-22.875992561398327,-43.29201624175736,2656,1782.56,0.429,0.0015,1.97
2590.03,-22.86143205741137,-43.3229601040728,2553,1782.56,0.421,0.0019,1.84
2590.03,-22.875146291117844,-43.307818458397016,2635,1782.56,0.462,0.0015,1.95
2590.03,-22.89349781095011,-43.27513011000819,2847,1782.56,0.448,0.0016,1.85
2590.03,-22.85404247869069,-43.29621015021172,2614,1782.56,0.44,0.0019,1.71
2590.03,-22.858124790649356,-43.28008126775039,2696,1782.56,0.451,0.0019,1.59
2590.03,-22.85691383798527,-43.32369838040761,2552,1782.56,0.453,0.0018,1.54
2590.1,-22.88984031167266,-43.28012659791169,2875,1782.56,0.457,0.0016,1.79
2590.1,-22.871406185960076,-43.30176403728605,2772,1782.56,0.484,0.0017,1.75
2590.1,-22.89912367879457,-43.2891889620023,2620,1782.56,0.423,0.0016,1.69
2590.1,-22.882825235894607,-43.300401548289734,2614,1782.56,0.492,0.0016,1.64
2590.1,-22.8619828521923,-43.32818924833407,2913,1782.56,0.416,0.0019,1.67
2590.1,-22.857292338452964,-43.328270454943,2985,1782.56,0.475,0.0017,1.94
2590.1,-22.86132513843861,-43.300739072527676,2622,1782.56,0.485,0.0017,1.64
2590.1,-22.88609409087955,-43.32311508249367,2588,1782.56,0.461,0.0015,1.5
2590.1,-22.874522011482487,-43.28315346692239,2678,1782.56,0.43,0.0019,1.67
2590.1,-22.871134197001645,-43.3324209229417,2850,1782.56,0.428,0.0017,1.77
2590.1,-22.892895319049963,-43.316131804558516,2548,1782.56,0.464,0.0017,1.62
2590.12,-22.859001569774904,-43.29193429934413,2878,1782.56,0.472,0.0015,1.95
2590.12,-22.86788511315902,-43.26719534948081,2706,1782.56,0.427,0.0017,1.84
2590.12,-22.8580219822232,-43.32874338434754,2912,1782.56,0.487,0.0019,1.56
2590.12,-22.89496887400113,-43.315918410614934,2833,1782.56,0.466,0.0015,1.76
2590.12,-22.869793334924008,-43.293918449790546,2605,1782.56,0.45,0.0015,1.87
2590.12,-22.845248759869055,-43.3032342222112,2802,1782.56,0.408,0.0018,1.93
2590.12,-22.85468622919643,-43.31348299559518,2894,1782.56,0.437,0.0016,1.74
2590.12,-22.88150700142016,-43.27882017150691,2804,1782.56,0.429,0.0019,1.98
2590.12,-22.8787470534882,-43.32230690243902,2982,1782.56,0.418,0.0018,1.89
2590.12,-22.88520284739984,-43.304851073840815,2992,1782.56,0.427,0.0017,1.71
2590.12,-22.892895319049963,-43.316131804558516,2941,1782.56,0.448,0.0016,1.86
2590.13,-22.864860944366388,-43.30886474034251,2537,1782.56,0.427,0.0019,1.9
2590.13,-22.87070395523622,-43.28421036286542,2810,1782.56,0.416,0.0016,1.78
2590.13,-22.892895319049963,-43.316131804558516,2905,1782.56,0.408,0.0018,1.57
2590.13,-22.882825235894607,-43.300401548289734,2688,1782.56,0.475,0.0016,1.86
2590.13,-22.89148264713646,-43.27986645003522,2844,1782.56,0.471,0.0016,1.6
2590.13,-22.870257745721055,-43.29604893570869,2804,1782.56,0.455,0.0019,1.65
2590.13,-22.89821201384601,-43.32804152699613,2643,1782.56,0.438,0.0015,1.8
2590.13,-22.848748598421476,-43.30315598662101,2537,1782.56,0.443,0.0016,1.7
2590.13,-22.89796189835094,-43.329479329006716,2778,1782.56,0.453,0.0018,1.85
2590.13,-22.88717693601249,-43.303481566569786,2744,1782.56,0.4,0.0018,1.92
2590.13,-22.86951098217584,-43.273374949206584,2604,1782.56,0.412,0.0018,1.99
2590.13,-22.8579311397991,-43.32575380126112,2846,1782.56,0.479,0.0015,1.87
2590.13,-22.888734687164735,-43.29191620907745,2852,1782.56,0.424,0.0015,1.76
2590.13,-22.864911194900778,-43.31963596032144,2895,1782.56,0.424,0.0017,1.63
2590.13,-22.87249509232537,-43.273899684259206,2597,1782.56,0.433,0.0019,1.97
2590.13,-22.855454774937616,-43.33103974650509,2606,1782.56,0.407,0.0017,1.68
2590.13,-22.876164868609784,-43.286342101979244,2923,1782.56,0.428,0.0016,1.99
2590.13,-22.8787675650818,-43.31412382741355,2815,1782.56,0.463,0.0019,1.96
2590.13,-22.85710416701063,-43.304086900341545,2542,1782.56,0.456,0.0018,1.75
2590.14,-22.857284868038086,-43.32268854135826,2511,1782.56,0.478,0.0016,1.91
2590.14,-22.895007079686994,-43.32139147487483,2559,1782.56,0.405,0.0018,1.72
2590.14,-22.858356114030986,-43.31224354083034,2590,1782.56,0.405,0.0017,1.9
2590.14,-22.8750334597687,-43.29253179376653,2776,1782.56,0.461,0.0015,1.98
2590.14,-22.861914604835324,-43.305383062241894,2836,1782.56,0.434,0.0018,1.72
2590.14,-22.85557329551781,-43.32777610369661,2541,1782.56,0.462,0.0019,1.55
2590.14,-22.893061988077097,-43.27244154222657,2679,1782.56,0.454,0.0019,1.63
2590.19,-22.847079298568104,-43.29783874614938,2792,1782.56,0.486,0.0019,1.8
2590.19,-22.866386277370406,-43.327674301085324,2744,1782.56,0.467,0.0018,1.66
2590.19,-22.88523434193414,-43.29969354906425,2623,1782.56,0.462,0.0018,1.76
2590.19,-22.875721493584145,-43.284464143249885,2588,1782.56,0.437,0.0015,1.5
2590.19,-22.888734687164735,-43.29191620907745,2709,1782.56,0.432,0.0018,1.63
2590.19,-22.860857134715587,-43.27805752582416,2645,1782.56,0.454,0.0019,1.58
2590.2,-22.879822104591387,-43.325467931915405,2676,1782.56,0.493,0.0015,1.87
2590.2,-22.883609697486193,-43.321985320706766,2782,1782.56,0.408,0.0016,1.61
2590.2,-22.89470308630807,-43.32551035541433,2769,1782.56,0.422,0.0017,1.72
2590.2,-22.871185631521833,-43.334161501074995,2931,1782.56,0.493,0.0015,1.95
2590.2,-22.865237651956964,-43.335306588392484,2597,1782.56,0.47,0.0017,1.89
2590.2,-22.86404647579271,-43.29436203736227,2670,1782.56,0.485,0.0015,1.69
2590.2,-22.85592316671847,-43.30877386920199,2632,1782.56,0.492,0.0016,1.52
2590.21,-22.866180673539375,-43.29255772244056,2721,1782.56,0.487,0.0018,1.81
2590.21,-22.8923504582542,-43.277742797797735,2665,1782.56,0.405,0.0019,1.99
2590.21,-22.87263357888963,-43.312198126796915,2832,1782.56,0.461,0.0017,1.68
2590.21,-22.887776573581203,-43.28318743141474,2993,1782.56,0.42,0.0019,1.65
2590.21,-22.87167666549464,-43.32423136498003,2869,1782.56,0.469,0.0017,1.59
2590.21,-22.880238359783807,-43.31131469976535,2855,1782.56,0.476,0.0017,1.85
2590.21,-22.861735960842314,-43.294302778628925,2910,1782.56,0.49,0.0018,1.75
2590.21,-22.854665711887623,-43.302775734018006,2664,1782.56,0.473,0.0018,1.95
2590.21,-22.87669317578605,-43.291644222597775,2936,1782.56,0.4,0.0016,1.99
2590.21,-22.88775419686622,-43.33164779315465,2525,1782.56,0.462,0.0016,1.85
2590.3,-22.858124790649356,-43.28008126775039,2830,1782.56,0.4,0.0019,1.57
2590.3,-22.882743437189614,-43.29366959255035,2710,1782.56,0.478,0.0016,1.66
2590.3,-22.862757124028064,-43.283703794161326,2980,1782.56,0.479,0.0016,1.64
2590.3,-22.877443928915834,-43.27869169898269,2670,1782.56,0.424,0.0016,1.82
2590.3,-22.86411762234615,-43.28076398939773,2587,1782.56,0.466,0.0018,1.98
2590.3,-22.87545953618512,-43.294865125762904,2759,1782.56,0.425,0.0019,1.87
2590.3,-22.874302246649084,-43.30702553844383,2974,1782.56,0.478,0.0017,1.97
2590.3,-22.869300268927798,-43.332347474286664,2551,1782.56,0.453,0.0018,1.71
2590.3,-22.881988610968897,-43.3256408177475,2806,1782.56,0.429,0.0019,1.83
2590.3,-22.854745499942936,-43.292818165705725,2773,1782.56,0.425,0.0018,1.69
2590.3,-22.857123277620413,-43.29574409973182,2678,1782.56,0.493,0.0015,1.97
2590.3,-22.891604418991513,-43.32057109748399,2776,1782.56,0.487,0.0016,1.77
2590.3,-22.858152339578883,-43.331756314736744,2702,1782.56,0.406,0.0017,1.7
2590.3,-22.854654876535424,-43.289472715881146,2664,1782.56,0.484,0.0019,1.6
2590.3,-22.87486612122775,-43.279707456444505,2641,1782.56,0.454,0.0016,1.96
2590.32,-22.8923504582542,-43.277742797797735,2807,1782.56,0.462,0.0019,1.85
2590.32,-22.85498734811861,-43.30331227430829,2937,1782.56,0.48,0.0018,1.54
2590.32,-22.864211710200387,-43.29555600835499,2574,1782.56,0.46,0.0015,1.98
2590.32,-22.871228999758696,-43.29926589816055,2603,1782.56,0.479,0.0015,1.55
2590.32,-22.886171824278932,-43.29940332776213,2831,1782.56,0.495,0.0018,1.76
2590.32,-22.858671261657715,-43.28552993808476,2751,1782.56,0.467,0.0018,1.87
2590.32,-22.861399187668834,-43.2926565648536,2609,1782.56,0.449,0.0015,1.82
2590.32,-22.887790193505836,-43.314164524382306,2935,1782.56,0.407,0.0015,1.95
2590.32,-22.881468185623927,-43.294994976890806,2597,1782.56,0.477,0.0018,1.64
2590.32,-22.865673580592134,-43.29967410467113,2895,1782.56,0.459,0.0015,1.59
2590.32,-22.856530040860807,-43.28077437905881,2501,1782.56,0.459,0.0019,1.6
2590.33,-22.86611212503453,-43.29434089636883,2807,1782.56,0.444,0.0015,1.79
2590.33,-22.89796189835094,-43.329479329006716,2681,1782.56,0.487,0.0015,1.92
2590.33,-22.88419594579328,-43.28506952767958,2908,1782.56,0.478,0.0016,1.72
2590.33,-22.871774502158384,-43.27347256112669,2807,1782.56,0.412,0.0016,1.73
2590.33,-22.878678970104733,-43.2893826947477,2823,1782.56,0.446,0.0017,1.78
2590.33,-22.868588548508306,-43.32436794455032,2615,1782.56,0.43,0.0019,1.77
2590.33,-22.884318598970744,-43.32780626507122,2965,1782.56,0.499,0.0015,1.92
2590.34,-22.85936162084503,-43.290536673132685,2656,1782.56,0.467,0.0019,1.98
2590.34,-22.86493449045638,-43.28912110732493,2930,1782.56,0.402,0.0019,1.58
2590.34,-22.879916050347088,-43.27329730057226,2912,1782.56,0.435,0.0015,1.55
2590.34,-22.85404247869069,-43.29621015021172,2803,1782.56,0.427,0.0016,1.7
2590.34,-22.89452471477547,-43.29205209489,2749,1782.56,0.456,0.0016,1.73
2590.34,-22.864359769594856,-43.33436283749005,2984,1782.56,0.493,0.0015,1.62
2590.34,-22.894768460259577,-43.325108224624465,2928,1782.56,0.434,0.0015,1.95
2590.34,-22.865391656096406,-43.29681388799275,2556,1782.56,0.428,0.0019,1.7
2590.34,-22.868942374687943,-43.27206471105248,2819,1782.56,0.429,0.0017,1.79
2590.34,-22.888149570635296,-43.2739540544441,2968,1782.56,0.475,0.0019,1.71
2590.34,-22.871822805042193,-43.283667704162596,2925,1782.56,0.466,0.0016,1.64
2590.34,-22.88322984648596,-43.28421464468421,2724,1782.56,0.404,0.0017,1.86
2590.34,-22.88150700142016,-43.27882017150691,2746,1782.56,0.434,0.0019,1.98
2590.34,-22.89055249713112,-43.280109026183055,2775,1782.56,0.475,0.0015,1.77
2590.34,-22.87263357888963,-43.312198126796915,2563,1782.56,0.488,0.0016,1.51
2590.34,-22.872518736807113,-43.322314380754484,2766,1782.56,0.498,0.0016,1.74
2590.34,-22.857292338452964,-43.328270454943,2567,1782.56,0.402,0.0017,1.76
2590.34,-22.883374036979877,-43.328317281821505,2873,1782.56,0.401,0.0018,1.57
2590.34,-22.878978779701757,-43.32289371663875,2664,1782.56,0.439,0.0018,1.8
2590.34,-22.888970419873544,-43.276900447868826,2918,1782.56,0.465,0.0017,1.55
2590.34,-22.874148355983735,-43.30891140765203,2745,1782.56,0.494,0.0017,1.72
2590.39,-22.86741089713757,-43.31583023259235,2678,1782.56,0.431,0.0016,1.61
2590.39,-22.878678970104733,-43.2893826947477,2941,1782.56,0.451,0.0016,1.72
2590.39,-22.86540222513423,-43.27693918854471,2657,1782.56,0.452,0.0015,1.71
2590.39,-22.873148189917117,-43.31526484181589,2507,1782.56,0.409,0.0015,1.83
2590.39,-22.876915571808613,-43.29389117666397,2868,1782.56,0.429,0.0015,1.6
2590.39,-22.89866055925909,-43.326964581551024,2751,1782.56,0.424,0.0015,1.9
2590.39,-22.875834082414713,-43.27831564801494,2870,1782.56,0.453,0.0018,1.89
2590.41,-22.867759761143397,-43.273330121262525,2888,1782.56,0.495,0.0019,1.76
2590.41,-22.861914604835324,-43.305383062241894,2618,1782.56,0.44,0.0016,1.94
2590.41,-22.8787470534882,-43.32230690243902,2516,1782.56,0.417,0.0017,1.95
2590.41,-22.857284868038086,-43.32268854135826,2701,1782.56,0.469,0.0017,1.93
2590.41,-22.860617930915378,-43.28970703182598,2820,1782.56,0.402,0.0018,1.65
2590.41,-22.86961225052659,-43.273621960841055,2639,1782.56,0.487,0.0016,1.96
2590.41,-22.871228999758696,-43.29926589816055,2786,1782.56,0.494,0.0019,1.67
2590.41,-22.870385783458357,-43.292127689221395,2832,1782.56,0.419,0.0015,1.73
2590.41,-22.87177941225251,-43.28417908973632,2655,1782.56,0.406,0.0016,1.64
2590.41,-22.85498734811861,-43.30331227430829,2955,1782.56,0.497,0.0015,1.58
2590.43,-22.866770325140486,-43.278420343142365,2811,1782.56,0.491,0.0015,1.83
2590.43,-22.88291784427213,-43.279430490656594,2554,1782.56,0.496,0.0016,1.84
2590.43,-22.887463762016246,-43.279058954052026,2972,1782.56,0.475,0.0018,1.94
2590.43,-22.885726073532716,-43.33563371528077,2591,1782.56,0.478,0.0019,1.89
2590.43,-22.887790193505836,-43.314164524382306,2705,1782.56,0.419,0.0015,1.67
2590.43,-22.855536186537016,-43.289990506140114,2717,1782.56,0.452,0.0019,1.55
2590.43,-22.864647269482234,-43.3136351748248,2992,1782.56,0.422,0.0018,1.67
2590.43,-22.882630072693864,-43.32196619291377,2565,1782.56,0.424,0.0017,1.73
2590.43,-22.872639053563336,-43.3191439334825,2667,1782.56,0.425,0.0018,1.85
2590.43,-22.84947814309329,-43.298027643961824,2572,1782.56,0.441,0.0018,1.99
2590.43,-22.86611212503453,-43.29434089636883,2769,1782.56,0.481,0.0017,1.6
2590.43,-22.848466036185997,-43.30108889404392,2828,1782.56,0.466,0.0018,1.98
2590.43,-22.860617930915378,-43.28970703182598,2836,1782.56,0.48,0.0016,1.83
2590.43,-22.881687513370636,-43.298275699900664,2891,1782.56,0.41,0.0016,1.65
2590.43,-22.852221122571265,-43.302809078039104,2648,1782.56,0.489,0.0019,1.64
2590.43,-22.877188204111565,-43.31684001468224,2736,1782.56,0.44,0.0015,1.7
2590.43,-22.861256893082682,-43.32794826319142,2538,1782.56,0.46,0.0019,1.98
2590.43,-22.86575303264837,-43.31310777055796,2615,1782.56,0.41,0.0017,1.66
2590.43,-22.869194574702586,-43.30490939599209,2670,1782.56,0.451,0.0017,1.66
2590.46,-22.88322984648596,-43.28421464468421,2530,1782.56,0.441,0.0015,1.95
2590.46,-22.878938327788468,-43.3265110096202,2509,1782.56,0.412,0.0019,1.56
2590.46,-22.8750334597687,-43.29253179376653,2550,1782.56,0.442,0.0018,1.96
2590.46,-22.88467040718113,-43.322932403912745,2903,1782.56,0.432,0.0017,1.65
2590.46,-22.855454774937616,-43.33103974650509,2984,1782.56,0.496,0.0018,1.92
2590.46,-22.891089403246085,-43.3167834405611,2638,1782.56,0.497,0.0019,1.66
2590.51,-22.874743318166633,-43.31929686313053,2972,1782.56,0.445,0.0017,1.64
2590.51,-22.869091144335815,-43.29810859284284,2637,1782.56,0.438,0.0018,1.75
2590.51,-22.858037683480056,-43.30275192403924,2553,1782.56,0.432,0.0017,1.57
2590.51,-22.848738373059586,-43.29781761613115,2533,1782.56,0.4,0.0018,1.67
2590.51,-22.892895319049963,-43.316131804558516,2666,1782.56,0.468,0.0019,1.52
2590.52,-22.87167666549464,-43.32423136498003,2685,1782.56,0.402,0.0019,1.6
2590.52,-22.865638580774625,-43.29937150465544,2750,1782.56,0.42,0.0016,1.66
2590.52,-22.886047324390628,-43.30557136326686,2763,1782.56,0.493,0.0015,1.89
2590.52,-22.888342059087126,-43.29880050477733,2874,1782.56,0.479,0.0015,1.74
2590.52,-22.86782989029103,-43.276843052385786,2870,1782.56,0.424,0.0016,1.57
2590.52,-22.863144811151294,-43.30122223728789,2936,1782.56,0.484,0.0015,1.59
2590.52,-22.86206484465799,-43.29854747951345,2599,1782.56,0.496,0.0019,1.56
2590.52,-22.875515460916926,-43.31069020128653,2794,1782.56,0.446,0.0017,1.5
2590.52,-22.89350124787708,-43.33173002529052,2504,1782.56,0.414,0.0018,1.66
2590.52,-22.861916010114125,-43.30826500979156,2649,1782.56,0.415,0.0015,1.58
2590.53,-22.86611212503453,-43.29434089636883,2913,1782.56,0.417,0.0018,1.85
2590.53,-22.846127183459664,-43.309759813707345,2673,1782.56,0.465,0.0019,1.55
2590.53,-22.862856612777097,-43.32606449715569,2563,1782.56,0.491,0.0016,1.57
2590.53,-22.86498400160477,-43.28216548273183,2900,1782.56,0.491,0.0016,1.56
2590.53,-22.883867251671116,-43.30251603805003,2784,1782.56,0.478,0.0017,1.62
2590.53,-22.870206340591764,-43.278809172268794,2790,1782.56,0.448,0.0017,1.93
2590.53,-22.888342059087126,-43.29880050477733,2657,1782.56,0.41,0.0019,1.72
2590.54,-22.86493449045638,-43.28912110732493,2860,1782.56,0.482,0.0018,1.87
2590.54,-22.868027495114074,-43.27200289825699,2702,1782.56,0.419,0.0018,1.88
2590.54,-22.87817590036917,-43.32492949267456,2560,1782.56,0.448,0.0015,1.98
2590.54,-22.883030548301637,-43.3356782256163,2623,1782.56,0.416,0.0019,1.99
2590.54,-22.86144821698873,-43.32954653473449,2654,1782.56,0.47,0.0019,1.68
2590.54,-22.85320099357766,-43.28998429458865,2688,1782.56,0.489,0.0017,1.98
2590.59,-22.87167666549464,-43.32423136498003,2507,1782.56,0.411,0.0017,1.78
2590.59,-22.865391656096406,-43.29681388799275,2986,1782.56,0.466,0.0015,1.84
2590.59,-22.88931882485539,-43.28966428164412,2527,1782.56,0.404,0.0016,1.65
2590.59,-22.8747783615419,-43.27590700942373,2896,1782.56,0.463,0.0018,1.72
2590.59,-22.88656171280685,-43.27530997233421,2668,1782.56,0.479,0.0018,1.92
2590.59,-22.870206340591764,-43.278809172268794,2947,1782.56,0.459,0.0018,1.78
2590.59,-22.863144811151294,-43.30122223728789,2622,1782.56,0.452,0.0015,1.87
2590.59,-22.876990184341754,-43.285103753659,2737,1782.56,0.461,0.0018,1.55
2590.59,-22.882986765816558,-43.32365032257002,2709,1782.56,0.477,0.0019,1.94
2590.59,-22.85203244933537,-43.292673874031166,2934,1782.56,0.412,0.0015,1.67
2590.59,-22.875992561398327,-43.29201624175736,2978,1782.56,0.493,0.0017,1.79
2590.59,-22.864113655054116,-43.29430874501928,2634,1782.56,0.498,0.0016,1.81
2590.59,-22.884036487264332,-43.31166450783011,2733,1782.56,0.426,0.0018,1.99
2590.59,-22.874937783792504,-43.31494440611707,2705,1782.56,0.442,0.0018,1.53
2590.6,-22.868307585939647,-43.281719632505286,2990,1782.56,0.47,0.0015,1.5
2590.6,-22.887528723398574,-43.297279915342905,2665,1782.56,0.438,0.0016,1.52
2590.6,-22.861116383190375,-43.306281424567054,2996,1782.56,0.489,0.0019,1.85
2590.6,-22.88520284739984,-43.304851073840815,2955,1782.56,0.433,0.0017,1.8
2590.6,-22.897946430730556,-43.28184756803383,2888,1782.56,0.47,0.0019,1.9
2590.6,-22.86367394666999,-43.297294159494605,2631,1782.56,0.464,0.0019,1.72
2590.6,-22.88733155941451,-43.26987308282541,2982,1782.56,0.465,0.0015,1.69
2590.6,-22.884215047491185,-43.286962960829634,2784,1782.56,0.419,0.0015,1.68
2590.6,-22.8776379226127,-43.306554287574436,2836,1782.56,0.481,0.0015,1.67
2590.6,-22.859725542708905,-43.2808886018145,2998,1782.56,0.495,0.0019,1.94
2590.62,-22.88138736370065,-43.28312116559284,2862,1782.56,0.489,0.0015,1.82
2590.62,-22.863415548060487,-43.323317634222505,2566,1782.56,0.423,0.0017,1.51
2590.62,-22.86631276821089,-43.2952438805941,2623,1782.56,0.426,0.0019,1.9
2590.62,-22.868307585939647,-43.281719632505286,2768,1782.56,0.481,0.0019,1.92
2590.62,-22.889129492842276,-43.31751945952847,2534,1782.56,0.496,0.0015,1.82
2590.62,-22.862695092709878,-43.31100679155802,2602,1782.56,0.404,0.0017,1.84
2590.62,-22.857942866304892,-43.31413091695249,2749,1782.56,0.43,0.0018,1.52
2590.62,-22.87308331657023,-43.305089464569086,2709,1782.56,0.427,0.0015,1.58
2590.62,-22.86611212503453,-43.29434089636883,2823,1782.56,0.449,0.0018,1.8
2590.62,-22.886047324390628,-43.30557136326686,2823,1782.56,0.423,0.0019,1.67
2590.62,-22.889317434161647,-43.2726372572297,2715,1782.56,0.408,0.0017,1.81
2590.62,-22.856818133546327,-43.32364807005775,2535,1782.56,0.447,0.0016,1.86
2590.62,-22.87589257716541,-43.28796019074052,2975,1782.56,0.448,0.0016,1.82
2590.62,-22.858468814441554,-43.287728665178946,2791,1782.56,0.401,0.0019,1.83
2590.65,-22.86741089713757,-43.31583023259235,2899,1782.56,0.435,0.0015,1.75
2590.65,-22.89214807653393,-43.32199924007791,2815,1782.56,0.499,0.0019,1.54
2590.65,-22.85710416701063,-43.304086900341545,2997,1782.56,0.432,0.0019,1.77
2590.65,-22.889737591711263,-43.27804566482924,2563,1782.56,0.44,0.0018,1.52
2590.65,-22.870076345915614,-43.277950719324274,2655,1782.56,0.42,0.0018,1.96
2590.65,-22.863391643148574,-43.28982290627995,2535,1782.56,0.427,0.0017,1.57
2590.65,-22.88294978703814,-43.282994904792325,2589,1782.56,0.457,0.0019,1.86
2590.65,-22.876723085458455,-43.273922116031265,2859,1782.56,0.475,0.0018,1.72
2590.67,-22.87824414614546,-43.32473055741454,2670,1782.56,0.419,0.0019,1.95
2590.67,-22.860754225324428,-43.280699409222365,2757,1782.56,0.491,0.0017,1.67
2590.67,-22.858077548881493,-43.2752935821443,2939,1782.56,0.463,0.0016,1.66
2590.67,-22.858356114030986,-43.31224354083034,2518,1782.56,0.471,0.0019,1.58
2590.7,-22.886171824278932,-43.29940332776213,2615,1782.56,0.485,0.0016,1.85
2590.7,-22.865538431199276,-43.291757177954814,2801,1782.56,0.406,0.0018,1.71
2590.7,-22.864911194900778,-43.31963596032144,2725,1782.56,0.455,0.0018,1.64
2590.7,-22.883574977580775,-43.33156741874061,2806,1782.56,0.452,0.0016,1.82
2590.7,-22.861214375839822,-43.28923371270044,2604,1782.56,0.455,0.0016,1.62
2590.7,-22.882743437189614,-43.29366959255035,2585,1782.56,0.42,0.0017,1.6
2590.7,-22.866032073756877,-43.338131873315504,2873,1782.56,0.496,0.0019,1.52
2590.71,-22.859001569774904,-43.29193429934413,2622,1782.56,0.46,0.0019,1.91
2590.71,-22.882822150903383,-43.319929977033766,2780,1782.56,0.482,0.0016,1.88
2590.71,-22.876541212193533,-43.32981029734441,2589,1782.56,0.433,0.0019,1.96
2590.71,-22.86149760224237,-43.29288947173588,2815,1782.56,0.414,0.0016,1.9
2590.71,-22.882159172943954,-43.32345251271192,2633,1782.56,0.46,0.0016,1.89
2590.71,-22.86370154201032,-43.275263209670356,2679,1782.56,0.445,0.0016,1.64
2590.71,-22.862757124028064,-43.283703794161326,2670,1782.56,0.49,0.0018,1.8
2590.71,-22.860481074323943,-43.298868714970894,2594,1782.56,0.465,0.0016,1.62
2590.71,-22.89412830948375,-43.27630798894939,2969,1782.56,0.408,0.0017,1.53
2590.71,-22.8580219822232,-43.32874338434754,2744,1782.56,0.442,0.0018,1.84
2590.71,-22.87263357888963,-43.312198126796915,2503,1782.56,0.403,0.0017,1.55
2590.71,-22.865673580592134,-43.29967410467113,2998,1782.56,0.47,0.0019,1.82
2590.71,-22.863143577419685,-43.30771135724236,2515,1782.56,0.404,0.0015,1.91
2590.71,-22.866252864969308,-43.283033295123595,2507,1782.56,0.414,0.0015,1.72
2590.71,-22.883891562489854,-43.28966294594265,2967,1782.56,0.452,0.0015,1.65
2590.71,-22.89148264713646,-43.27986645003522,2884,1782.56,0.429,0.0017,1.62
2590.71,-22.86340826042182,-43.31149043301849,2595,1782.56,0.448,0.0019,1.82
2590.72,-22.87990539853711,-43.29569371562535,2693,1782.56,0.415,0.0018,1.56
2590.72,-22.870061319264384,-43.33215504327575,2741,1782.56,0.434,0.0018,1.62
2590.72,-22.882825235894607,-43.300401548289734,2556,1782.56,0.477,0.0019,1.69
2590.72,-22.883891562489854,-43.28966294594265,2603,1782.56,0.445,0.0018,1.86
2590.72,-22.865577930445912,-43.335811501369385,2615,1782.56,0.426,0.0018,1.57
2590.72,-22.891089403246085,-43.3167834405611,2990,1782.56,0.483,0.0017,1.81
2590.72,-22.874591043797622,-43.3249468165468,2665,1782.56,0.425,0.0019,1.82
2590.72,-22.870206340591764,-43.278809172268794,2861,1782.56,0.467,0.0017,1.83
2590.72,-22.89107709067145,-43.2828255366687,2616,1782.56,0.45,0.0018,1.69
2590.72,-22.88931882485539,-43.28966428164412,2993,1782.56,0.417,0.0015,1.63
2590.72,-22.86149760224237,-43.29288947173588,2755,1782.56,0.478,0.0017,1.9
2590.72,-22.882739662015414,-43.27436970845517,2958,1782.56,0.422,0.0019,1.57
2590.72,-22.865638580774625,-43.29937150465544,2580,1782.56,0.498,0.0015,1.79
2590.72,-22.862464497491782,-43.2784074908392,2812,1782.56,0.466,0.0018,1.97
2590.72,-22.85691383798527,-43.32369838040761,2836,1782.56,0.41,0.0015,1.86
2590.72,-22.850535474768858,-43.307920547579656,2559,1782.56,0.415,0.0016,1.57
2590.75,-22.88589617068067,-43.28669426317693,2796,1782.56,0.463,0.0015,1.9
2590.75,-22.882354539195187,-43.334620799942,2804,1782.56,0.467,0.0015,1.82
2590.75,-22.866462312864606,-43.31212026897201,2859,1782.56,0.465,0.0019,1.78
2590.75,-22.877127088132532,-43.313636642888476,2511,1782.56,0.4,0.0019,1.82
2590.75,-22.86957388783563,-43.31016904625865,2858,1782.56,0.403,0.0017,1.79
2590.79,-22.865124305239885,-43.331156567654766,2587,1782.56,0.424,0.0015,1.94
2590.79,-22.875658493568537,-43.27778648299565,2550,1782.56,0.467,0.0017,1.77
2590.79,-22.85752838383372,-43.320576888305446,2884,1782.56,0.424,0.0017,1.51
2590.79,-22.865266583287077,-43.32937373118127,2900,1782.56,0.43,0.0018,1.81
2590.79,-22.864911194900778,-43.31963596032144,2600,1782.56,0.456,0.0019,1.77
2590.79,-22.88717693601249,-43.303481566569786,2636,1782.56,0.404,0.0018,1.76
2590.79,-22.876824543770894,-43.27666172746651,2717,1782.56,0.471,0.0017,1.6
2590.79,-22.889578146447786,-43.331262264623696,2796,1782.56,0.404,0.0018,1.93
2590.81,-22.884318598970744,-43.32780626507122,2951,1782.56,0.449,0.0018,1.83
2590.81,-22.887776573581203,-43.28318743141474,2732,1782.56,0.462,0.0019,1.82
2590.81,-22.888342059087126,-43.29880050477733,2584,1782.56,0.465,0.0018,1.78
2590.81,-22.885269744638116,-43.31286410873418,2523,1782.56,0.434,0.0019,1.8
2590.81,-22.882743437189614,-43.29366959255035,2640,1782.56,0.441,0.0016,1.83
2590.81,-22.848748598421476,-43.30315598662101,2727,1782.56,0.465,0.0019,1.85
2590.81,-22.85209561925868,-43.29621764528502,2762,1782.56,0.477,0.0015,1.67
2590.81,-22.862757124028064,-43.283703794161326,2509,1782.56,0.454,0.0017,1.71
2590.83,-22.862925238004607,-43.326410115360275,2831,1782.56,0.48,0.0018,1.57
2590.83,-22.852221122571265,-43.302809078039104,2931,1782.56,0.474,0.0015,1.9
2590.83,-22.874961602533563,-43.32510125573787,2905,1782.56,0.479,0.0018,1.6
2590.83,-22.889932522081118,-43.281518820240066,2916,1782.56,0.439,0.0016,1.58
2590.83,-22.89214807653393,-43.32199924007791,2905,1782.56,0.48,0.0019,1.9
2590.83,-22.885726073532716,-43.33563371528077,2741,1782.56,0.477,0.0017,1.78
2590.83,-22.88427167832591,-43.32092673906297,2976,1782.56,0.421,0.0017,1.72
2590.83,-22.871213697020938,-43.306677884270364,2501,1782.56,0.411,0.0019,1.71
2590.83,-22.86206484465799,-43.29854747951345,2546,1782.56,0.417,0.0016,1.52
2590.83,-22.871719493758746,-43.27828847121003,2736,1782.56,0.402,0.0017,1.6
2590.83,-22.86283564347404,-43.29347467771211,2646,1782.56,0.462,0.0015,1.82
2590.85,-22.871209003769785,-43.305739958086846,2545,1782.56,0.457,0.0015,1.98
2590.85,-22.861140585512423,-43.28010575292516,2764,1782.56,0.468,0.0019,1.7
2590.85,-22.858152339578883,-43.331756314736744,2685,1782.56,0.442,0.0019,1.5
2590.85,-22.85629180486859,-43.3176659458171,2817,1782.56,0.406,0.0016,1.99
2590.85,-22.87247873307881,-43.277549008332294,2680,1782.56,0.453,0.0017,1.75
2590.85,-22.8787470534882,-43.32230690243902,2854,1782.56,0.466,0.0015,1.77
2590.85,-22.854654876535424,-43.289472715881146,2535,1782.56,0.421,0.0018,1.78
2590.85,-22.856818133546327,-43.32364807005775,2735,1782.56,0.443,0.0019,1.89
2590.85,-22.87589257716541,-43.28796019074052,2933,1782.56,0.488,0.0018,1.69
2590.85,-22.87908092616878,-43.31852261625576,2687,1782.56,0.467,0.0015,1.66
2590.85,-22.864249254248662,-43.32248206560194,2745,1782.56,0.419,0.0019,1.6
2590.85,-22.887707207011417,-43.33610398896485,2761,1782.56,0.496,0.0017,1.76
2590.85,-22.882986765816558,-43.32365032257002,2842,1782.56,0.467,0.0017,1.81
2590.85,-22.880238359783807,-43.31131469976535,2967,1782.56,0.415,0.0017,1.97
2590.85,-22.872590007618545,-43.27535563991996,2759,1782.56,0.411,0.0016,1.62
2590.9,-22.89452471477547,-43.29205209489,2717,1782.56,0.404,0.0019,1.62
2590.9,-22.85936162084503,-43.290536673132685,2640,1782.56,0.461,0.0019,1.69
2590.9,-22.862757124028064,-43.283703794161326,2653,1782.56,0.476,0.0015,1.66
2590.9,-22.874743318166633,-43.31929686313053,2948,1782.56,0.435,0.0015,1.61
2590.9,-22.881056312473603,-43.311058769951785,2930,1782.56,0.486,0.0015,1.9
2590.9,-22.857292338452964,-43.328270454943,2843,1782.56,0.46,0.0015,1.87
2590.9,-22.859712993290554,-43.28772006955427,2520,1782.56,0.413,0.0019,1.78
2590.9,-22.86711369768245,-43.29231942816386,2675,1782.56,0.401,0.0015,1.62
2590.9,-22.889578146447786,-43.331262264623696,2781,1782.56,0.435,0.0019,1.74
2590.9,-22.864911194900778,-43.31963596032144,2771,1782.56,0.411,0.0018,1.91
2590.9,-22.874419027380306,-43.28372126720013,2793,1782.56,0.494,0.0018,1.51
2590.9,-22.86957388783563,-43.31016904625865,2553,1782.56,0.412,0.0017,1.81
2590.91,-22.887790193505836,-43.314164524382306,2941,1782.56,0.491,0.0015,1.87
2590.91,-22.866032073756877,-43.338131873315504,2959,1782.56,0.429,0.0018,1.81
2590.91,-22.860617930915378,-43.28970703182598,2763,1782.56,0.404,0.0017,1.75
2590.91,-22.893196891260317,-43.31705142493954,2836,1782.56,0.431,0.0019,1.57
2590.91,-22.885726073532716,-43.33563371528077,2825,1782.56,0.487,0.0017,1.55
2590.91,-22.864508830652948,-43.287446509399935,2740,1782.56,0.447,0.0015,1.65
2590.91,-22.86762605210021,-43.33652514220015,2961,1782.56,0.436,0.0017,1.94
2590.91,-22.866245903957182,-43.32830163502488,2588,1782.56,0.406,0.0016,1.97
2590.91,-22.8584415454567,-43.30047382902333,2503,1782.56,0.412,0.0018,1.5
2590.91,-22.89470308630807,-43.32551035541433,2653,1782.56,0.434,0.0018,1.53
2590.91,-22.86178952014623,-43.307313325016665,2611,1782.56,0.461,0.0018,1.91
2590.91,-22.864113655054116,-43.29430874501928,2738,1782.56,0.428,0.0018,1.53
2590.91,-22.859089832041434,-43.320169279291335,2639,1782.56,0.496,0.0018,1.74
2590.93,-22.85557329551781,-43.32777610369661,2860,1782.56,0.497,0.0018,1.62
2590.93,-22.863459854588292,-43.30014903832372,2903,1782.56,0.469,0.0018,1.6
2590.93,-22.86711369768245,-43.29231942816386,2957,1782.56,0.418,0.0017,1.9
2590.93,-22.88145053345863,-43.31795462036982,2831,1782.56,0.487,0.0019,1.98
2590.93,-22.875658493568537,-43.27778648299565,2783,1782.56,0.465,0.0019,1.51
2590.93,-22.85691383798527,-43.32369838040761,2697,1782.56,0.424,0.0015,1.61
2590.93,-22.888255012773346,-43.28595440982584,2893,1782.56,0.42,0.0017,1.92
2590.93,-22.866252864969308,-43.283033295123595,2520,1782.56,0.468,0.0017,1.54
2590.93,-22.875231775363595,-43.27410490241185,2802,1782.56,0.436,0.0016,1.62
2590.97,-22.88523434193414,-43.29969354906425,2516,1782.56,0.49,0.0015,1.7
2590.97,-22.877044057031124,-43.32585217379867,2689,1782.56,0.478,0.0019,1.56
2590.97,-22.863144811151294,-43.30122223728789,2883,1782.56,0.432,0.0018,1.85
2590.97,-22.85256517288689,-43.30131585570806,2648,1782.56,0.425,0.0016,1.89
2590.97,-22.876785616372743,-43.32135565342095,2561,1782.56,0.479,0.0018,1.54
2590.97,-22.888255012773346,-43.28595440982584,2541,1782.56,0.409,0.0015,1.72
2590.97,-22.868307585939647,-43.281719632505286,2529,1782.56,0.45,0.0016,1.73
2590.97,-22.861214375839822,-43.28923371270044,2851,1782.56,0.483,0.0016,1.79
2590.97,-22.8580219822232,-43.32874338434754,2698,1782.56,0.492,0.0016,1.92
2590.97,-22.88609409087955,-43.32311508249367,2892,1782.56,0.487,0.0015,1.86
2590.97,-22.869647425864212,-43.326493151495754,2609,1782.56,0.479,0.0016,1.59
2591.0,-22.857290769753895,-43.328348659412804,2935,1782.56,0.441,0.0016,1.51
2591.0,-22.89365822630807,-43.326354297839345,2948,1782.56,0.446,0.0015,1.53
2591.0,-22.853473621389476,-43.30340894163149,2517,1782.56,0.473,0.0017,1.6
2591.0,-22.865124305239885,-43.331156567654766,2589,1782.56,0.461,0.0017,1.6
2591.0,-22.87581963627435,-43.27661797543457,2983,1782.56,0.488,0.0017,1.81
2591.0,-22.859824926994264,-43.333258221906284,2547,1782.56,0.413,0.0015,1.91
2591.0,-22.848589623892043,-43.299859478608504,2757,1782.56,0.443,0.0016,1.53
2591.0,-22.861012965171714,-43.27194657048819,2887,1782.56,0.428,0.0015,1.57
2591.03,-22.86788511315902,-43.26719534948081,2663,1782.56,0.419,0.0019,1.89
2591.03,-22.886843205699535,-43.302088601823655,2607,1782.56,0.491,0.0015,1.65
2591.03,-22.85209561925868,-43.29621764528502,2735,1782.56,0.451,0.0017,1.71
2591.03,-22.848738373059586,-43.29781761613115,2890,1782.56,0.407,0.0019,1.76
2591.03,-22.871406185960076,-43.30176403728605,2654,1782.56,0.439,0.0017,1.86
2591.03,-22.865577930445912,-43.335811501369385,2839,1782.56,0.407,0.0019,1.6
2591.03,-22.876541212193533,-43.32981029734441,2716,1782.56,0.486,0.0019,1.73
2591.03,-22.870076345915614,-43.277950719324274,2649,1782.56,0.48,0.0018,1.71
2591.04,-22.886016004221272,-43.27209761929771,2500,1782.56,0.484,0.0016,1.99
2591.04,-22.884561946601494,-43.27513063556018,2806,1782.56,0.462,0.0018,1.5
2591.04,-22.859725542708905,-43.2808886018145,2568,1782.56,0.441,0.0017,1.68
2591.04,-22.887435727179092,-43.27038733570493,2903,1782.56,0.456,0.0017,1.58
2591.04,-22.882986765816558,-43.32365032257002,2675,1782.56,0.414,0.0019,1.88
2591.04,-22.86205585541741,-43.28820058141566,2757,1782.56,0.463,0.0019,1.89
2591.04,-22.875639528876057,-43.278947681895616,2648,1782.56,0.42,0.0015,1.85
2591.04,-22.883574977580775,-43.33156741874061,2693,1782.56,0.429,0.0016,1.72
2591.04,-22.886016004221272,-43.27209761929771,2549,1782.56,0.459,0.0019,1.63
2591.04,-22.8913494561635,-43.2811121526979,2814,1782.56,0.489,0.0016,1.69
2591.04,-22.85830737465635,-43.32041805722513,2505,1782.56,0.439,0.0018,1.75
2591.04,-22.889578146447786,-43.331262264623696,2726,1782.56,0.403,0.0015,1.75
2591.04,-22.870061319264384,-43.33215504327575,2840,1782.56,0.416,0.0017,1.81
2591.04,-22.881333419710195,-43.321184370785694,2994,1782.56,0.436,0.0018,1.57
2591.04,-22.865538431199276,-43.291757177954814,2922,1782.56,0.443,0.0015,1.94
2591.04,-22.873190774124623,-43.32110949394854,2971,1782.56,0.481,0.0016,1.79
2591.04,-22.868163405105054,-43.311604199720115,2953,1782.56,0.471,0.0019,1.88
2591.04,-22.88717693601249,-43.303481566569786,2989,1782.56,0.415,0.0018,1.65
2591.04,-22.868307585939647,-43.281719632505286,2706,1782.56,0.486,0.0019,1.95
2591.15,-22.874593114721886,-43.29506176950043,2608,1782.56,0.411,0.0015,1.85
2591.15,-22.869091144335815,-43.29810859284284,2882,1782.56,0.4,0.0017,1.8
2591.15,-22.870092504796666,-43.29135775802206,2905,1782.56,0.483,0.0018,1.6
2591.15,-22.876990184341754,-43.285103753659,2808,1782.56,0.474,0.0019,1.86
2591.15,-22.862856612777097,-43.32606449715569,2736,1782.56,0.489,0.0016,1.64
2591.15,-22.853473621389476,-43.30340894163149,2748,1782.56,0.494,0.0017,1.83
2591.15,-22.865542753893855,-43.27607840214181,2782,1782.56,0.493,0.0018,1.85
2591.15,-22.882630072693864,-43.32196619291377,2876,1782.56,0.405,0.0019,1.87
2591.15,-22.89148264713646,-43.27986645003522,2936,1782.56,0.453,0.0018,1.86
2591.15,-22.885226044959932,-43.309720499147424,2675,1782.56,0.475,0.0019,1.99
2591.15,-22.874254158307874,-43.272818042354956,2547,1782.56,0.407,0.0015,1.88
2591.15,-22.883374036979877,-43.328317281821505,2652,1782.56,0.414,0.0018,1.94
2591.15,-22.874655271160172,-43.31538291312141,2630,1782.56,0.469,0.0015,1.86
2591.15,-22.895625375970848,-43.3260810347732,2515,1782.56,0.408,0.0015,1.95
2591.15,-22.845248759869055,-43.3032342222112,2708,1782.56,0.493,0.0016,1.92
2591.15,-22.889317434161647,-43.2726372572297,2954,1782.56,0.409,0.0017,1.96
2591.15,-22.878999813424073,-43.324851492304006,2846,1782.56,0.406,0.0018,1.89
2591.15,-22.860481074323943,-43.298868714970894,2860,1782.56,0.411,0.0018,1.75
2591.15,-22.858555044831977,-43.314251573352315,2610,1782.56,0.492,0.0016,1.72
2591.15,-22.871406185960076,-43.30176403728605,2749,1782.56,0.443,0.0015,1.84
2591.15,-22.879822104591387,-43.325467931915405,2662,1782.56,0.4,0.0017,1.67
2591.15,-22.884709899851885,-43.27213163504,2941,1782.56,0.434,0.0017,1.57
2591.18,-22.885824772689762,-43.295605298502416,2698,1782.56,0.451,0.0016,1.85
2591.18,-22.865673580592134,-43.29967410467113,2629,1782.56,0.431,0.0018,1.67
2591.18,-22.86788511315902,-43.26719534948081,2760,1782.56,0.486,0.0018,1.95
2591.18,-22.872231186627943,-43.33368539327478,2854,1782.56,0.445,0.0017,1.81
2591.18,-22.86340826042182,-43.31149043301849,2578,1782.56,0.481,0.0016,1.81
2591.2,-22.866968974005935,-43.2989850526044,2743,1782.56,0.4,0.0015,1.63
2591.2,-22.854654876535424,-43.289472715881146,2646,1782.56,0.404,0.0015,1.51
2591.2,-22.87070395523622,-43.28421036286542,2885,1782.56,0.44,0.0017,1.96
2591.2,-22.863985115090834,-43.321749567625446,2736,1782.56,0.466,0.0016,1.69
2591.2,-22.866695168633957,-43.32761741916098,2748,1782.56,0.416,0.0015,1.63
2591.2,-22.875121999585705,-43.302579846612964,2649,1782.56,0.495,0.0016,1.82
2591.2,-22.857284868038086,-43.32268854135826,2515,1782.56,0.471,0.0018,1.9
2591.2,-22.856733691680848,-43.31181063497515,2832,1782.56,0.427,0.0017,1.76
2591.2,-22.874937783792504,-43.31494440611707,2702,1782.56,0.412,0.0015,1.6
2591.22,-22.892388545838266,-43.288957423371535,2954,1782.56,0.431,0.0017,1.61
2591.22,-22.875085854289406,-43.31276047115411,2762,1782.56,0.439,0.0017,1.79
2591.22,-22.867021344732553,-43.307514989302184,2524,1782.56,0.454,0.0015,1.93
2591.22,-22.889737591711263,-43.27804566482924,2812,1782.56,0.402,0.0016,1.74
2591.22,-22.85468622919643,-43.31348299559518,2687,1782.56,0.406,0.0016,1.62
2591.22,-22.891089403246085,-43.3167834405611,2644,1782.56,0.477,0.0019,1.61
2591.22,-22.86711369768245,-43.29231942816386,2838,1782.56,0.454,0.0016,1.69
2591.22,-22.87308331657023,-43.305089464569086,2735,1782.56,0.472,0.0018,1.65
2591.22,-22.882630072693864,-43.32196619291377,2986,1782.56,0.425,0.0019,1.6
2591.25,-22.87853141539161,-43.29876377217909,2924,1782.56,0.48,0.0018,1.98
2591.25,-22.861399187668834,-43.2926565648536,2593,1782.56,0.432,0.0018,1.83
2591.25,-22.871406185960076,-43.30176403728605,2771,1782.56,0.467,0.0017,1.62
2591.25,-22.87358421777799,-43.317387793603004,2910,1782.56,0.407,0.0018,1.51
2591.25,-22.871209003769785,-43.305739958086846,2945,1782.56,0.436,0.0015,1.96
2591.25,-22.89214807653393,-43.32199924007791,2798,1782.56,0.473,0.0019,1.97
2591.25,-22.86951098217584,-43.273374949206584,2688,1782.56,0.414,0.0018,1.71
2591.25,-22.888255012773346,-43.28595440982584,2894,1782.56,0.463,0.0019,1.69
2591.25,-22.878678970104733,-43.2893826947477,2622,1782.56,0.441,0.0015,1.72
2591.25,-22.88931882485539,-43.28966428164412,2702,1782.56,0.42,0.0017,1.65
2591.26,-22.892388545838266,-43.288957423371535,2718,1782.56,0.474,0.0019,1.57
2591.26,-22.871822805042193,-43.283667704162596,2728,1782.56,0.462,0.0019,1.98
2591.26,-22.88309767427097,-43.31674920792804,2917,1782.56,0.401,0.0019,1.83
2591.26,-22.85728372610451,-43.31757331912454,2862,1782.56,0.473,0.0019,1.57
2591.26,-22.894054080357296,-43.322548986091206,2698,1782.56,0.468,0.0015,1.77
2591.26,-22.881687513370636,-43.298275699900664,2784,1782.56,0.495,0.0017,1.65
2591.26,-22.877443928915834,-43.27869169898269,2938,1782.56,0.497,0.0016,1.94
2591.26,-22.856530040860807,-43.28077437905881,2559,1782.56,0.487,0.0016,1.56
2591.26,-22.8749931650182,-43.30265604007292,2722,1782.56,0.481,0.0017,1.59
2591.26,-22.85023684649563,-43.298567292399085,2715,1782.56,0.495,0.0015,1.97
2591.36,-22.85752838383372,-43.320576888305446,2830,1782.56,0.456,0.0016,1.55
2591.36,-22.85815950122837,-43.305398189772106,2931,1782.56,0.482,0.0016,1.52
2591.36,-22.862757124028064,-43.283703794161326,2800,1782.56,0.49,0.0016,1.83
2591.36,-22.859725542708905,-43.2808886018145,2613,1782.56,0.451,0.0019,1.9
2591.36,-22.859280335561404,-43.27687464822287,2528,1782.56,0.402,0.0017,1.87
2591.36,-22.888734687164735,-43.29191620907745,2787,1782.56,0.413,0.0015,1.76
2591.36,-22.860754225324428,-43.280699409222365,2719,1782.56,0.449,0.0019,1.94
2591.36,-22.892388545838266,-43.288957423371535,2868,1782.56,0.446,0.0019,1.55
2591.36,-22.869300268927798,-43.332347474286664,2626,1782.56,0.443,0.0018,1.92
2591.36,-22.882822150903383,-43.319929977033766,2856,1782.56,0.494,0.0019,1.78
2591.39,-22.85468622919643,-43.31348299559518,2736,1782.56,0.474,0.0019,1.71
2591.39,-22.863011240699805,-43.27912413886022,2657,1782.56,0.455,0.0017,1.96
2591.39,-22.85830737465635,-43.32041805722513,2555,1782.56,0.487,0.0016,1.68
2591.39,-22.886789936011343,-43.31585082403175,2908,1782.56,0.443,0.0016,1.52
2591.39,-22.87612594106117,-43.30746147147047,2509,1782.56,0.442,0.0015,1.59
2591.39,-22.865391656096406,-43.29681388799275,2989,1782.56,0.435,0.0016,1.84
2591.39,-22.889557906957364,-43.27511534523526,2833,1782.56,0.447,0.0017,1.87
2591.39,-22.86206484465799,-43.29854747951345,2543,1782.56,0.416,0.0015,1.63
2591.39,-22.86951098217584,-43.273374949206584,2721,1782.56,0.418,0.0016,1.54
2591.39,-22.891801503424844,-43.32398281396972,2717,1782.56,0.426,0.0018,1.94
2591.39,-22.87015350840377,-43.31876750576074,2893,1782.56,0.467,0.0018,1.62
2591.39,-22.89107709067145,-43.2828255366687,2515,1782.56,0.423,0.0015,1.66
2591.39,-22.878678970104733,-43.2893826947477,2769,1782.56,0.402,0.0016,1.85
2591.39,-22.874254158307874,-43.272818042354956,2983,1782.56,0.469,0.0018,1.81
2591.39,-22.848748598421476,-43.30315598662101,2730,1782.56,0.41,0.0017,1.7
2591.4,-22.87908092616878,-43.31852261625576,2580,1782.56,0.409,0.0017,1.99
2591.4,-22.875881152367807,-43.27437786519449,2927,1782.56,0.491,0.0015,1.99
2591.4,-22.888149570635296,-43.2739540544441,2701,1782.56,0.499,0.0019,1.82
2591.4,-22.85936162084503,-43.290536673132685,2943,1782.56,0.417,0.0019,1.84
2591.4,-22.863117302560145,-43.309960029963165,2599,1782.56,0.455,0.0015,1.97
2591.4,-22.865673580592134,-43.29967410467113,2510,1782.56,0.467,0.0019,1.89
2591.4,-22.88717693601249,-43.303481566569786,2663,1782.56,0.431,0.0017,1.74
2591.4,-22.86782989029103,-43.276843052385786,2533,1782.56,0.453,0.0017,1.58
2591.4,-22.859001569774904,-43.29193429934413,2758,1782.56,0.469,0.0017,1.89
2591.4,-22.852221122571265,-43.302809078039104,2517,1782.56,0.429,0.0016,1.93
2591.4,-22.8580219822232,-43.32874338434754,2610,1782.56,0.412,0.0019,1.88
2591.42,-22.853473621389476,-43.30340894163149,2581,1782.56,0.428,0.0017,1.51
2591.42,-22.861399187668834,-43.2926565648536,2608,1782.56,0.461,0.0016,1.79
2591.42,-22.888114719854006,-43.29496886083367,2790,1782.56,0.43,0.0017,1.9
2591.42,-22.866695168633957,-43.32761741916098,2774,1782.56,0.463,0.0017,1.75
2591.42,-22.88427167832591,-43.32092673906297,2860,1782.56,0.463,0.0016,1.52
2591.42,-22.865683622380516,-43.310260791624906,2977,1782.56,0.434,0.0019,1.76
2591.42,-22.889129492842276,-43.31751945952847,2821,1782.56,0.404,0.0016,1.68
2591.42,-22.859089832041434,-43.320169279291335,2637,1782.56,0.417,0.0015,1.51
2591.42,-22.861214375839822,-43.28923371270044,2551,1782.56,0.407,0.0015,1.6
2591.42,-22.888648404701044,-43.2887463267185,2754,1782.56,0.4,0.0017,1.85
2591.42,-22.864860944366388,-43.30886474034251,2791,1782.56,0.423,0.0018,1.85
2591.42,-22.85832227579783,-43.307138207596104,2790,1782.56,0.447,0.0017,1.54
2591.42,-22.85498734811861,-43.30331227430829,2891,1782.56,0.437,0.0016,1.52
2591.42,-22.882162080687223,-43.31894566364465,2756,1782.56,0.469,0.0019,1.65
2591.42,-22.876723085458455,-43.273922116031265,2967,1782.56,0.475,0.0019,1.61
2591.42,-22.879822104591387,-43.325467931915405,2728,1782.56,0.497,0.0018,1.71
2591.42,-22.885226044959932,-43.309720499147424,2590,1782.56,0.496,0.0015,1.75
2591.42,-22.881649035667248,-43.32184270828055,2534,1782.56,0.403,0.0016,1.6
2591.42,-22.890074402587583,-43.28066188235112,2796,1782.56,0.422,0.0018,1.76
2591.46,-22.87143458612598,-43.26949400000578,2888,1782.56,0.499,0.0015,1.5
2591.46,-22.88427167832591,-43.32092673906297,2931,1782.56,0.476,0.0017,1.59
2591.46,-22.869938702555682,-43.33162323026781,2523,1782.56,0.455,0.0017,1.93
2591.46,-22.88472486045064,-43.29643285206332,2783,1782.56,0.432,0.0016,1.65
2591.46,-22.863888243428022,-43.28576933991444,2851,1782.56,0.411,0.0016,1.81
2591.46,-22.863888243428022,-43.28576933991444,2827,1782.56,0.411,0.0015,1.53
2591.51,-22.884615370405403,-43.336687407352116,2586,1782.56,0.433,0.0016,1.96
2591.51,-22.882544299338996,-43.30102470888667,2673,1782.56,0.476,0.0017,1.58
2591.51,-22.87612144329601,-43.323680871304816,2546,1782.56,0.4,0.0019,1.79
2591.51,-22.875658493568537,-43.27778648299565,2579,1782.56,0.428,0.0016,1.75
2591.51,-22.88472486045064,-43.29643285206332,2822,1782.56,0.436,0.0016,1.64
2591.51,-22.888055757576428,-43.308529388417405,2762,1782.56,0.42,0.0016,1.74
2591.51,-22.87578904193713,-43.27884368851319,2688,1782.56,0.414,0.0015,1.76
2591.51,-22.87292101376026,-43.2849722770823,2548,1782.56,0.492,0.0017,1.69
2591.58,-22.863395815787765,-43.32537639837979,2898,1782.56,0.447,0.0018,1.88
2591.58,-22.888055757576428,-43.308529388417405,2598,1782.56,0.481,0.0018,1.95
2591.58,-22.864211710200387,-43.29555600835499,2984,1782.56,0.458,0.0016,1.91
2591.58,-22.87545953618512,-43.294865125762904,2565,1782.56,0.472,0.0016,1.75
2591.58,-22.88291784427213,-43.279430490656594,2720,1782.56,0.475,0.0018,1.75
2591.58,-22.887948219818295,-43.291290460786755,2602,1782.56,0.489,0.0018,1.97
2591.58,-22.883609697486193,-43.321985320706766,2800,1782.56,0.49,0.0016,1.82
2591.58,-22.875639528876057,-43.278947681895616,2937,1782.56,0.443,0.0015,1.55
2591.61,-22.88243702214164,-43.305369543833734,2752,1782.56,0.471,0.0015,1.92
2591.61,-22.88520284739984,-43.304851073840815,2500,1782.56,0.453,0.0019,1.89
2591.61,-22.881687513370636,-43.298275699900664,2852,1782.56,0.473,0.0018,1.53
2591.61,-22.87358421777799,-43.317387793603004,2772,1782.56,0.44,0.0019,1.51
2591.61,-22.875957917710124,-43.325732268114734,2735,1782.56,0.429,0.0019,1.69
2591.61,-22.878082994140353,-43.310192460343124,2772,1782.56,0.45,0.0015,1.67
2591.61,-22.89189318600961,-43.335384174879266,2979,1782.56,0.457,0.0015,1.59
2591.61,-22.882743437189614,-43.29366959255035,2966,1782.56,0.413,0.0015,1.75
2591.62,-22.882354539195187,-43.334620799942,2811,1782.56,0.488,0.0015,1.89
2591.62,-22.897946430730556,-43.28184756803383,2633,1782.56,0.406,0.0019,1.72
2591.62,-22.865621616791085,-43.301637713141396,2605,1782.56,0.424,0.0016,1.86
2591.62,-22.882739662015414,-43.27436970845517,2642,1782.56,0.405,0.0017,1.85
2591.62,-22.862053710723547,-43.292986026270945,2852,1782.56,0.465,0.0015,1.92
2591.62,-22.861214375839822,-43.28923371270044,2602,1782.56,0.443,0.0015,1.95
2591.62,-22.865538431199276,-43.291757177954814,2897,1782.56,0.436,0.0015,1.97
2591.62,-22.869616302038466,-43.296865451879185,2714,1782.56,0.426,0.0015,1.84
2591.63,-22.858215943544252,-43.30285628166705,2833,1782.56,0.488,0.0016,1.78
2591.63,-22.85209561925868,-43.29621764528502,2608,1782.56,0.42,0.0017,1.72
2591.63,-22.869061768283025,-43.31704078257435,2987,1782.56,0.449,0.0019,1.62
2591.64,-22.888734687164735,-43.29191620907745,2647,1782.56,0.48,0.0018,1.89
2591.64,-22.882162080687223,-43.31894566364465,2705,1782.56,0.493,0.0018,1.71
2591.64,-22.86340826042182,-43.31149043301849,2742,1782.56,0.495,0.0016,1.78
2591.64,-22.88807446890354,-43.28263784741499,2557,1782.56,0.418,0.0016,1.66
2591.64,-22.867917985966464,-43.31159846022739,2994,1782.56,0.477,0.0017,1.82
2591.64,-22.894525850349083,-43.281279503578794,2651,1782.56,0.461,0.0019,1.5
2591.64,-22.883030548301637,-43.3356782256163,2945,1782.56,0.475,0.0018,1.59
2591.64,-22.86221497512879,-43.30516514856493,2823,1782.56,0.437,0.0016,1.71
2591.64,-22.86340826042182,-43.31149043301849,2532,1782.56,0.429,0.0019,1.91
2591.64,-22.893196891260317,-43.31705142493954,2847,1782.56,0.479,0.0017,1.66
2591.66,-22.879822104591387,-43.325467931915405,2766,1782.56,0.412,0.0019,1.81
2591.66,-22.876723085458455,-43.273922116031265,2837,1782.56,0.413,0.0017,1.81
2591.66,-22.894768460259577,-43.325108224624465,2905,1782.56,0.445,0.0015,1.75
2591.66,-22.891089403246085,-43.3167834405611,2713,1782.56,0.489,0.0015,1.6
2591.66,-22.869300268927798,-43.332347474286664,2615,1782.56,0.419,0.0017,1.67
2591.66,-22.862088842466637,-43.27367873862249,2670,1782.56,0.411,0.0018,1.55
2591.66,-22.879885961699628,-43.295482481050094,2993,1782.56,0.44,0.0015,1.64
2591.66,-22.866754144869372,-43.306332011179705,2923,1782.56,0.499,0.0017,1.7
2591.66,-22.88775419686622,-43.33164779315465,2515,1782.56,0.482,0.0017,1.67
2591.66,-22.881333419710195,-43.321184370785694,2513,1782.56,0.498,0.0019,1.76
2591.66,-22.86949389367307,-43.289631791960566,2728,1782.56,0.466,0.0017,1.59
2591.66,-22.869938702555682,-43.33162323026781,2817,1782.56,0.427,0.0018,1.95
2591.66,-22.87247873307881,-43.277549008332294,2644,1782.56,0.425,0.0017,1.85
2591.66,-22.854745499942936,-43.292818165705725,2746,1782.56,0.479,0.0017,1.86
2591.66,-22.896364735439438,-43.32828877844426,2601,1782.56,0.486,0.0017,1.58
2591.69,-22.891089403246085,-43.3167834405611,2941,1782.56,0.445,0.0016,1.95
2591.69,-22.88609409087955,-43.32311508249367,2724,1782.56,0.42,0.0016,1.63
2591.69,-22.872231186627943,-43.33368539327478,2748,1782.56,0.459,0.0019,1.58
2591.69,-22.858152339578883,-43.331756314736744,2661,1782.56,0.416,0.0016,1.55
2591.69,-22.878938327788468,-43.3265110096202,2500,1782.56,0.482,0.0019,1.59
2591.69,-22.87990539853711,-43.29569371562535,2548,1782.56,0.431,0.0015,1.51
2591.69,-22.857942866304892,-43.31413091695249,2829,1782.56,0.447,0.0015,1.97
2591.69,-22.871397972907403,-43.28322139568482,2797,1782.56,0.459,0.0018,1.72
2591.71,-22.875721493584145,-43.284464143249885,2902,1782.56,0.474,0.0019,1.61
2591.71,-22.866295959582743,-43.270612328064914,2898,1782.56,0.44,0.0017,1.69
2591.71,-22.86178952014623,-43.307313325016665,2883,1782.56,0.474,0.0018,1.98
2591.71,-22.856268461025326,-43.28601419506252,2860,1782.56,0.401,0.0017,1.87
2591.71,-22.848748598421476,-43.30315598662101,2715,1782.56,0.493,0.0017,1.85
2591.71,-22.877831132106472,-43.31106834331362,2814,1782.56,0.483,0.0017,1.89
2591.72,-22.882986765816558,-43.32365032257002,2546,1782.56,0.445,0.0016,1.66
2591.72,-22.877044057031124,-43.32585217379867,2977,1782.56,0.492,0.0018,1.73
2591.72,-22.852607422648404,-43.298626277056655,2551,1782.56,0.419,0.0019,1.65
2591.72,-22.886171824278932,-43.29940332776213,2776,1782.56,0.401,0.0017,1.72
2591.72,-22.857152785021295,-43.28769390181108,2683,1782.56,0.452,0.0015,1.82
2591.72,-22.848986959017367,-43.30908106870625,2624,1782.56,0.447,0.0015,1.67
2591.72,-22.87308331657023,-43.305089464569086,2738,1782.56,0.451,0.0016,1.51
2591.72,-22.856818133546327,-43.32364807005775,2575,1782.56,0.424,0.0019,1.61
2591.72,-22.878938327788468,-43.3265110096202,2945,1782.56,0.456,0.0018,1.72
2591.72,-22.869938702555682,-43.33162323026781,2888,1782.56,0.477,0.0019,1.82
2591.74,-22.85710416701063,-43.304086900341545,2850,1782.56,0.457,0.0018,1.98
2591.74,-22.87174129713043,-43.27980852989895,2878,1782.56,0.489,0.0017,1.73
2591.74,-22.861349365426673,-43.305214149060646,2543,1782.56,0.459,0.0018,1.81
2591.74,-22.883030548301637,-43.3356782256163,2880,1782.56,0.499,0.0015,1.97
2591.74,-22.874879843682866,-43.312921041067106,2524,1782.56,0.448,0.0019,1.86
2591.74,-22.870440572821785,-43.29706772608022,2900,1782.56,0.421,0.0016,1.9
2591.78,-22.865391656096406,-43.29681388799275,2707,1782.56,0.465,0.0019,1.59
2591.78,-22.88322984648596,-43.28421464468421,2813,1782.56,0.44,0.0016,1.9
2591.78,-22.882354539195187,-43.334620799942,2549,1782.56,0.463,0.0016,1.95
2591.78,-22.87669317578605,-43.291644222597775,2746,1782.56,0.424,0.0016,1.77
2591.78,-22.865621616791085,-43.301637713141396,2848,1782.56,0.477,0.0018,1.97
2591.78,-22.871185631521833,-43.334161501074995,2886,1782.56,0.417,0.0015,1.85
2591.78,-22.868610664476332,-43.29489435252647,2853,1782.56,0.444,0.0018,1.72
2591.78,-22.878678970104733,-43.2893826947477,2643,1782.56,0.442,0.0018,1.64
2591.78,-22.875464277457617,-43.27792316983827,2663,1782.56,0.426,0.0015,1.99
2591.78,-22.877188204111565,-43.31684001468224,2623,1782.56,0.409,0.0018,1.51
2591.83,-22.89288154320739,-43.286883687835434,2556,1782.56,0.485,0.0015,1.78
2591.83,-22.87167666549464,-43.32423136498003,2963,1782.56,0.425,0.0019,1.67
2591.83,-22.848986959017367,-43.30908106870625,2827,1782.56,0.447,0.0018,1.56
2591.83,-22.87029486590473,-43.33249884454889,2970,1782.56,0.4,0.0017,1.9
2591.83,-22.8913494561635,-43.2811121526979,2592,1782.56,0.407,0.0015,1.57
2591.83,-22.8710839047058,-43.28359471863838,2765,1782.56,0.427,0.0016,1.5
2591.83,-22.870061319264384,-43.33215504327575,2921,1782.56,0.431,0.0019,1.69
2591.83,-22.883044621550756,-43.27253070149058,2977,1782.56,0.43,0.0016,1.55
2591.83,-22.895007079686994,-43.32139147487483,2734,1782.56,0.406,0.0015,1.61
2591.83,-22.852598472381597,-43.30165751803103,2886,1782.56,0.41,0.0017,1.65
2591.83,-22.862757124028064,-43.283703794161326,2940,1782.56,0.477,0.0019,1.5
2591.83,-22.875121999585705,-43.302579846612964,2571,1782.56,0.415,0.0018,1.92
2591.83,-22.849064033953866,-43.30009229678292,2722,1782.56,0.414,0.0017,1.78
2591.83,-22.866032073756877,-43.338131873315504,2650,1782.56,0.472,0.0016,1.53
2591.83,-22.866770325140486,-43.278420343142365,2660,1782.56,0.45,0.0019,1.93
2591.83,-22.867364115090226,-43.30119033532758,2659,1782.56,0.473,0.0016,1.67
2591.83,-22.869194574702586,-43.30490939599209,2773,1782.56,0.481,0.0018,1.62
2591.84,-22.887948219818295,-43.291290460786755,2659,1782.56,0.47,0.0015,1.5
2591.84,-22.865174884082702,-43.28765803844912,2657,1782.56,0.419,0.0015,1.96
2591.84,-22.860481074323943,-43.298868714970894,2586,1782.56,0.425,0.0016,1.73
2591.84,-22.853473621389476,-43.30340894163149,2706,1782.56,0.434,0.0015,1.52
2591.84,-22.884615370405403,-43.336687407352116,2962,1782.56,0.402,0.0018,1.55
2591.84,-22.863459854588292,-43.30014903832372,2900,1782.56,0.402,0.0019,1.7
2591.84,-22.853473621389476,-43.30340894163149,2669,1782.56,0.449,0.0017,1.8
2591.84,-22.88931882485539,-43.28966428164412,2538,1782.56,0.473,0.0017,1.62
2591.84,-22.894768460259577,-43.325108224624465,2506,1782.56,0.495,0.0017,1.66
2591.85,-22.86575303264837,-43.31310777055796,2597,1782.56,0.414,0.0015,1.71
2591.85,-22.86221497512879,-43.30516514856493,2557,1782.56,0.425,0.0016,1.65
2591.85,-22.866252864969308,-43.283033295123595,2513,1782.56,0.479,0.0018,1.68
2591.85,-22.889011332646945,-43.2839897527779,2904,1782.56,0.435,0.0016,1.65
2591.85,-22.89177809869233,-43.28695883070058,2747,1782.56,0.489,0.0018,1.7
2591.85,-22.88809210983536,-43.286663944830735,2532,1782.56,0.481,0.0015,1.9
2591.85,-22.887790193505836,-43.314164524382306,2617,1782.56,0.482,0.0015,1.84
2591.85,-22.858037683480056,-43.30275192403924,2955,1782.56,0.485,0.0018,1.55
2591.85,-22.856530040860807,-43.28077437905881,2960,1782.56,0.414,0.0015,1.97
2591.85,-22.874254158307874,-43.272818042354956,2757,1782.56,0.403,0.0019,1.89
2591.85,-22.85936162084503,-43.290536673132685,2750,1782.56,0.406,0.0017,1.6
2591.85,-22.89465966178841,-43.2903759655431,2999,1782.56,0.451,0.0017,1.85
2591.85,-22.88419594579328,-43.28506952767958,2587,1782.56,0.478,0.0019,1.88
2591.85,-22.87029486590473,-43.33249884454889,2867,1782.56,0.459,0.0015,1.93
2591.85,-22.895007079686994,-43.32139147487483,2774,1782.56,0.441,0.0015,1.85
2591.85,-22.863117302560145,-43.309960029963165,2816,1782.56,0.462,0.0017,1.56
2591.85,-22.87578904193713,-43.27884368851319,2920,1782.56,0.404,0.0018,1.54
2591.85,-22.858356114030986,-43.31224354083034,2850,1782.56,0.434,0.0017,1.79
2591.85,-22.880238359783807,-43.31131469976535,2855,1782.56,0.409,0.0016,1.73
2591.85,-22.88467040718113,-43.322932403912745,2979,1782.56,0.416,0.0016,1.98
2591.91,-22.88656171280685,-43.27530997233421,2575,1782.56,0.454,0.0018,1.67
2591.91,-22.85498734811861,-43.30331227430829,2936,1782.56,0.441,0.0017,1.93
2591.91,-22.878678970104733,-43.2893826947477,2801,1782.56,0.464,0.0018,1.55
2591.91,-22.87070395523622,-43.28421036286542,2757,1782.56,0.478,0.0019,1.99
2591.91,-22.884709899851885,-43.27213163504,2873,1782.56,0.454,0.0017,1.69
2591.91,-22.871822805042193,-43.283667704162596,2522,1782.56,0.44,0.0018,1.52
2591.91,-22.87223476720097,-43.29336171521947,2992,1782.56,0.465,0.0018,1.9
2591.91,-22.8685102980563,-43.28049395655852,2512,1782.56,0.408,0.0017,1.81
2591.91,-22.859824926994264,-43.333258221906284,2590,1782.56,0.479,0.0015,1.81
2591.92,-22.87545953618512,-43.294865125762904,2787,1782.56,0.482,0.0016,1.89
2591.92,-22.85320099357766,-43.28998429458865,2658,1782.56,0.444,0.0016,1.69
2591.92,-22.89412830948375,-43.27630798894939,2793,1782.56,0.485,0.0016,1.56
2591.92,-22.861044951138112,-43.30165423832948,2542,1782.56,0.494,0.0015,1.68
2591.92,-22.864249254248662,-43.32248206560194,2959,1782.56,0.451,0.0018,1.61
2591.92,-22.868610664476332,-43.29489435252647,2924,1782.56,0.491,0.0017,1.72
2591.92,-22.877127088132532,-43.313636642888476,2549,1782.56,0.468,0.0015,1.99
2591.92,-22.878678970104733,-43.2893826947477,2678,1782.56,0.418,0.0015,1.87
2591.92,-22.889317434161647,-43.2726372572297,2631,1782.56,0.485,0.0017,1.86
2591.92,-22.886969983847738,-43.30609520493499,2876,1782.56,0.463,0.0016,1.52
2591.92,-22.863888243428022,-43.28576933991444,2774,1782.56,0.475,0.0018,1.59
2591.96,-22.88419073958569,-43.307955209458136,2995,1782.56,0.434,0.0018,1.64
2591.96,-22.856733691680848,-43.31181063497515,2881,1782.56,0.463,0.0015,1.89
2591.96,-22.897828521923,-43.32076240791066,2850,1782.56,0.417,0.0017,1.8
2591.96,-22.864398382493288,-43.29631040963082,2509,1782.56,0.42,0.0019,1.59
2591.96,-22.85468622919643,-43.31348299559518,2811,1782.56,0.438,0.0016,1.86
2591.96,-22.8710839047058,-43.28359471863838,2942,1782.56,0.465,0.0018,1.57
2591.96,-22.887776573581203,-43.28318743141474,2850,1782.56,0.42,0.0017,1.84
2591.96,-22.86639865047928,-43.278186064407635,2929,1782.56,0.402,0.0015,1.64
2591.96,-22.891604418991513,-43.32057109748399,2909,1782.56,0.498,0.0016,1.5
2591.96,-22.891089403246085,-43.3167834405611,2721,1782.56,0.455,0.0019,1.56
2591.96,-22.85752838383372,-43.320576888305446,2710,1782.56,0.431,0.0018,1.88
2591.96,-22.882010907867286,-43.2955107445172,2740,1782.56,0.428,0.0017,1.77
2591.96,-22.862128139552905,-43.313939096711664,2614,1782.56,0.426,0.0015,1.78
2591.99,-22.86788511315902,-43.26719534948081,2968,1782.56,0.41,0.0019,1.58
2591.99,-22.858215943544252,-43.30285628166705,2682,1782.56,0.478,0.0018,1.58
2591.99,-22.87612144329601,-43.323680871304816,2778,1782.56,0.446,0.0018,1.73
2591.99,-22.858671261657715,-43.28552993808476,2854,1782.56,0.487,0.0015,1.78
2591.99,-22.889578146447786,-43.331262264623696,2670,1782.56,0.466,0.0018,1.57
2591.99,-22.881649035667248,-43.32184270828055,2936,1782.56,0.484,0.0018,1.95
2591.99,-22.8913494561635,-43.2811121526979,2928,1782.56,0.437,0.0015,1.68
2591.99,-22.861116383190375,-43.306281424567054,2734,1782.56,0.485,0.0019,1.68
2591.99,-22.856268461025326,-43.28601419506252,2859,1782.56,0.499,0.0018,1.69
2591.99,-22.896364735439438,-43.32828877844426,2987,1782.56,0.447,0.0019,1.99
2591.99,-22.887707207011417,-43.33610398896485,2893,1782.56,0.433,0.0015,1.68
2591.99,-22.875146291117844,-43.307818458397016,2984,1782.56,0.449,0.0016,1.68
2591.99,-22.848748598421476,-43.30315598662101,2706,1782.56,0.456,0.0019,1.88
2591.99,-22.88472486045064,-43.29643285206332,2589,1782.56,0.494,0.0017,1.63
2591.99,-22.867917985966464,-43.31159846022739,2952,1782.56,0.495,0.0018,1.75
2591.99,-22.87612594106117,-43.30746147147047,2959,1782.56,0.414,0.0019,1.93
2591.99,-22.869042075539408,-43.33246869842768,2777,1782.56,0.466,0.0019,1.62
2592.03,-22.85557329551781,-43.32777610369661,2630,1782.56,0.407,0.0016,1.54
2592.03,-22.88789896745282,-43.321186846750706,2780,1782.56,0.437,0.0018,1.77
2592.03,-22.86639865047928,-43.278186064407635,2922,1782.56,0.415,0.0019,1.6
2592.03,-22.870385783458357,-43.292127689221395,2507,1782.56,0.451,0.0017,1.87
2592.03,-22.85815950122837,-43.305398189772106,2858,1782.56,0.4,0.0019,1.97
2592.03,-22.875639528876057,-43.278947681895616,2808,1782.56,0.443,0.0017,1.71
2592.03,-22.881649035667248,-43.32184270828055,2916,1782.56,0.476,0.0017,1.68
2592.03,-22.882630072693864,-43.32196619291377,2548,1782.56,0.468,0.0019,1.92
2592.03,-22.85209561925868,-43.29621764528502,2781,1782.56,0.499,0.0018,1.79
2592.03,-22.8619828521923,-43.32818924833407,2701,1782.56,0.433,0.0015,1.8
2592.03,-22.88624258564699,-43.33053699248448,2634,1782.56,0.456,0.0019,1.58
2592.03,-22.89200525941612,-43.28187526446192,2891,1782.56,0.402,0.0016,1.69
2592.03,-22.896652938121445,-43.287712982795526,2846,1782.56,0.462,0.0015,1.75
2592.03,-22.89470308630807,-43.32551035541433,2628,1782.56,0.402,0.0016,1.87
2592.05,-22.888925165061927,-43.331746474485364,2818,1782.56,0.471,0.0019,1.71
2592.05,-22.867458399570957,-43.268782955277885,2791,1782.56,0.408,0.0015,1.77
2592.05,-22.87612594106117,-43.30746147147047,2525,1782.56,0.466,0.0017,1.95
2592.05,-22.875121999585705,-43.302579846612964,2641,1782.56,0.44,0.0015,1.79
2592.05,-22.875231775363595,-43.27410490241185,2872,1782.56,0.475,0.0018,1.58
2592.05,-22.89912367879457,-43.2891889620023,2581,1782.56,0.466,0.0017,1.91
2592.05,-22.861532363431817,-43.29386874824151,2870,1782.56,0.444,0.0016,1.53
2592.05,-22.88322984648596,-43.28421464468421,2628,1782.56,0.427,0.0018,1.99
2592.05,-22.89798550404551,-43.28389935640311,2848,1782.56,0.485,0.0016,1.64
2592.05,-22.89656803123219,-43.28051317443747,2825,1782.56,0.489,0.0016,1.91
2592.05,-22.85498734811861,-43.30331227430829,2637,1782.56,0.441,0.0019,1.96
2592.05,-22.887707207011417,-43.33610398896485,2502,1782.56,0.429,0.0017,1.82
2592.05,-22.854654876535424,-43.289472715881146,2603,1782.56,0.418,0.0017,1.73
2592.05,-22.858273209561837,-43.27801793683567,2709,1782.56,0.483,0.0017,1.63
2592.05,-22.866386277370406,-43.327674301085324,2966,1782.56,0.487,0.0019,1.86
2592.05,-22.86692805315821,-43.275210747940264,2745,1782.56,0.486,0.0019,1.69
2592.05,-22.89412830948375,-43.27630798894939,2742,1782.56,0.476,0.0016,1.79
2592.06,-22.88523434193414,-43.29969354906425,2814,1782.56,0.437,0.0018,1.88
2592.06,-22.863143577419685,-43.30771135724236,2816,1782.56,0.418,0.0019,1.76
2592.06,-22.865621616791085,-43.301637713141396,2922,1782.56,0.408,0.0016,1.6
2592.06,-22.870257745721055,-43.29604893570869,2542,1782.56,0.478,0.0019,1.82
2592.06,-22.863144811151294,-43.30122223728789,2830,1782.56,0.466,0.0015,1.64
2592.06,-22.882544299338996,-43.30102470888667,2642,1782.56,0.443,0.0018,1.92
2592.06,-22.85830737465635,-43.32041805722513,2599,1782.56,0.412,0.0015,1.67
2592.06,-22.87015350840377,-43.31876750576074,2741,1782.56,0.485,0.0018,1.51
2592.06,-22.882986765816558,-43.32365032257002,2535,1782.56,0.475,0.0018,1.69
2592.06,-22.867458399570957,-43.268782955277885,2749,1782.56,0.479,0.0019,1.64
2592.06,-22.89412830948375,-43.27630798894939,2964,1782.56,0.435,0.0018,1.76
2592.06,-22.85821759881364,-43.27393164834267,2750,1782.56,0.49,0.0017,1.68
2592.06,-22.860754225324428,-43.280699409222365,2758,1782.56,0.492,0.0015,1.54
2592.06,-22.853473621389476,-43.30340894163149,2976,1782.56,0.426,0.0018,1.6
2592.06,-22.867950283006152,-43.28254729962418,2530,1782.56,0.418,0.0018,1.54
2592.08,-22.876824543770894,-43.27666172746651,2609,1782.56,0.476,0.0016,1.72
2592.08,-22.87071304085338,-43.289401165594995,2739,1782.56,0.422,0.0016,1.65
2592.08,-22.863415548060487,-43.323317634222505,2563,1782.56,0.403,0.0017,1.95
2592.08,-22.868307585939647,-43.281719632505286,2747,1782.56,0.449,0.0017,1.8
2592.08,-22.858077548881493,-43.2752935821443,2970,1782.56,0.412,0.0018,1.57
2592.08,-22.869955584691237,-43.32150101062384,2619,1782.56,0.452,0.0018,1.59
2592.08,-22.89350124787708,-43.33173002529052,2780,1782.56,0.452,0.0015,1.53
2592.08,-22.857292338452964,-43.328270454943,2504,1782.56,0.475,0.0019,1.5
2592.08,-22.861256893082682,-43.32794826319142,2747,1782.56,0.464,0.0016,1.92
2592.08,-22.864359769594856,-43.33436283749005,2610,1782.56,0.457,0.0018,1.66
2592.08,-22.868610664476332,-43.29489435252647,2887,1782.56,0.445,0.0018,1.75
2592.08,-22.871285051555724,-43.30257291231742,2817,1782.56,0.461,0.0019,1.75
2592.08,-22.895958184072008,-43.329875786471284,2634,1782.56,0.443,0.0017,1.61
2592.08,-22.867458399570957,-43.268782955277885,2527,1782.56,0.423,0.0017,1.56
2592.1,-22.868027495114074,-43.27200289825699,2512,1782.56,0.446,0.0017,1.73
2592.1,-22.88589617068067,-43.28669426317693,2790,1782.56,0.433,0.0015,1.87
2592.1,-22.893061988077097,-43.27244154222657,2785,1782.56,0.427,0.0017,1.58
2592.1,-22.869938702555682,-43.33162323026781,2734,1782.56,0.459,0.0015,1.86
2592.1,-22.84947814309329,-43.298027643961824,2864,1782.56,0.433,0.0015,1.91
2592.1,-22.894525850349083,-43.281279503578794,2984,1782.56,0.427,0.0019,1.76
2592.1,-22.855454774937616,-43.33103974650509,2638,1782.56,0.444,0.0015,1.62
2592.1,-22.889457716445055,-43.32113741309723,2819,1782.56,0.498,0.0018,1.51
2592.1,-22.886171824278932,-43.29940332776213,2918,1782.56,0.417,0.0015,1.69
2592.1,-22.87249509232537,-43.273899684259206,2684,1782.56,0.441,0.0015,1.53
2592.12,-22.874937783792504,-43.31494440611707,2680,1782.56,0.482,0.0016,1.54
2592.12,-22.883044621550756,-43.27253070149058,2992,1782.56,0.499,0.0017,1.64
2592.12,-22.86149760224237,-43.29288947173588,2799,1782.56,0.479,0.0017,1.79
2592.12,-22.87581963627435,-43.27661797543457,2527,1782.56,0.449,0.0019,1.79
2592.12,-22.895008198056836,-43.33039785933877,2733,1782.56,0.499,0.0017,1.56
2592.12,-22.895958184072008,-43.329875786471284,2567,1782.56,0.428,0.0016,1.85
2592.12,-22.875464277457617,-43.27792316983827,2885,1782.56,0.43,0.0018,1.99
2592.12,-22.866245903957182,-43.32830163502488,2533,1782.56,0.497,0.0017,1.68
2592.12,-22.86741089713757,-43.31583023259235,2863,1782.56,0.402,0.0018,1.84
2592.13,-22.876541212193533,-43.32981029734441,2870,1782.56,0.424,0.0016,1.51
2592.13,-22.877831132106472,-43.31106834331362,2995,1782.56,0.493,0.0015,1.65
2592.13,-22.88733155941451,-43.26987308282541,2632,1782.56,0.423,0.0017,1.62
2592.13,-22.88984031167266,-43.28012659791169,2506,1782.56,0.484,0.0015,1.74
2592.13,-22.897946430730556,-43.28184756803383,2779,1782.56,0.419,0.0018,1.66
2592.13,-22.874879843682866,-43.312921041067106,2915,1782.56,0.487,0.0015,1.93
2592.13,-22.869938702555682,-43.33162323026781,2588,1782.56,0.49,0.0017,1.91
2592.13,-22.87143458612598,-43.26949400000578,2620,1782.56,0.489,0.0016,1.62
2592.13,-22.88427167832591,-43.32092673906297,2571,1782.56,0.431,0.0019,1.57
2592.13,-22.89213563769979,-43.31453725797905,2584,1782.56,0.461,0.0016,1.89
2592.13,-22.887942772304914,-43.335016025586654,2969,1782.56,0.423,0.0016,1.59
2592.14,-22.878978779701757,-43.32289371663875,2675,1782.56,0.428,0.0018,1.82
2592.14,-22.894768460259577,-43.325108224624465,2803,1782.56,0.403,0.0018,1.6
2592.14,-22.869611223913218,-43.29033624211841,2820,1782.56,0.404,0.0018,1.64
2592.14,-22.87247873307881,-43.277549008332294,2679,1782.56,0.405,0.0019,1.76
2592.14,-22.874712394502676,-43.28282881436501,2840,1782.56,0.431,0.0019,1.84
2592.14,-22.874879843682866,-43.312921041067106,2613,1782.56,0.426,0.0018,1.7
2592.14,-22.869733404200566,-43.281761550640105,2729,1782.56,0.431,0.0019,1.9
2592.15,-22.871209003769785,-43.305739958086846,2704,1782.56,0.427,0.0017,1.84
2592.15,-22.8579311397991,-43.32575380126112,2918,1782.56,0.405,0.0018,1.75
2592.15,-22.847079298568104,-43.29783874614938,2744,1782.56,0.406,0.0015,1.97
2592.15,-22.878978779701757,-43.32289371663875,2927,1782.56,0.457,0.0015,1.88
2592.15,-22.889578146447786,-43.331262264623696,2699,1782.56,0.46,0.0018,1.5
2592.15,-22.87817590036917,-43.32492949267456,2738,1782.56,0.442,0.0019,1.85
2592.18,-22.856268461025326,-43.28601419506252,2618,1782.56,0.449,0.0018,1.69
2592.18,-22.866575310083032,-43.328896758974054,2879,1782.56,0.478,0.0017,1.61
2592.18,-22.86205585541741,-43.28820058141566,2567,1782.56,0.422,0.0017,1.56
2592.18,-22.862834207827355,-43.31507750304328,2707,1782.56,0.485,0.0015,1.59
2592.18,-22.87167666549464,-43.32423136498003,2565,1782.56,0.483,0.0015,1.54
2592.18,-22.859824926994264,-43.333258221906284,2626,1782.56,0.495,0.0018,1.92
2592.18,-22.88427167832591,-43.32092673906297,2919,1782.56,0.481,0.0015,1.93
2592.18,-22.88145053345863,-43.31795462036982,2773,1782.56,0.472,0.0016,1.91
2592.18,-22.86283564347404,-43.29347467771211,2565,1782.56,0.483,0.0018,1.6
2592.18,-22.867458399570957,-43.268782955277885,2999,1782.56,0.44,0.0019,1.77
2592.18,-22.884318598970744,-43.32780626507122,2747,1782.56,0.434,0.0019,1.79
2592.18,-22.886843205699535,-43.302088601823655,2974,1782.56,0.486,0.0019,1.69
2592.18,-22.88742514405326,-43.27609989812992,2658,1782.56,0.423,0.0015,1.93
2592.18,-22.897946430730556,-43.28184756803383,2997,1782.56,0.404,0.0016,1.84
2592.18,-22.89452471477547,-43.29205209489,2648,1782.56,0.446,0.0016,1.72
2592.18,-22.89580667279858,-43.3224519112638,2635,1782.56,0.428,0.0015,1.52
2592.18,-22.88138736370065,-43.28312116559284,2935,1782.56,0.413,0.0017,1.96
2592.24,-22.858152339578883,-43.331756314736744,2617,1782.56,0.477,0.0018,1.58
2592.24,-22.887948219818295,-43.291290460786755,2929,1782.56,0.457,0.0015,1.86
2592.24,-22.872518736807113,-43.322314380754484,2644,1782.56,0.405,0.0018,1.68
2592.24,-22.87247266811023,-43.29552183360868,2556,1782.56,0.477,0.0015,1.99
2592.24,-22.869061768283025,-43.31704078257435,2546,1782.56,0.424,0.0016,1.52
2592.24,-22.86611212503453,-43.29434089636883,2776,1782.56,0.401,0.0015,1.72
2592.24,-22.861140585512423,-43.28010575292516,2881,1782.56,0.472,0.0018,1.79
2592.24,-22.88419073958569,-43.307955209458136,2753,1782.56,0.475,0.0017,1.94
2592.27,-22.868433559223956,-43.291280473480036,2595,1782.56,0.487,0.0016,1.77
2592.27,-22.87358421777799,-43.317387793603004,2869,1782.56,0.423,0.0015,1.93
2592.27,-22.87581963627435,-43.27661797543457,2697,1782.56,0.446,0.0019,1.73
2592.27,-22.895007079686994,-43.32139147487483,2959,1782.56,0.427,0.0015,1.74
2592.27,-22.87071304085338,-43.289401165594995,2579,1782.56,0.404,0.0019,1.89
2592.27,-22.854665711887623,-43.302775734018006,2656,1782.56,0.455,0.0015,1.74
2592.27,-22.867458399570957,-43.268782955277885,2513,1782.56,0.425,0.0018,1.81
2592.27,-22.881056312473603,-43.311058769951785,2699,1782.56,0.498,0.0017,1.55
2592.27,-22.866695168633957,-43.32761741916098,2699,1782.56,0.418,0.0017,1.73
2592.27,-22.848986959017367,-43.30908106870625,2595,1782.56,0.483,0.0016,1.66
2592.27,-22.8593406230216,-43.30664764460924,2961,1782.56,0.48,0.0018,1.8
2592.27,-22.875721493584145,-43.284464143249885,2762,1782.56,0.49,0.0019,1.5
2592.27,-22.864860944366388,-43.30886474034251,2748,1782.56,0.442,0.0016,1.84
2592.35,-22.85710416701063,-43.304086900341545,2627,1782.56,0.42,0.0017,1.54
2592.35,-22.848986959017367,-43.30908106870625,2863,1782.56,0.435,0.0017,1.96
2592.35,-22.871213697020938,-43.306677884270364,2742,1782.56,0.417,0.0018,1.57
2592.35,-22.857526261962377,-43.273044637111475,2685,1782.56,0.405,0.0019,1.94
2592.35,-22.878678970104733,-43.2893826947477,2782,1782.56,0.407,0.0016,1.8
2592.35,-22.874010689225567,-43.319107440956024,2721,1782.56,0.401,0.0019,1.85
2592.35,-22.88809210983536,-43.286663944830735,2710,1782.56,0.448,0.0016,1.66
2592.35,-22.85209561925868,-43.29621764528502,2839,1782.56,0.407,0.0018,1.98
2592.35,-22.859824926994264,-43.333258221906284,2579,1782.56,0.414,0.0015,1.71
2592.35,-22.894539834845414,-43.31941796101164,2533,1782.56,0.435,0.0019,1.65
2592.35,-22.876824543770894,-43.27666172746651,2785,1782.56,0.427,0.0015,1.78
2592.35,-22.87308331657023,-43.305089464569086,2567,1782.56,0.453,0.0015,1.93
2592.37,-22.883374036979877,-43.328317281821505,2793,1782.56,0.471,0.0017,1.94
2592.37,-22.870385783458357,-43.292127689221395,2532,1782.56,0.449,0.0018,1.84
2592.37,-22.886047324390628,-43.30557136326686,2506,1782.56,0.439,0.0018,1.74
2592.37,-22.865638580774625,-43.29937150465544,2755,1782.56,0.457,0.0017,1.88
2592.37,-22.876990184341754,-43.285103753659,2738,1782.56,0.427,0.0015,1.95
2592.37,-22.863391643148574,-43.28982290627995,2877,1782.56,0.403,0.0017,1.82
2592.37,-22.861116383190375,-43.306281424567054,2688,1782.56,0.417,0.0016,1.72
2592.37,-22.89189318600961,-43.335384174879266,2827,1782.56,0.451,0.0017,1.78
2592.37,-22.86144821698873,-43.32954653473449,2747,1782.56,0.443,0.0015,1.54
2592.37,-22.86631276821089,-43.2952438805941,2915,1782.56,0.423,0.0019,1.84
2592.37,-22.87669317578605,-43.291644222597775,2822,1782.56,0.431,0.0015,1.97
2592.37,-22.887707207011417,-43.33610398896485,2948,1782.56,0.496,0.0019,1.68
2592.37,-22.867920753613166,-43.32942070047525,2832,1782.56,0.455,0.0019,1.57
2592.37,-22.874492997743786,-43.312444693851766,2587,1782.56,0.409,0.0018,1.73
2592.44,-22.86961225052659,-43.273621960841055,2944,1782.56,0.441,0.0015,1.58
2592.44,-22.89200525941612,-43.28187526446192,2552,1782.56,0.452,0.0019,1.71
2592.44,-22.86411762234615,-43.28076398939773,2896,1782.56,0.467,0.0018,1.62
2592.44,-22.86178952014623,-43.307313325016665,2588,1782.56,0.436,0.0016,1.8
2592.44,-22.861349365426673,-43.305214149060646,2954,1782.56,0.476,0.0019,1.77
2592.44,-22.871145094853688,-43.28174662556796,2974,1782.56,0.421,0.0019,1.58
2592.44,-22.882630072693864,-43.32196619291377,2787,1782.56,0.473,0.0017,1.83
2592.44,-22.88990044773605,-43.27986962630341,2902,1782.56,0.488,0.0018,1.6
2592.44,-22.885270044065155,-43.31713716374416,2681,1782.56,0.435,0.0016,1.89
2592.46,-22.886171824278932,-43.29940332776213,2982,1782.56,0.473,0.0019,1.59
2592.46,-22.89580667279858,-43.3224519112638,2762,1782.56,0.454,0.0016,1.55
2592.46,-22.863459854588292,-43.30014903832372,2582,1782.56,0.496,0.0017,1.82
2592.46,-22.89465966178841,-43.2903759655431,2765,1782.56,0.436,0.0017,1.66
2592.46,-22.88309767427097,-43.31674920792804,2888,1782.56,0.48,0.0018,1.64
2592.46,-22.895007079686994,-43.32139147487483,2722,1782.56,0.409,0.0017,1.94
2592.46,-22.889932522081118,-43.281518820240066,2653,1782.56,0.428,0.0015,1.83
2592.46,-22.859001569774904,-43.29193429934413,2742,1782.56,0.453,0.0016,1.69
2592.46,-22.874712394502676,-43.28282881436501,2846,1782.56,0.421,0.0018,1.52
2592.46,-22.852598472381597,-43.30165751803103,2649,1782.56,0.42,0.0016,1.76
2592.46,-22.883609697486193,-43.321985320706766,2732,1782.56,0.452,0.0019,1.89
2592.46,-22.85340758185386,-43.301772407423,2692,1782.56,0.424,0.0015,1.67
2592.47,-22.863143577419685,-43.30771135724236,2507,1782.56,0.447,0.0017,1.7
2592.47,-22.8685102980563,-43.28049395655852,2569,1782.56,0.459,0.0019,1.7
2592.47,-22.862464497491782,-43.2784074908392,2713,1782.56,0.437,0.0018,1.91
2592.47,-22.887155516722924,-43.305234974339086,2599,1782.56,0.436,0.0015,1.62
2592.47,-22.86741089713757,-43.31583023259235,2674,1782.56,0.443,0.0018,1.73
2592.5,-22.89496887400113,-43.315918410614934,2647,1782.56,0.464,0.0018,1.92
2592.5,-22.868942374687943,-43.27206471105248,2750,1782.56,0.495,0.0017,1.86
2592.5,-22.862662756127307,-43.280590087419654,2517,1782.56,0.487,0.0019,1.54
2592.5,-22.886732583417785,-43.33823308647097,2575,1782.56,0.482,0.0019,1.67
2592.5,-22.84947814309329,-43.298027643961824,2618,1782.56,0.463,0.0015,1.79
2592.5,-22.883030548301637,-43.3356782256163,2521,1782.56,0.407,0.0019,1.56
2592.5,-22.861340447661618,-43.31260812808475,2642,1782.56,0.49,0.0017,1.69
2592.5,-22.858468814441554,-43.287728665178946,2902,1782.56,0.474,0.0015,1.97
2592.5,-22.863117302560145,-43.309960029963165,2614,1782.56,0.488,0.0016,1.92
2592.5,-22.858077548881493,-43.2752935821443,2945,1782.56,0.499,0.0015,1.93
2592.5,-22.895958184072008,-43.329875786471284,2904,1782.56,0.453,0.0018,1.74
2592.5,-22.858468814441554,-43.287728665178946,2791,1782.56,0.413,0.0019,1.69
2592.5,-22.869194574702586,-43.30490939599209,2539,1782.56,0.492,0.0017,1.7
2592.5,-22.882986765816558,-43.32365032257002,2787,1782.56,0.467,0.0015,1.79
2592.5,-22.85209561925868,-43.29621764528502,2867,1782.56,0.447,0.0017,1.91
2592.5,-22.854745499942936,-43.292818165705725,2839,1782.56,0.494,0.0016,1.69
2592.52,-22.88958552272534,-43.315395404695344,2800,1782.56,0.455,0.0016,1.52
2592.52,-22.872231186627943,-43.33368539327478,2715,1782.56,0.412,0.0019,1.53
2592.52,-22.888035847751507,-43.282718108513784,2505,1782.56,0.467,0.0017,1.96
2592.52,-22.888255012773346,-43.28595440982584,2539,1782.56,0.447,0.0019,1.76
2592.52,-22.869300268927798,-43.332347474286664,2900,1782.56,0.483,0.0016,1.79
2592.52,-22.867230008683155,-43.2898652432337,2696,1782.56,0.413,0.0018,1.62
2592.52,-22.871774502158384,-43.27347256112669,2897,1782.56,0.426,0.0018,1.95
2592.52,-22.858077548881493,-43.2752935821443,2551,1782.56,0.479,0.0017,1.8
2592.52,-22.848466036185997,-43.30108889404392,2737,1782.56,0.42,0.0019,1.86
2592.52,-22.85945488457674,-43.326512509270515,2870,1782.56,0.489,0.0019,1.77
2592.52,-22.875146291117844,-43.307818458397016,2837,1782.56,0.419,0.0019,1.94
2592.52,-22.89496887400113,-43.315918410614934,2678,1782.56,0.458,0.0018,1.79
2592.52,-22.869955584691237,-43.32150101062384,2516,1782.56,0.466,0.0016,1.81
2592.52,-22.874712394502676,-43.28282881436501,2956,1782.56,0.421,0.0018,1.72
2592.52,-22.876164868609784,-43.286342101979244,2626,1782.56,0.488,0.0018,1.76
2592.52,-22.859443527293752,-43.313754846042464,2726,1782.56,0.402,0.0018,1.88
2592.52,-22.856530040860807,-43.28077437905881,2974,1782.56,0.453,0.0018,1.61
2592.52,-22.884036487264332,-43.31166450783011,2972,1782.56,0.492,0.0015,1.55
2592.52,-22.868086042102256,-43.27464160371426,2764,1782.56,0.463,0.0017,1.95
2592.52,-22.89798550404551,-43.28389935640311,2515,1782.56,0.427,0.0016,1.97
2592.52,-22.862834207827355,-43.31507750304328,2651,1782.56,0.489,0.0016,1.73
2592.52,-22.87174129713043,-43.27980852989895,2894,1782.56,0.427,0.0015,1.69
2592.52,-22.852221122571265,-43.302809078039104,2657,1782.56,0.41,0.0016,1.73
2592.52,-22.88788703352114,-43.271418990966914,2991,1782.56,0.465,0.0018,1.87
2592.52,-22.868487159399706,-43.30384138737934,2822,1782.56,0.451,0.0015,1.79
2592.52,-22.889317434161647,-43.2726372572297,2561,1782.56,0.441,0.0016,1.57
2592.52,-22.869733404200566,-43.281761550640105,2500,1782.56,0.427,0.0016,1.97
2592.52,-22.869091144335815,-43.29810859284284,2701,1782.56,0.427,0.0019,1.73
2592.52,-22.87581963627435,-43.27661797543457,2540,1782.56,0.437,0.0016,1.55
2592.52,-22.890123849533225,-43.292946678367834,2535,1782.56,0.415,0.0015,1.68
2592.52,-22.88291784427213,-43.279430490656594,2891,1782.56,0.498,0.0019,1.5
2592.52,-22.88078056851191,-43.322729273656115,2606,1782.56,0.498,0.0015,1.57
2592.52,-22.85320099357766,-43.28998429458865,2656,1782.56,0.404,0.0015,1.52
2592.52,-22.858152339578883,-43.331756314736744,2904,1782.56,0.458,0.0018,1.54
2592.52,-22.86221497512879,-43.30516514856493,2666,1782.56,0.471,0.0018,1.64
2592.52,-22.858351274875947,-43.296744959698415,2548,1782.56,0.457,0.0017,1.67
2592.52,-22.858124790649356,-43.28008126775039,2794,1782.56,0.463,0.0016,1.95
2592.52,-22.84903284183012,-43.300378668090225,2506,1782.56,0.426,0.0018,1.6
2592.52,-22.882739662015414,-43.27436970845517,2947,1782.56,0.499,0.0015,1.72
2592.52,-22.86221497512879,-43.30516514856493,2809,1782.56,0.498,0.0018,1.7
2592.52,-22.889737591711263,-43.27804566482924,2801,1782.56,0.419,0.0019,1.58
2592.53,-22.891804245638014,-43.32012754327931,2811,1782.56,0.456,0.0019,1.84
2592.53,-22.874148355983735,-43.30891140765203,2840,1782.56,0.472,0.0016,1.61
2592.53,-22.887948219818295,-43.291290460786755,2839,1782.56,0.489,0.0018,1.9
2592.53,-22.88140571261693,-43.31563277652367,2821,1782.56,0.489,0.0016,1.5
2592.53,-22.862128139552905,-43.313939096711664,2746,1782.56,0.418,0.0016,1.58
2592.53,-22.88150700142016,-43.27882017150691,2670,1782.56,0.435,0.0016,1.85
2592.53,-22.88472486045064,-43.29643285206332,2839,1782.56,0.437,0.0018,1.56
2592.54,-22.87857289987672,-43.29592354266078,2612,1782.56,0.467,0.0015,1.57
2592.54,-22.856268461025326,-43.28601419506252,2740,1782.56,0.43,0.0016,1.6
2592.54,-22.884732663468814,-43.31628033887517,2978,1782.56,0.446,0.0018,1.86
2592.54,-22.855536186537016,-43.289990506140114,2978,1782.56,0.417,0.0015,1.82
2592.54,-22.889858924555448,-43.32333760286029,2940,1782.56,0.471,0.0015,1.72
2592.54,-22.867230008683155,-43.2898652432337,2718,1782.56,0.432,0.0019,1.98
2592.54,-22.86639865047928,-43.278186064407635,2741,1782.56,0.495,0.0019,1.87
2592.54,-22.88347249931642,-43.30216835806813,2705,1782.56,0.461,0.0017,1.85
2592.54,-22.85340758185386,-43.301772407423,2932,1782.56,0.401,0.0016,1.6
2592.62,-22.889129492842276,-43.31751945952847,2705,1782.56,0.491,0.0015,1.92
2592.62,-22.85945488457674,-43.326512509270515,2764,1782.56,0.419,0.0015,1.95
2592.62,-22.85498734811861,-43.30331227430829,2884,1782.56,0.412,0.0016,1.53
2592.62,-22.86930710621118,-43.28819467148683,2743,1782.56,0.428,0.0019,1.91
2592.62,-22.8669795169636,-43.312729395744626,2708,1782.56,0.447,0.0015,1.63
2592.62,-22.867917985966464,-43.31159846022739,2895,1782.56,0.46,0.0015,1.95
2592.67,-22.88140571261693,-43.31563277652367,2693,1782.56,0.44,0.0019,1.82
2592.67,-22.883574977580775,-43.33156741874061,2574,1782.56,0.417,0.0015,1.87
2592.67,-22.874749136095733,-43.280831642689,2761,1782.56,0.46,0.0018,1.95
2592.67,-22.870061319264384,-43.33215504327575,2908,1782.56,0.457,0.0015,1.95
2592.67,-22.875231775363595,-43.27410490241185,2747,1782.56,0.415,0.0015,1.56
2592.67,-22.887155516722924,-43.305234974339086,2767,1782.56,0.42,0.0015,1.73
2592.67,-22.869611223913218,-43.29033624211841,2967,1782.56,0.49,0.0016,1.68
2592.67,-22.869611223913218,-43.29033624211841,2887,1782.56,0.419,0.0017,1.92
2592.67,-22.871774502158384,-43.27347256112669,2645,1782.56,0.423,0.0018,1.51
2592.67,-22.86540222513423,-43.27693918854471,2849,1782.56,0.454,0.0015,1.54
2592.67,-22.86788511315902,-43.26719534948081,2991,1782.56,0.489,0.0017,1.5
2592.67,-22.87247266811023,-43.29552183360868,2572,1782.56,0.498,0.0016,1.74
2592.67,-22.875992561398327,-43.29201624175736,2781,1782.56,0.499,0.0017,1.51
2592.67,-22.8749931650182,-43.30265604007292,2963,1782.56,0.486,0.0015,1.67
2592.67,-22.88472486045064,-43.29643285206332,2976,1782.56,0.424,0.0015,1.79
2592.67,-22.864211710200387,-43.29555600835499,2576,1782.56,0.488,0.0017,1.75
2592.68,-22.87247266811023,-43.29552183360868,2792,1782.56,0.466,0.0018,1.69
2592.68,-22.886732583417785,-43.33823308647097,2590,1782.56,0.448,0.0016,1.8
2592.68,-22.872518736807113,-43.322314380754484,2789,1782.56,0.487,0.0017,1.89
2592.68,-22.87249509232537,-43.273899684259206,2550,1782.56,0.479,0.0015,1.57
2592.68,-22.861735960842314,-43.294302778628925,2727,1782.56,0.427,0.0017,1.5
2592.68,-22.867917985966464,-43.31159846022739,2507,1782.56,0.453,0.0017,1.54
2592.73,-22.885084361492257,-43.28521909640368,2935,1782.56,0.452,0.0015,1.98
2592.73,-22.856479363937087,-43.29586271323093,2988,1782.56,0.456,0.0017,1.84
2592.73,-22.85340758185386,-43.301772407423,2624,1782.56,0.46,0.0015,1.79
2592.73,-22.88145053345863,-43.31795462036982,2770,1782.56,0.448,0.0016,1.84
2592.73,-22.87589257716541,-43.28796019074052,2880,1782.56,0.491,0.0015,1.91
2592.73,-22.89107709067145,-43.2828255366687,2860,1782.56,0.429,0.0017,1.77
2592.73,-22.870064152026032,-43.332426309660676,2914,1782.56,0.444,0.0018,1.83
2592.73,-22.870459567523028,-43.29559138021254,2605,1782.56,0.495,0.0016,1.54
2592.73,-22.86493449045638,-43.28912110732493,2582,1782.56,0.474,0.0017,1.68
2592.73,-22.86930710621118,-43.28819467148683,2959,1782.56,0.485,0.0018,1.6
2592.73,-22.887985146995945,-43.281412996317925,2864,1782.56,0.482,0.0019,1.6
2592.73,-22.857290769753895,-43.328348659412804,2925,1782.56,0.429,0.0018,1.99
2592.73,-22.887948219818295,-43.291290460786755,2807,1782.56,0.48,0.0018,1.66
2592.73,-22.89412830948375,-43.27630798894939,2637,1782.56,0.429,0.0017,1.78
2592.73,-22.8923504582542,-43.277742797797735,2585,1782.56,0.435,0.0018,1.65
2592.73,-22.895958184072008,-43.329875786471284,2713,1782.56,0.401,0.0016,1.99
2592.73,-22.884615370405403,-43.336687407352116,2728,1782.56,0.435,0.0016,1.99
2592.73,-22.855536186537016,-43.289990506140114,2624,1782.56,0.405,0.0019,1.58
2592.73,-22.873643934246797,-43.295536094821664,2883,1782.56,0.47,0.0015,1.87
2592.73,-22.88140571261693,-43.31563277652367,2615,1782.56,0.429,0.0017,1.74
2592.73,-22.888734687164735,-43.29191620907745,2974,1782.56,0.469,0.0015,1.85
2592.73,-22.85592316671847,-43.30877386920199,2550,1782.56,0.409,0.0017,1.99
2592.73,-22.86493449045638,-43.28912110732493,2849,1782.56,0.418,0.0019,1.52
2592.73,-22.856733691680848,-43.31181063497515,2920,1782.56,0.462,0.0016,1.7
2592.73,-22.871822805042193,-43.283667704162596,2971,1782.56,0.484,0.0019,1.81
2592.73,-22.88419594579328,-43.28506952767958,2894,1782.56,0.432,0.0016,1.78
2592.73,-22.88589617068067,-43.28669426317693,2813,1782.56,0.403,0.0019,1.81
2592.73,-22.88322984648596,-43.28421464468421,2829,1782.56,0.474,0.0015,1.51
2592.73,-22.881333419710195,-43.321184370785694,2577,1782.56,0.42,0.0017,1.55
2592.73,-22.876164868609784,-43.286342101979244,2910,1782.56,0.425,0.0019,1.76
2592.75,-22.858356114030986,-43.31224354083034,2871,1782.56,0.413,0.0019,1.5
2592.75,-22.870206340591764,-43.278809172268794,2751,1782.56,0.413,0.0018,1.96
2592.75,-22.888255012773346,-43.28595440982584,2976,1782.56,0.482,0.0016,1.91
2592.75,-22.874010689225567,-43.319107440956024,2576,1782.56,0.433,0.0019,1.68
2592.75,-22.890123849533225,-43.292946678367834,2749,1782.56,0.472,0.0019,1.75
2592.75,-22.8685102980563,-43.28049395655852,2588,1782.56,0.497,0.0019,1.71
2592.75,-22.869611223913218,-43.29033624211841,2851,1782.56,0.428,0.0015,1.53
2592.75,-22.88150700142016,-43.27882017150691,2694,1782.56,0.413,0.0018,1.51
2592.75,-22.865391656096406,-43.29681388799275,2727,1782.56,0.407,0.0017,1.58
2592.77,-22.863415548060487,-43.323317634222505,2985,1782.56,0.404,0.0015,1.72
2592.77,-22.897828521923,-43.32076240791066,2965,1782.56,0.478,0.0016,1.56
2592.77,-22.88078056851191,-43.322729273656115,2820,1782.56,0.46,0.0019,1.83
2592.77,-22.862856612777097,-43.32606449715569,2917,1782.56,0.439,0.0017,1.72
2592.77,-22.882162080687223,-43.31894566364465,2974,1782.56,0.413,0.0018,1.89
2592.77,-22.88742514405326,-43.27609989812992,2816,1782.56,0.434,0.0019,1.92
2592.77,-22.874593114721886,-43.29506176950043,2712,1782.56,0.468,0.0017,1.62
2592.77,-22.8747783615419,-43.27590700942373,2892,1782.56,0.449,0.0017,1.95
2592.77,-22.886016004221272,-43.27209761929771,2507,1782.56,0.456,0.0015,1.61
2592.77,-22.859824926994264,-43.333258221906284,2543,1782.56,0.459,0.0016,1.54
2592.77,-22.861214375839822,-43.28923371270044,2664,1782.56,0.495,0.0016,1.83
2592.77,-22.89470308630807,-43.32551035541433,2754,1782.56,0.431,0.0016,1.61
2592.77,-22.88520284739984,-43.304851073840815,2991,1782.56,0.447,0.0019,1.74
2592.77,-22.868027495114074,-43.27200289825699,2620,1782.56,0.424,0.0019,1.71
2592.79,-22.87263357888963,-43.312198126796915,2866,1782.56,0.469,0.0018,1.74
2592.79,-22.87177941225251,-43.28417908973632,2790,1782.56,0.412,0.0016,1.56
2592.79,-22.858628339397463,-43.29865405889191,2977,1782.56,0.439,0.0017,1.75
2592.79,-22.85340758185386,-43.301772407423,2579,1782.56,0.497,0.0018,1.83
2592.79,-22.86639865047928,-43.278186064407635,2749,1782.56,0.464,0.0019,1.94
2592.79,-22.895008198056836,-43.33039785933877,2922,1782.56,0.43,0.0016,1.56
2592.79,-22.885269744638116,-43.31286410873418,2736,1782.56,0.404,0.0018,1.86
2592.79,-22.87581963627435,-43.27661797543457,2759,1782.56,0.448,0.0019,1.52
2592.79,-22.855536186537016,-43.289990506140114,2584,1782.56,0.496,0.0018,1.89
2592.79,-22.858273209561837,-43.27801793683567,2769,1782.56,0.468,0.0016,1.82
2592.79,-22.8593406230216,-43.30664764460924,2939,1782.56,0.466,0.0015,1.96
2592.79,-22.87208535551471,-43.292984902810836,2878,1782.56,0.493,0.0018,1.86
2592.8,-22.873190774124623,-43.32110949394854,2547,1782.56,0.41,0.0017,1.66
2592.8,-22.884615370405403,-43.336687407352116,2588,1782.56,0.462,0.0019,1.96
2592.8,-22.888149570635296,-43.2739540544441,2820,1782.56,0.43,0.0018,1.79
2592.8,-22.87618256645411,-43.30423725012878,2976,1782.56,0.473,0.0019,1.78
2592.8,-22.882159172943954,-43.32345251271192,2571,1782.56,0.429,0.0019,1.85
2592.8,-22.894768460259577,-43.325108224624465,2866,1782.56,0.466,0.0017,1.58
2592.8,-22.869061768283025,-43.31704078257435,2758,1782.56,0.403,0.0019,1.83
2592.8,-22.887528723398574,-43.297279915342905,2594,1782.56,0.488,0.0019,1.71
2592.81,-22.845181025238592,-43.30895042890004,2813,1782.56,0.414,0.0018,1.66
2592.81,-22.885118611594255,-43.3058813521704,2910,1782.56,0.425,0.0018,1.87
2592.81,-22.860754225324428,-43.280699409222365,2757,1782.56,0.47,0.0015,1.59
2592.81,-22.888055757576428,-43.308529388417405,2846,1782.56,0.475,0.0017,1.84
2592.81,-22.884215047491185,-43.286962960829634,2919,1782.56,0.442,0.0016,1.58
2592.81,-22.86411762234615,-43.28076398939773,2862,1782.56,0.462,0.0015,1.71
2592.81,-22.874419027380306,-43.28372126720013,2598,1782.56,0.489,0.0017,1.82
2592.81,-22.876600058653487,-43.294176986899174,2990,1782.56,0.444,0.0018,1.92
2592.81,-22.869938702555682,-43.33162323026781,2938,1782.56,0.421,0.0019,1.87
2592.81,-22.8669795169636,-43.312729395744626,2502,1782.56,0.462,0.0018,1.99
2592.81,-22.887155516722924,-43.305234974339086,2764,1782.56,0.422,0.0017,1.52
2592.83,-22.869733404200566,-43.281761550640105,2924,1782.56,0.427,0.0016,1.79
2592.83,-22.874302246649084,-43.30702553844383,2962,1782.56,0.471,0.0017,1.98
2592.83,-22.89189318600961,-43.335384174879266,2944,1782.56,0.448,0.0017,1.98
2592.83,-22.874148355983735,-43.30891140765203,2723,1782.56,0.431,0.0015,1.85
2592.83,-22.875515460916926,-43.31069020128653,2843,1782.56,0.409,0.0016,1.91
2592.83,-22.86611212503453,-43.29434089636883,2576,1782.56,0.465,0.0016,1.97
2592.83,-22.861399187668834,-43.2926565648536,2672,1782.56,0.451,0.0016,1.83
2592.83,-22.86144821698873,-43.32954653473449,2805,1782.56,0.45,0.0017,1.56
2592.83,-22.863117302560145,-43.309960029963165,2670,1782.56,0.414,0.0016,1.98
2592.83,-22.883044621550756,-43.27253070149058,2765,1782.56,0.41,0.0016,1.64
2592.83,-22.8923504582542,-43.277742797797735,2675,1782.56,0.479,0.0015,1.93
2592.83,-22.89349781095011,-43.27513011000819,2758,1782.56,0.412,0.0017,1.51
2592.83,-22.87358421777799,-43.317387793603004,2909,1782.56,0.492,0.0016,1.61
2592.83,-22.88735265443355,-43.27389247149932,2987,1782.56,0.476,0.0017,1.9
2592.83,-22.889737591711263,-43.27804566482924,2828,1782.56,0.412,0.0016,1.97
2592.83,-22.889578146447786,-43.331262264623696,2551,1782.56,0.46,0.0017,1.61
2592.83,-22.87167666549464,-43.32423136498003,2759,1782.56,0.469,0.0018,1.5
2592.91,-22.865538431199276,-43.291757177954814,2685,1782.56,0.42,0.0017,1.66
2592.91,-22.871406185960076,-43.30176403728605,2828,1782.56,0.498,0.0018,1.71
2592.91,-22.874492997743786,-43.312444693851766,2789,1782.56,0.434,0.0015,1.79
2592.91,-22.866156674570156,-43.270982692369834,2762,1782.56,0.403,0.0016,1.75
2592.91,-22.850737790702134,-43.31314228510718,2794,1782.56,0.499,0.0017,1.78
2592.91,-22.8750334597687,-43.29253179376653,2729,1782.56,0.466,0.0015,1.66
2592.91,-22.87292101376026,-43.2849722770823,2933,1782.56,0.409,0.0019,1.84
2592.97,-22.89148264713646,-43.27986645003522,2710,1782.56,0.411,0.0017,1.76
2592.97,-22.868487159399706,-43.30384138737934,2889,1782.56,0.466,0.0016,1.78
2592.97,-22.87177941225251,-43.28417908973632,2941,1782.56,0.407,0.0017,1.72
2592.97,-22.890074402587583,-43.28066188235112,2972,1782.56,0.465,0.0019,1.95
2592.97,-22.894448313775243,-43.32140260734481,2722,1782.56,0.489,0.0018,1.85
2592.97,-22.86498400160477,-43.28216548273183,2801,1782.56,0.43,0.0017,1.81
2592.97,-22.89821201384601,-43.32804152699613,2980,1782.56,0.494,0.0015,1.97
2592.97,-22.875515460916926,-43.31069020128653,2726,1782.56,0.488,0.0018,1.97
2593.02,-22.8710839047058,-43.28359471863838,2975,1782.56,0.487,0.0016,1.72
2593.02,-22.878938327788468,-43.3265110096202,2660,1782.56,0.453,0.0017,1.68
2593.02,-22.889755566209402,-43.26860091856575,2667,1782.56,0.433,0.0018,1.98
2593.02,-22.895625375970848,-43.3260810347732,2791,1782.56,0.472,0.0017,1.68
2593.09,-22.876541212193533,-43.32981029734441,2540,1782.56,0.405,0.0019,1.86
2593.09,-22.871228999758696,-43.29926589816055,2936,1782.56,0.474,0.0016,1.69
2593.09,-22.861399187668834,-43.2926565648536,2515,1782.56,0.474,0.0019,1.94
2593.09,-22.87908092616878,-43.31852261625576,2942,1782.56,0.411,0.0019,1.95
2593.09,-22.85080734028682,-43.29206683784505,2804,1782.56,0.411,0.0018,1.53
2593.09,-22.892895319049963,-43.316131804558516,2913,1782.56,0.462,0.0016,1.58
2593.09,-22.87208535551471,-43.292984902810836,2974,1782.56,0.464,0.0017,1.99
2593.1,-22.85203244933537,-43.292673874031166,2535,1782.56,0.429,0.0017,1.86
2593.1,-22.84903284183012,-43.300378668090225,2520,1782.56,0.487,0.0019,1.56
2593.1,-22.85340758185386,-43.301772407423,2904,1782.56,0.404,0.0017,1.58
2593.1,-22.888970419873544,-43.276900447868826,2888,1782.56,0.43,0.0019,1.98
2593.1,-22.873643934246797,-43.295536094821664,2614,1782.56,0.404,0.0015,1.78
2593.1,-22.87857289987672,-43.29592354266078,2706,1782.56,0.452,0.0017,1.85
2593.1,-22.89021611070215,-43.328895411526545,2630,1782.56,0.461,0.0017,1.72
2593.1,-22.89214807653393,-43.32199924007791,2847,1782.56,0.452,0.0016,1.93
2593.1,-22.869733404200566,-43.281761550640105,2756,1782.56,0.473,0.0015,1.78
2593.1,-22.861399187668834,-43.2926565648536,2772,1782.56,0.452,0.0016,1.79
2593.11,-22.863117302560145,-43.309960029963165,2556,1782.56,0.417,0.0018,1.93
2593.11,-22.888055757576428,-43.308529388417405,2892,1782.56,0.415,0.0015,1.53
2593.11,-22.881687513370636,-43.298275699900664,2808,1782.56,0.438,0.0018,1.78
2593.11,-22.88990044773605,-43.27986962630341,2682,1782.56,0.451,0.0019,1.56
2593.11,-22.885226044959932,-43.309720499147424,2555,1782.56,0.435,0.0015,1.81
2593.11,-22.86143205741137,-43.3229601040728,2650,1782.56,0.407,0.0015,1.53
2593.12,-22.894768460259577,-43.325108224624465,2570,1782.56,0.42,0.0018,1.97
2593.12,-22.871185631521833,-43.334161501074995,2991,1782.56,0.471,0.0019,1.79
2593.12,-22.85936162084503,-43.290536673132685,2862,1782.56,0.461,0.0016,1.52
2593.12,-22.882544299338996,-43.30102470888667,2568,1782.56,0.463,0.0019,1.71
2593.12,-22.884615370405403,-43.336687407352116,2933,1782.56,0.48,0.0019,1.61
2593.12,-22.86143205741137,-43.3229601040728,2549,1782.56,0.425,0.0015,1.87
2593.12,-22.871134197001645,-43.3324209229417,2880,1782.56,0.449,0.0016,1.84
2593.12,-22.88472486045064,-43.29643285206332,2833,1782.56,0.438,0.0015,1.65
2593.15,-22.87015350840377,-43.31876750576074,2756,1782.56,0.426,0.0018,1.77
2593.15,-22.87308331657023,-43.305089464569086,2883,1782.56,0.425,0.0017,1.96
2593.15,-22.87247873307881,-43.277549008332294,2594,1782.56,0.441,0.0016,1.54
2593.15,-22.872639053563336,-43.3191439334825,2504,1782.56,0.407,0.0018,1.64
2593.15,-22.874655271160172,-43.31538291312141,2677,1782.56,0.425,0.0017,1.8
2593.16,-22.864211710200387,-43.29555600835499,2661,1782.56,0.446,0.0015,1.83
2593.16,-22.865538431199276,-43.291757177954814,2779,1782.56,0.473,0.0019,1.94
2593.16,-22.860754225324428,-43.280699409222365,2838,1782.56,0.412,0.0017,1.53
2593.16,-22.861399187668834,-43.2926565648536,2527,1782.56,0.418,0.0016,1.66
2593.16,-22.879885961699628,-43.295482481050094,2719,1782.56,0.415,0.0016,1.61
2593.16,-22.889858924555448,-43.32333760286029,2875,1782.56,0.434,0.0017,1.8
2593.16,-22.878978779701757,-43.32289371663875,2723,1782.56,0.434,0.0015,1.56
2593.18,-22.885270044065155,-43.31713716374416,2760,1782.56,0.474,0.0017,1.73
2593.18,-22.853413249490533,-43.30317161329989,2562,1782.56,0.485,0.0017,1.75
2593.18,-22.89821201384601,-43.32804152699613,2714,1782.56,0.483,0.0016,1.69
2593.18,-22.88307532763262,-43.29773034317116,2581,1782.56,0.424,0.0015,1.84
2593.18,-22.865683622380516,-43.310260791624906,2621,1782.56,0.415,0.0017,1.84
2593.18,-22.880560041804536,-43.29814507974918,2755,1782.56,0.452,0.0019,1.82
2593.18,-22.86639865047928,-43.278186064407635,2846,1782.56,0.499,0.0015,1.82
2593.18,-22.87249509232537,-43.273899684259206,2777,1782.56,0.42,0.0018,1.85
2593.18,-22.87070395523622,-43.28421036286542,2638,1782.56,0.418,0.0016,1.83
2593.2,-22.858356114030986,-43.31224354083034,2568,1782.56,0.496,0.0018,1.93
2593.2,-22.88138736370065,-43.28312116559284,2630,1782.56,0.424,0.0018,1.82
2593.2,-22.87070395523622,-43.28421036286542,2850,1782.56,0.49,0.0018,1.93
2593.2,-22.871719493758746,-43.27828847121003,2977,1782.56,0.4,0.0015,1.78
2593.2,-22.876600058653487,-43.294176986899174,2900,1782.56,0.464,0.0019,1.66
2593.21,-22.8776379226127,-43.306554287574436,2934,1782.56,0.447,0.0017,1.91
2593.21,-22.86367394666999,-43.297294159494605,2895,1782.56,0.442,0.0019,1.65
2593.21,-22.864211710200387,-43.29555600835499,2770,1782.56,0.41,0.0019,1.67
2593.21,-22.858356114030986,-43.31224354083034,2750,1782.56,0.47,0.0017,1.52
2593.21,-22.864249254248662,-43.32248206560194,2858,1782.56,0.413,0.0019,1.9
2593.21,-22.875231775363595,-43.27410490241185,2513,1782.56,0.482,0.0017,1.98
2593.21,-22.894539834845414,-43.31941796101164,2739,1782.56,0.47,0.0015,1.55
2593.24,-22.84903284183012,-43.300378668090225,2624,1782.56,0.455,0.0019,1.69
2593.24,-22.859824926994264,-43.333258221906284,2988,1782.56,0.424,0.0018,1.59
2593.24,-22.867458399570957,-43.268782955277885,2776,1782.56,0.498,0.0019,1.99
2593.24,-22.866754144869372,-43.306332011179705,2775,1782.56,0.457,0.0019,1.76
2593.24,-22.888149570635296,-43.2739540544441,2572,1782.56,0.495,0.0019,1.82
2593.24,-22.89821201384601,-43.32804152699613,2606,1782.56,0.428,0.0017,1.54
2593.24,-22.89796189835094,-43.329479329006716,2588,1782.56,0.426,0.0017,1.98
2593.28,-22.874805283167667,-43.288730385204914,2528,1782.56,0.435,0.0017,1.57
2593.28,-22.86498400160477,-43.28216548273183,2613,1782.56,0.437,0.0017,1.78
2593.28,-22.869300268927798,-43.332347474286664,2961,1782.56,0.428,0.0015,1.64
2593.28,-22.85832227579783,-43.307138207596104,2572,1782.56,0.406,0.0019,1.81
2593.28,-22.87853141539161,-43.29876377217909,2913,1782.56,0.406,0.0015,1.57
2593.28,-22.889129492842276,-43.31751945952847,2808,1782.56,0.481,0.0019,1.95
2593.29,-22.861140585512423,-43.28010575292516,2619,1782.56,0.421,0.0018,1.81
2593.29,-22.845248759869055,-43.3032342222112,2616,1782.56,0.469,0.0018,1.6
2593.29,-22.874749136095733,-43.280831642689,2865,1782.56,0.413,0.0015,1.78
2593.29,-22.869616302038466,-43.296865451879185,2543,1782.56,0.481,0.0015,1.58
2593.29,-22.887985146995945,-43.281412996317925,2626,1782.56,0.493,0.0015,1.89
2593.29,-22.85832227579783,-43.307138207596104,2866,1782.56,0.499,0.0019,1.67
2593.29,-22.87858325346472,-43.27939380830951,2791,1782.56,0.488,0.0016,1.75
2593.29,-22.874937783792504,-43.31494440611707,2877,1782.56,0.488,0.0017,1.73
2593.29,-22.89148264713646,-43.27986645003522,2543,1782.56,0.476,0.0018,1.81
2593.31,-22.85320099357766,-43.28998429458865,2735,1782.56,0.497,0.0017,1.62
2593.31,-22.88429130419991,-43.32979618231325,2813,1782.56,0.439,0.0016,1.96
2593.31,-22.857290769753895,-43.328348659412804,2724,1782.56,0.477,0.0016,1.54
2593.31,-22.874522011482487,-43.28315346692239,2662,1782.56,0.444,0.0015,1.61
2593.31,-22.89465966178841,-43.2903759655431,2594,1782.56,0.414,0.0019,1.62
2593.31,-22.85728372610451,-43.31757331912454,2744,1782.56,0.447,0.0019,1.65
2593.31,-22.865266583287077,-43.32937373118127,2956,1782.56,0.404,0.0015,1.53
2593.31,-22.88807446890354,-43.28263784741499,2782,1782.56,0.48,0.0017,1.74
2593.35,-22.872518736807113,-43.322314380754484,2554,1782.56,0.4,0.0018,1.96
2593.35,-22.887985146995945,-43.281412996317925,2856,1782.56,0.433,0.0017,1.82
2593.35,-22.895625375970848,-43.3260810347732,2712,1782.56,0.447,0.0019,1.59
2593.35,-22.881687513370636,-43.298275699900664,2601,1782.56,0.471,0.0016,1.5
2593.35,-22.882739662015414,-43.27436970845517,2984,1782.56,0.41,0.0017,1.58
2593.35,-22.86149760224237,-43.29288947173588,2539,1782.56,0.413,0.0016,1.89
2593.35,-22.886989975572032,-43.32263336577382,2902,1782.56,0.41,0.0017,1.74
2593.35,-22.876723085458455,-43.273922116031265,2838,1782.56,0.451,0.0019,1.81
2593.35,-22.884561946601494,-43.27513063556018,2866,1782.56,0.457,0.0019,1.57
2593.35,-22.8787675650818,-43.31412382741355,2911,1782.56,0.405,0.0018,1.54
2593.35,-22.855454774937616,-43.33103974650509,2808,1782.56,0.453,0.0019,1.83
2593.36,-22.85728372610451,-43.31757331912454,2612,1782.56,0.475,0.0015,1.96
2593.36,-22.889457716445055,-43.32113741309723,2707,1782.56,0.435,0.0017,1.66
2593.36,-22.866754144869372,-43.306332011179705,2921,1782.56,0.412,0.0015,1.58
2593.36,-22.874712394502676,-43.28282881436501,2956,1782.56,0.419,0.0018,1.55
2593.36,-22.869611223913218,-43.29033624211841,2659,1782.56,0.433,0.0016,1.94
2593.36,-22.889737591711263,-43.27804566482924,2512,1782.56,0.401,0.0017,1.85
2593.38,-22.85666281988155,-43.32044612425553,2937,1782.56,0.488,0.0015,1.59
2593.38,-22.875658493568537,-43.27778648299565,2761,1782.56,0.426,0.0017,1.92
2593.38,-22.867230008683155,-43.2898652432337,2873,1782.56,0.452,0.0019,1.54
2593.38,-22.88864127331701,-43.293615823968004,2624,1782.56,0.409,0.0016,1.64
2593.38,-22.883867251671116,-43.30251603805003,2898,1782.56,0.413,0.0015,1.6
2593.38,-22.882743437189614,-43.29366959255035,2980,1782.56,0.412,0.0016,1.77
2593.38,-22.874302246649084,-43.30702553844383,2999,1782.56,0.493,0.0019,1.89
2593.4,-22.87817590036917,-43.32492949267456,2926,1782.56,0.452,0.0016,1.77
2593.4,-22.871822805042193,-43.283667704162596,2767,1782.56,0.425,0.0016,1.89
2593.4,-22.897946430730556,-43.28184756803383,2621,1782.56,0.42,0.0016,1.61
2593.4,-22.870061319264384,-43.33215504327575,2529,1782.56,0.408,0.0016,1.61
2593.4,-22.888055757576428,-43.308529388417405,2937,1782.56,0.413,0.0019,1.98
2593.4,-22.861532363431817,-43.29386874824151,2765,1782.56,0.444,0.0015,1.65
2593.4,-22.8584415454567,-43.30047382902333,2538,1782.56,0.482,0.0018,1.51
2593.41,-22.886047324390628,-43.30557136326686,2525,1782.56,0.472,0.0019,1.72
2593.41,-22.893061988077097,-43.27244154222657,2639,1782.56,0.401,0.0017,1.84
2593.41,-22.89656803123219,-43.28051317443747,2500,1782.56,0.437,0.0019,1.7
2593.41,-22.88078056851191,-43.322729273656115,2655,1782.56,0.498,0.0015,1.52
2593.44,-22.8710839047058,-43.28359471863838,2506,1782.56,0.446,0.0015,1.51
2593.44,-22.89200525941612,-43.28187526446192,2747,1782.56,0.479,0.0017,1.66
2593.44,-22.85666281988155,-43.32044612425553,2754,1782.56,0.448,0.0019,1.8
2593.44,-22.869805953313453,-43.28972292657455,2747,1782.56,0.496,0.0016,1.79
2593.44,-22.85498734811861,-43.30331227430829,2811,1782.56,0.441,0.0016,1.61
2593.44,-22.887985146995945,-43.281412996317925,2518,1782.56,0.438,0.0017,1.87
2593.44,-22.85728372610451,-43.31757331912454,2713,1782.56,0.438,0.0019,1.65
2593.44,-22.886789936011343,-43.31585082403175,2654,1782.56,0.488,0.0017,1.82
2593.44,-22.888342059087126,-43.29880050477733,2633,1782.56,0.43,0.0015,1.9
2593.44,-22.886843205699535,-43.302088601823655,2718,1782.56,0.454,0.0017,1.54
2593.44,-22.85815950122837,-43.305398189772106,2929,1782.56,0.489,0.0019,1.95
2593.44,-22.88307532763262,-43.29773034317116,2604,1782.56,0.408,0.0015,1.64
2593.46,-22.854654876535424,-43.289472715881146,2815,1782.56,0.464,0.0016,1.85
2593.46,-22.878082994140353,-43.310192460343124,2894,1782.56,0.439,0.0019,1.6
2593.46,-22.855536186537016,-43.289990506140114,2847,1782.56,0.476,0.0016,1.73
2593.46,-22.866754144869372,-43.306332011179705,2917,1782.56,0.42,0.0019,1.86
2593.46,-22.868942374687943,-43.27206471105248,2589,1782.56,0.467,0.0016,1.77
2593.46,-22.8750334597687,-43.29253179376653,2920,1782.56,0.406,0.0016,1.78
2593.46,-22.863888243428022,-43.28576933991444,2641,1782.56,0.459,0.0019,1.71
2593.46,-22.874712394502676,-43.28282881436501,2518,1782.56,0.467,0.0019,1.74
2593.46,-22.897946430730556,-43.28184756803383,2854,1782.56,0.425,0.0017,1.54
2593.46,-22.872518736807113,-43.322314380754484,2538,1782.56,0.443,0.0016,1.86
2593.46,-22.87029486590473,-43.33249884454889,2579,1782.56,0.408,0.0019,1.56
2593.46,-22.876346337075056,-43.31832463409336,2827,1782.56,0.423,0.0019,1.5
2593.46,-22.8619828521923,-43.32818924833407,2529,1782.56,0.425,0.0016,1.94
2593.46,-22.871397972907403,-43.28322139568482,2580,1782.56,0.487,0.0018,1.96
2593.46,-22.87581963627435,-43.27661797543457,2921,1782.56,0.447,0.0017,1.59
2593.46,-22.859308857747987,-43.31502500596901,2724,1782.56,0.419,0.0017,1.69
2593.46,-22.882822150903383,-43.319929977033766,2772,1782.56,0.425,0.0018,1.69
2593.47,-22.85691383798527,-43.32369838040761,2523,1782.56,0.413,0.0017,1.82
2593.47,-22.869805953313453,-43.28972292657455,2803,1782.56,0.449,0.0016,1.64
2593.47,-22.876723085458455,-43.273922116031265,2975,1782.56,0.444,0.0018,1.53
2593.47,-22.85023684649563,-43.298567292399085,2935,1782.56,0.455,0.0019,1.76
2593.47,-22.868487159399706,-43.30384138737934,2635,1782.56,0.407,0.0018,1.72
2593.47,-22.884215047491185,-43.286962960829634,2860,1782.56,0.411,0.0018,1.8
2593.47,-22.87857289987672,-43.29592354266078,2666,1782.56,0.468,0.0017,1.9
2593.47,-22.887463762016246,-43.279058954052026,2555,1782.56,0.451,0.0017,1.65
2593.5,-22.861630139363438,-43.31338349982406,2714,1782.56,0.445,0.0019,1.97
2593.5,-22.883044621550756,-43.27253070149058,2636,1782.56,0.459,0.0015,1.6
2593.5,-22.871209003769785,-43.305739958086846,2590,1782.56,0.416,0.0019,1.73
2593.5,-22.870076345915614,-43.277950719324274,2879,1782.56,0.421,0.0018,1.67
2593.5,-22.887776573581203,-43.28318743141474,2846,1782.56,0.431,0.0015,1.69
2593.5,-22.85658774011582,-43.29605023595669,2517,1782.56,0.403,0.0018,1.96
2593.5,-22.87263357888963,-43.312198126796915,2921,1782.56,0.423,0.0015,1.88
2593.5,-22.876541212193533,-43.32981029734441,2755,1782.56,0.49,0.0018,1.64
2593.5,-22.882825235894607,-43.300401548289734,2926,1782.56,0.49,0.0016,1.6
2593.5,-22.893322125393574,-43.29054330329289,2664,1782.56,0.442,0.0017,1.87
2593.5,-22.866180673539375,-43.29255772244056,2795,1782.56,0.491,0.0016,1.68
2593.54,-22.881551873077655,-43.333125831061146,2998,1782.56,0.444,0.0016,1.82
2593.54,-22.871213697020938,-43.306677884270364,2642,1782.56,0.427,0.0015,1.75
2593.54,-22.88427167832591,-43.32092673906297,2770,1782.56,0.401,0.0015,1.96
2593.54,-22.865266583287077,-43.32937373118127,2864,1782.56,0.468,0.0018,1.83
2593.54,-22.887790193505836,-43.314164524382306,2844,1782.56,0.461,0.0017,1.95
2593.54,-22.870440572821785,-43.29706772608022,2960,1782.56,0.477,0.0018,1.64
2593.54,-22.882354539195187,-43.334620799942,2948,1782.56,0.41,0.0015,1.67
2593.54,-22.853473621389476,-43.30340894163149,2717,1782.56,0.406,0.0018,1.64
2593.54,-22.869647425864212,-43.326493151495754,2634,1782.56,0.412,0.0015,1.52
2593.54,-22.881333419710195,-43.321184370785694,2720,1782.56,0.451,0.0016,1.98
2593.54,-22.87486612122775,-43.279707456444505,2816,1782.56,0.488,0.0016,1.89
2593.54,-22.869194574702586,-43.30490939599209,2990,1782.56,0.484,0.0015,1.91
2593.54,-22.895007079686994,-43.32139147487483,2700,1782.56,0.472,0.0019,1.54
2593.54,-22.876723085458455,-43.273922116031265,2644,1782.56,0.409,0.0016,1.79
2593.54,-22.876541212193533,-43.32981029734441,2720,1782.56,0.408,0.0017,1.51
2593.54,-22.88789896745282,-43.321186846750706,2976,1782.56,0.416,0.0017,1.66
2593.54,-22.85490725184812,-43.31305508257125,2582,1782.56,0.489,0.0018,1.6
2593.57,-22.858077548881493,-43.2752935821443,2679,1782.56,0.471,0.0018,1.52
2593.57,-22.865542753893855,-43.27607840214181,2845,1782.56,0.462,0.0017,1.65
2593.57,-22.890074402587583,-43.28066188235112,2715,1782.56,0.447,0.0019,1.59
2593.57,-22.852607422648404,-43.298626277056655,2700,1782.56,0.441,0.0019,1.71
2593.57,-22.887155516722924,-43.305234974339086,2983,1782.56,0.445,0.0016,1.93
2593.57,-22.870385783458357,-43.292127689221395,2742,1782.56,0.489,0.0017,1.52
2593.57,-22.88864127331701,-43.293615823968004,2840,1782.56,0.416,0.0015,1.85
2593.57,-22.861140585512423,-43.28010575292516,2756,1782.56,0.433,0.0016,1.76
2593.57,-22.88789896745282,-43.321186846750706,2855,1782.56,0.448,0.0017,1.78
2593.57,-22.852598472381597,-43.30165751803103,2899,1782.56,0.49,0.0016,1.86
2593.57,-22.890137375091086,-43.277664054382306,2635,1782.56,0.46,0.0016,1.99
2593.57,-22.89200693751013,-43.278113608716396,2745,1782.56,0.499,0.0018,1.62
2593.57,-22.87029486590473,-43.33249884454889,2907,1782.56,0.48,0.0016,1.69
2593.57,-22.88864127331701,-43.293615823968004,2957,1782.56,0.4,0.0019,1.58
2593.57,-22.889557906957364,-43.27511534523526,2669,1782.56,0.476,0.0015,1.95
2593.57,-22.876915571808613,-43.29389117666397,2605,1782.56,0.445,0.0017,1.78
2593.57,-22.89350124787708,-43.33173002529052,2887,1782.56,0.463,0.0019,1.63
2593.57,-22.861492160766815,-43.30304129907048,2726,1782.56,0.428,0.0019,1.82
2593.6,-22.881333419710195,-43.321184370785694,2931,1782.56,0.477,0.0016,1.74
2593.6,-22.866754144869372,-43.306332011179705,2545,1782.56,0.408,0.0018,1.73
2593.6,-22.865621616791085,-43.301637713141396,2842,1782.56,0.441,0.0016,1.78
2593.6,-22.87857289987672,-43.29592354266078,2514,1782.56,0.46,0.0017,1.57
2593.6,-22.866386277370406,-43.327674301085324,2567,1782.56,0.4,0.0018,1.7
2593.6,-22.859824926994264,-43.333258221906284,2712,1782.56,0.401,0.0015,1.83
2593.6,-22.86692805315821,-43.275210747940264,2993,1782.56,0.404,0.0016,1.52
2593.6,-22.886843205699535,-43.302088601823655,2650,1782.56,0.479,0.0018,1.53
2593.6,-22.874937783792504,-43.31494440611707,2635,1782.56,0.407,0.0016,1.53
2593.6,-22.858152339578883,-43.331756314736744,2777,1782.56,0.497,0.0019,1.96
2593.6,-22.86205585541741,-43.28820058141566,2877,1782.56,0.442,0.0017,1.91
2593.6,-22.888342059087126,-43.29880050477733,2689,1782.56,0.481,0.0016,1.83
2593.6,-22.87908092616878,-43.31852261625576,2656,1782.56,0.436,0.0017,1.56
2593.6,-22.883609697486193,-43.321985320706766,2647,1782.56,0.431,0.0019,1.9
2593.6,-22.861256893082682,-43.32794826319142,2825,1782.56,0.47,0.0016,1.67
2593.6,-22.881824405437325,-43.276966894965064,2973,1782.56,0.418,0.0017,1.88
2593.6,-22.8750334597687,-43.29253179376653,2796,1782.56,0.486,0.0016,1.7
2593.6,-22.882295866927176,-43.32450889376895,2825,1782.56,0.442,0.0017,1.69
2593.6,-22.870076345915614,-43.277950719324274,2977,1782.56,0.45,0.0016,1.68
2593.6,-22.871209003769785,-43.305739958086846,2873,1782.56,0.44,0.0019,1.65
2593.6,-22.88624258564699,-43.33053699248448,2709,1782.56,0.474,0.0018,1.51
2593.6,-22.86132513843861,-43.300739072527676,2853,1782.56,0.499,0.0016,1.8
2593.6,-22.8787675650818,-43.31412382741355,2508,1782.56,0.476,0.0017,1.57
2593.6,-22.868433559223956,-43.291280473480036,2795,1782.56,0.431,0.0018,1.61
2593.6,-22.878978779701757,-43.32289371663875,2964,1782.56,0.416,0.0016,1.98
2593.61,-22.867917985966464,-43.31159846022739,2921,1782.56,0.469,0.0018,1.94
2593.61,-22.892895319049963,-43.316131804558516,2761,1782.56,0.432,0.0019,1.66
2593.61,-22.848986959017367,-43.30908106870625,2523,1782.56,0.403,0.0017,1.52
2593.61,-22.88624258564699,-43.33053699248448,2819,1782.56,0.412,0.0016,1.9
2593.61,-22.889317434161647,-43.2726372572297,2782,1782.56,0.422,0.0018,1.86
2593.61,-22.852551776113255,-43.311440720736606,2809,1782.56,0.422,0.0017,1.59
2593.61,-22.85832227579783,-43.307138207596104,2611,1782.56,0.451,0.0018,1.52
2593.64,-22.852551776113255,-43.311440720736606,2801,1782.56,0.493,0.0016,1.74
2593.64,-22.88931882485539,-43.28966428164412,2581,1782.56,0.401,0.0018,1.92
2593.64,-22.861916010114125,-43.30826500979156,2535,1782.56,0.456,0.0016,1.86
2593.64,-22.886047324390628,-43.30557136326686,2833,1782.56,0.448,0.0016,1.95
2593.64,-22.856879651215213,-43.318851619904024,2986,1782.56,0.453,0.0016,1.73
2593.64,-22.878082994140353,-43.310192460343124,2570,1782.56,0.422,0.0017,1.9
2593.64,-22.88419594579328,-43.28506952767958,2863,1782.56,0.443,0.0016,1.62
2593.64,-22.871145094853688,-43.28174662556796,2634,1782.56,0.468,0.0015,1.91
2593.64,-22.863459854588292,-43.30014903832372,2948,1782.56,0.472,0.0016,1.83
2593.64,-22.865237651956964,-43.335306588392484,2845,1782.56,0.482,0.0015,1.58
2593.64,-22.891089403246085,-43.3167834405611,2934,1782.56,0.49,0.0016,1.55
2593.72,-22.882354539195187,-43.334620799942,2995,1782.56,0.422,0.0015,1.51
2593.72,-22.85710416701063,-43.304086900341545,2542,1782.56,0.497,0.0016,1.59
2593.72,-22.895007079686994,-43.32139147487483,2852,1782.56,0.435,0.0019,1.78
2593.72,-22.869647425864212,-43.326493151495754,2570,1782.56,0.445,0.0017,1.59
2593.72,-22.874937783792504,-43.31494440611707,2869,1782.56,0.433,0.0018,1.68
2593.72,-22.881056312473603,-43.311058769951785,2778,1782.56,0.462,0.0016,1.94
2593.79,-22.866386277370406,-43.327674301085324,2692,1782.56,0.487,0.0015,1.81
2593.79,-22.88140571261693,-43.31563277652367,2629,1782.56,0.464,0.0016,1.56
2593.79,-22.85404247869069,-43.29621015021172,2535,1782.56,0.477,0.0015,1.67
2593.79,-22.855536186537016,-43.289990506140114,2987,1782.56,0.47,0.0015,1.61
2593.79,-22.860857134715587,-43.27805752582416,2733,1782.56,0.4,0.0019,1.83
2593.79,-22.85815950122837,-43.305398189772106,2596,1782.56,0.469,0.0018,1.73
2593.79,-22.847288088171606,-43.295177229050445,2818,1782.56,0.419,0.0017,1.77
2593.79,-22.86957388783563,-43.31016904625865,2738,1782.56,0.465,0.0019,1.87
2593.79,-22.876824543770894,-43.27666172746651,2676,1782.56,0.452,0.0017,1.97
2593.79,-22.882354539195187,-43.334620799942,2979,1782.56,0.42,0.0017,1.5
2593.79,-22.89470308630807,-43.32551035541433,2662,1782.56,0.424,0.0017,1.7
2593.79,-22.87292101376026,-43.2849722770823,2924,1782.56,0.499,0.0016,1.84
2593.79,-22.869647425864212,-43.326493151495754,2797,1782.56,0.473,0.0016,1.97
2593.8,-22.87612144329601,-43.323680871304816,2646,1782.56,0.427,0.0015,1.73
2593.8,-22.867458399570957,-43.268782955277885,2886,1782.56,0.466,0.0017,1.95
2593.8,-22.871228999758696,-43.29926589816055,2952,1782.56,0.465,0.0016,1.89
2593.8,-22.86486717571422,-43.31091685420294,2972,1782.56,0.487,0.0017,1.5
2593.8,-22.859280335561404,-43.27687464822287,2900,1782.56,0.441,0.0015,1.85
2593.8,-22.85256517288689,-43.30131585570806,2651,1782.56,0.44,0.0019,1.92
2593.8,-22.883574977580775,-43.33156741874061,2915,1782.56,0.462,0.0018,1.97
2593.83,-22.887435727179092,-43.27038733570493,2825,1782.56,0.475,0.0019,1.83
2593.83,-22.86340826042182,-43.31149043301849,2811,1782.56,0.465,0.0015,1.65
2593.83,-22.87143458612598,-43.26949400000578,2800,1782.56,0.474,0.0015,1.63
2593.83,-22.858124790649356,-43.28008126775039,2919,1782.56,0.498,0.0016,1.67
2593.83,-22.89116912448737,-43.26883851674487,2574,1782.56,0.457,0.0016,1.84
2593.83,-22.87071304085338,-43.289401165594995,2790,1782.56,0.476,0.0019,1.7
2593.83,-22.8889743107615,-43.28629036608258,2502,1782.56,0.415,0.0015,1.63
2593.83,-22.88807446890354,-43.28263784741499,2980,1782.56,0.476,0.0017,1.69
2593.83,-22.87247266811023,-43.29552183360868,2708,1782.56,0.48,0.0017,1.91
2593.85,-22.858555044831977,-43.314251573352315,2567,1782.56,0.472,0.0018,1.85
2593.85,-22.875639528876057,-43.278947681895616,2599,1782.56,0.493,0.0019,1.82
2593.85,-22.882162080687223,-43.31894566364465,2686,1782.56,0.432,0.0015,1.58
2593.85,-22.84534312678508,-43.29636634752985,2783,1782.56,0.468,0.0015,1.75
2593.85,-22.856733691680848,-43.31181063497515,2788,1782.56,0.424,0.0018,1.68
2593.85,-22.869804401066734,-43.296421713012066,2562,1782.56,0.443,0.0017,1.77
2593.85,-22.88609409087955,-43.32311508249367,2910,1782.56,0.445,0.0015,1.89
2593.85,-22.87990539853711,-43.29569371562535,2949,1782.56,0.416,0.0016,1.84
2593.86,-22.88419073958569,-43.307955209458136,2589,1782.56,0.405,0.0016,1.85
2593.86,-22.894448313775243,-43.32140260734481,2932,1782.56,0.487,0.0019,1.63
2593.86,-22.862182974883037,-43.30926384783481,2588,1782.56,0.417,0.0018,1.69
2593.86,-22.875721493584145,-43.284464143249885,2966,1782.56,0.467,0.0018,1.51
2593.86,-22.86486717571422,-43.31091685420294,2514,1782.56,0.412,0.0017,1.9
2593.86,-22.865638580774625,-43.29937150465544,2557,1782.56,0.424,0.0017,1.98
2593.86,-22.867917985966464,-43.31159846022739,2675,1782.56,0.467,0.0019,1.82
2593.86,-22.87857289987672,-43.29592354266078,2655,1782.56,0.448,0.0017,1.93
2593.86,-22.863459854588292,-43.30014903832372,2977,1782.56,0.428,0.0018,1.89
2593.86,-22.879885961699628,-43.295482481050094,2806,1782.56,0.474,0.0015,1.64
2593.86,-22.883044621550756,-43.27253070149058,2913,1782.56,0.497,0.0018,1.51
2593.9,-22.86631276821089,-43.2952438805941,2526,1782.56,0.429,0.0017,1.56
2593.9,-22.881824405437325,-43.276966894965064,2727,1782.56,0.447,0.0015,1.77
2593.9,-22.871406185960076,-43.30176403728605,2789,1782.56,0.476,0.0016,1.78
2593.9,-22.874712394502676,-43.28282881436501,2720,1782.56,0.459,0.0018,1.79
2593.9,-22.87612594106117,-43.30746147147047,2543,1782.56,0.496,0.0019,1.84
2593.9,-22.888255012773346,-43.28595440982584,2621,1782.56,0.414,0.0015,1.91
2593.9,-22.884561946601494,-43.27513063556018,2672,1782.56,0.426,0.0016,1.6
2593.9,-22.88789896745282,-43.321186846750706,2522,1782.56,0.476,0.0017,1.53
2593.9,-22.887776573581203,-43.28318743141474,2983,1782.56,0.481,0.0019,1.71
2593.96,-22.88291784427213,-43.279430490656594,2602,1782.56,0.454,0.0015,1.51
2593.96,-22.874879843682866,-43.312921041067106,2836,1782.56,0.465,0.0019,1.61
2593.96,-22.884561946601494,-43.27513063556018,2679,1782.56,0.498,0.0019,1.53
2593.96,-22.874522011482487,-43.28315346692239,2621,1782.56,0.494,0.0019,1.6
2593.96,-22.885269744638116,-43.31286410873418,2701,1782.56,0.468,0.0019,1.77
2593.96,-22.869793334924008,-43.293918449790546,2544,1782.56,0.495,0.0015,1.52
2593.96,-22.85821759881364,-43.27393164834267,2805,1782.56,0.452,0.0018,1.58
2593.96,-22.885084361492257,-43.28521909640368,2754,1782.56,0.44,0.0018,1.51
2593.96,-22.861914604835324,-43.305383062241894,2626,1782.56,0.478,0.0019,1.78
2593.96,-22.869042075539408,-43.33246869842768,2579,1782.56,0.418,0.0015,1.58
2593.98,-22.88467040718113,-43.322932403912745,2903,1782.56,0.449,0.0017,1.59
2593.98,-22.89656803123219,-43.28051317443747,2798,1782.56,0.448,0.0018,1.5
2593.98,-22.857526261962377,-43.273044637111475,2669,1782.56,0.443,0.0018,1.91
2593.98,-22.885118611594255,-43.3058813521704,2659,1782.56,0.435,0.0018,1.79
2593.98,-22.87177941225251,-43.28417908973632,2788,1782.56,0.444,0.0017,1.97
2593.98,-22.87071304085338,-43.289401165594995,2706,1782.56,0.464,0.0019,1.85
2593.98,-22.874591043797622,-43.3249468165468,2659,1782.56,0.401,0.0017,1.51
2594.02,-22.878999813424073,-43.324851492304006,2653,1782.56,0.444,0.0018,1.64
2594.02,-22.870956151955397,-43.31321927936711,2692,1782.56,0.493,0.0017,1.68
2594.02,-22.88503249841015,-43.324318816889715,2505,1782.56,0.48,0.0019,1.73
2594.02,-22.88472486045064,-43.29643285206332,2824,1782.56,0.468,0.0015,1.92
2594.02,-22.882825235894607,-43.300401548289734,2508,1782.56,0.475,0.0019,1.67
2594.02,-22.885084361492257,-43.28521909640368,2915,1782.56,0.468,0.0019,1.58
2594.02,-22.859001569774904,-43.29193429934413,2999,1782.56,0.445,0.0016,1.64
2594.02,-22.887776573581203,-43.28318743141474,2547,1782.56,0.496,0.0017,1.88
2594.02,-22.85936162084503,-43.290536673132685,2964,1782.56,0.457,0.0015,1.89
2594.02,-22.862856612777097,-43.32606449715569,2887,1782.56,0.425,0.0017,1.75
2594.02,-22.887790193505836,-43.314164524382306,2604,1782.56,0.433,0.0019,1.72
2594.02,-22.88503249841015,-43.324318816889715,2904,1782.56,0.459,0.0017,1.61
2594.02,-22.863143577419685,-43.30771135724236,2565,1782.56,0.444,0.0019,1.76
2594.02,-22.875721493584145,-43.284464143249885,2638,1782.56,0.438,0.0016,1.51
2594.02,-22.882010907867286,-43.2955107445172,2574,1782.56,0.473,0.0019,1.7
2594.13,-22.863391643148574,-43.28982290627995,2955,1782.56,0.454,0.0019,1.84
2594.13,-22.887776573581203,-43.28318743141474,2504,1782.56,0.438,0.0019,1.99
2594.13,-22.862088842466637,-43.27367873862249,2511,1782.56,0.444,0.0017,1.95
2594.13,-22.866180673539375,-43.29255772244056,2592,1782.56,0.478,0.0018,1.64
2594.13,-22.873148189917117,-43.31526484181589,2789,1782.56,0.438,0.0019,1.73
2594.13,-22.871209003769785,-43.305739958086846,2951,1782.56,0.462,0.0018,1.66
2594.13,-22.87247266811023,-43.29552183360868,2999,1782.56,0.424,0.0015,1.81
2594.13,-22.88427167832591,-43.32092673906297,2989,1782.56,0.472,0.0017,1.98
2594.13,-22.882630072693864,-43.32196619291377,2530,1782.56,0.426,0.0019,1.66
2594.13,-22.853473621389476,-43.30340894163149,2958,1782.56,0.489,0.0015,1.88
2594.13,-22.873643934246797,-43.295536094821664,2634,1782.56,0.405,0.0017,1.6
2594.16,-22.85203244933537,-43.292673874031166,2878,1782.56,0.459,0.0017,1.63
2594.16,-22.897529658460527,-43.318345479199664,2974,1782.56,0.423,0.0016,1.56
2594.16,-22.893061988077097,-43.27244154222657,2690,1782.56,0.436,0.0018,1.84
2594.16,-22.888055757576428,-43.308529388417405,2605,1782.56,0.459,0.0017,1.78
2594.16,-22.88788703352114,-43.271418990966914,2528,1782.56,0.469,0.0018,1.71
2594.16,-22.869611223913218,-43.29033624211841,2833,1782.56,0.401,0.0018,1.68
2594.18,-22.848738373059586,-43.29781761613115,2588,1782.56,0.491,0.0018,1.86
2594.18,-22.860617930915378,-43.28970703182598,2544,1782.56,0.463,0.0015,1.88
2594.18,-22.872028940590603,-43.32433855365501,2902,1782.56,0.411,0.0017,1.92
2594.18,-22.859712993290554,-43.28772006955427,2732,1782.56,0.488,0.0016,1.73
2594.18,-22.867364115090226,-43.30119033532758,2747,1782.56,0.43,0.0015,1.83
2594.18,-22.85728372610451,-43.31757331912454,2938,1782.56,0.412,0.0015,1.79
2594.18,-22.87380820665509,-43.3308834489832,2601,1782.56,0.425,0.0017,1.92
2594.18,-22.88307532763262,-43.29773034317116,2854,1782.56,0.493,0.0017,1.57
2594.18,-22.858628339397463,-43.29865405889191,2797,1782.56,0.434,0.0015,1.87
2594.18,-22.886789936011343,-43.31585082403175,2811,1782.56,0.453,0.0018,1.6
2594.18,-22.897529658460527,-43.318345479199664,2989,1782.56,0.459,0.0016,1.52
2594.23,-22.857290769753895,-43.328348659412804,2668,1782.56,0.485,0.0019,1.98
2594.23,-22.87015350840377,-43.31876750576074,2539,1782.56,0.423,0.0019,1.64
2594.23,-22.88551657420369,-43.329699326247216,2516,1782.56,0.441,0.0019,1.85
2594.23,-22.891804245638014,-43.32012754327931,2548,1782.56,0.451,0.0019,1.63
2594.23,-22.861340447661618,-43.31260812808475,2916,1782.56,0.482,0.0015,1.55
2594.26,-22.869091144335815,-43.29810859284284,2989,1782.56,0.461,0.0018,1.58
2594.26,-22.856454885914935,-43.28119881115064,2971,1782.56,0.409,0.0016,1.67
2594.26,-22.862464497491782,-43.2784074908392,2624,1782.56,0.488,0.0017,1.92
2594.26,-22.865683622380516,-43.310260791624906,2615,1782.56,0.46,0.0016,1.64
2594.26,-22.882822150903383,-43.319929977033766,2875,1782.56,0.495,0.0015,1.94
2594.26,-22.88427167832591,-43.32092673906297,2902,1782.56,0.421,0.0019,1.77
2594.26,-22.88864127331701,-43.293615823968004,2995,1782.56,0.405,0.0015,1.82
2594.26,-22.88145053345863,-43.31795462036982,2956,1782.56,0.439,0.0018,1.86
2594.26,-22.871134197001645,-43.3324209229417,2819,1782.56,0.49,0.0016,1.87
2594.26,-22.857292338452964,-43.328270454943,2724,1782.56,0.403,0.0017,1.62
2594.26,-22.869042075539408,-43.33246869842768,2614,1782.56,0.435,0.0016,1.55
2594.26,-22.8787675650818,-43.31412382741355,2851,1782.56,0.466,0.0019,1.68
2594.26,-22.889317434161647,-43.2726372572297,2555,1782.56,0.496,0.0017,1.93
2594.26,-22.862662756127307,-43.280590087419654,2685,1782.56,0.457,0.0015,1.63
2594.26,-22.875881152367807,-43.27437786519449,2979,1782.56,0.403,0.0018,1.55
2594.26,-22.88503249841015,-43.324318816889715,2519,1782.56,0.414,0.0016,1.55
2594.26,-22.869955584691237,-43.32150101062384,2662,1782.56,0.476,0.0015,1.84
2594.28,-22.88140571261693,-43.31563277652367,2961,1782.56,0.431,0.0018,1.69
2594.28,-22.85209561925868,-43.29621764528502,2684,1782.56,0.452,0.0017,1.76
2594.28,-22.867950283006152,-43.28254729962418,2646,1782.56,0.423,0.0019,1.6
2594.28,-22.859824926994264,-43.333258221906284,2538,1782.56,0.454,0.0019,1.78
2594.28,-22.874961602533563,-43.32510125573787,2992,1782.56,0.445,0.0017,1.59
2594.28,-22.875881152367807,-43.27437786519449,2875,1782.56,0.475,0.0018,1.92
2594.28,-22.88990044773605,-43.27986962630341,2862,1782.56,0.497,0.0018,1.76
2594.28,-22.868433559223956,-43.291280473480036,2680,1782.56,0.402,0.0017,1.57
2594.28,-22.897529658460527,-43.318345479199664,2852,1782.56,0.458,0.0015,1.98
2594.28,-22.88867968991285,-43.33214735888769,2523,1782.56,0.417,0.0019,1.73
2594.28,-22.888531725301167,-43.284620857361205,2621,1782.56,0.413,0.0015,1.87
2594.28,-22.861135040004815,-43.30712425112237,2657,1782.56,0.449,0.0015,1.6
2594.28,-22.85468622919643,-43.31348299559518,2924,1782.56,0.445,0.0016,1.87
2594.28,-22.89148264713646,-43.27986645003522,2964,1782.56,0.487,0.0017,1.91
2594.28,-22.853413249490533,-43.30317161329989,2616,1782.56,0.457,0.0016,1.56
2594.28,-22.876600058653487,-43.294176986899174,2711,1782.56,0.466,0.0018,1.58
2594.29,-22.887942772304914,-43.335016025586654,2528,1782.56,0.419,0.0019,1.61
2594.29,-22.874743318166633,-43.31929686313053,2948,1782.56,0.435,0.0017,1.76
2594.29,-22.85557329551781,-43.32777610369661,2956,1782.56,0.456,0.0016,1.5
2594.29,-22.87824414614546,-43.32473055741454,2967,1782.56,0.476,0.0019,1.93
2594.29,-22.891804245638014,-43.32012754327931,2858,1782.56,0.479,0.0016,1.98
2594.29,-22.884732663468814,-43.31628033887517,2927,1782.56,0.441,0.0015,1.7
2594.29,-22.87070395523622,-43.28421036286542,2609,1782.56,0.478,0.0019,1.86
2594.29,-22.857292338452964,-43.328270454943,2936,1782.56,0.404,0.0016,1.68
2594.29,-22.86222509286777,-43.2869492477504,2864,1782.56,0.417,0.0016,1.7
2594.32,-22.87908092616878,-43.31852261625576,2632,1782.56,0.465,0.0017,1.94
2594.32,-22.88589617068067,-43.28669426317693,2837,1782.56,0.447,0.0017,1.7
2594.32,-22.862662756127307,-43.280590087419654,2713,1782.56,0.495,0.0017,1.71
2594.32,-22.863395815787765,-43.32537639837979,2758,1782.56,0.401,0.0015,1.95
2594.32,-22.87308331657023,-43.305089464569086,2841,1782.56,0.447,0.0018,1.61
2594.33,-22.8913494561635,-43.2811121526979,2667,1782.56,0.469,0.0018,1.82
2594.33,-22.875992561398327,-43.29201624175736,2500,1782.56,0.468,0.0017,1.67
2594.33,-22.8619828521923,-43.32818924833407,2808,1782.56,0.488,0.0016,1.82
2594.33,-22.887985146995945,-43.281412996317925,2595,1782.56,0.496,0.0019,1.85
2594.33,-22.889578146447786,-43.331262264623696,2526,1782.56,0.475,0.0016,1.71
2594.44,-22.85498734811861,-43.30331227430829,2782,1782.56,0.411,0.0019,1.53
2594.44,-22.875146291117844,-43.307818458397016,2856,1782.56,0.45,0.0019,1.69
2594.44,-22.885084361492257,-43.28521909640368,2562,1782.56,0.483,0.0019,1.81
2594.44,-22.88291784427213,-43.279430490656594,2534,1782.56,0.421,0.0016,1.99
2594.44,-22.89214807653393,-43.32199924007791,2787,1782.56,0.417,0.0016,1.73
2594.44,-22.872028940590603,-43.32433855365501,2629,1782.56,0.402,0.0018,1.84
2594.44,-22.885118611594255,-43.3058813521704,2876,1782.56,0.418,0.0019,1.75
2594.44,-22.881056312473603,-43.311058769951785,2991,1782.56,0.43,0.0017,1.69
2594.44,-22.889557906957364,-43.27511534523526,2962,1782.56,0.432,0.0018,1.73
2594.44,-22.874658912291945,-43.31015627454578,2728,1782.56,0.432,0.0016,1.5
2594.49,-22.88867968991285,-43.33214735888769,2946,1782.56,0.473,0.0019,1.7
2594.49,-22.881468185623927,-43.294994976890806,2889,1782.56,0.434,0.0019,1.54
2594.49,-22.856211768224753,-43.32841840155298,2797,1782.56,0.481,0.0018,1.78
2594.49,-22.856211768224753,-43.32841840155298,2663,1782.56,0.474,0.0015,1.73
2594.49,-22.876723085458455,-43.273922116031265,2916,1782.56,0.492,0.0018,1.91
2594.49,-22.865391656096406,-43.29681388799275,2936,1782.56,0.449,0.0018,1.74
2594.49,-22.854745499942936,-43.292818165705725,2971,1782.56,0.404,0.0018,1.98
2594.49,-22.867759761143397,-43.273330121262525,2974,1782.56,0.41,0.0019,1.6
2594.49,-22.89465966178841,-43.2903759655431,2689,1782.56,0.448,0.0017,1.93
2594.56,-22.85340758185386,-43.301772407423,2591,1782.56,0.435,0.0017,1.62
2594.56,-22.889932522081118,-43.281518820240066,2556,1782.56,0.434,0.0015,1.98
2594.56,-22.85557329551781,-43.32777610369661,2781,1782.56,0.477,0.0015,1.73
2594.56,-22.890123849533225,-43.292946678367834,2595,1782.56,0.484,0.0017,1.67
2594.56,-22.885118611594255,-43.3058813521704,2565,1782.56,0.474,0.0017,1.94
2594.56,-22.866968974005935,-43.2989850526044,2757,1782.56,0.461,0.0016,1.58
2594.56,-22.882295866927176,-43.32450889376895,2608,1782.56,0.448,0.0015,1.97
2594.56,-22.894448313775243,-43.32140260734481,2750,1782.56,0.436,0.0018,1.78
2594.56,-22.865683622380516,-43.310260791624906,2916,1782.56,0.4,0.0019,1.66
2594.56,-22.86178952014623,-43.307313325016665,2942,1782.56,0.413,0.0017,1.88
2594.56,-22.881649035667248,-43.32184270828055,2579,1782.56,0.462,0.0017,1.51
2594.56,-22.869805953313453,-43.28972292657455,2593,1782.56,0.466,0.0017,1.61
2594.58,-22.860754225324428,-43.280699409222365,2685,1782.56,0.418,0.0015,1.73
2594.58,-22.883891562489854,-43.28966294594265,2972,1782.56,0.405,0.0019,1.87
2594.58,-22.869042075539408,-43.33246869842768,2923,1782.56,0.439,0.0017,1.83
2594.58,-22.887435727179092,-43.27038733570493,2790,1782.56,0.442,0.0016,1.94
2594.58,-22.866252864969308,-43.283033295123595,2663,1782.56,0.489,0.0019,1.63
2594.58,-22.858077548881493,-43.2752935821443,2856,1782.56,0.422,0.0016,1.56
2594.58,-22.8593406230216,-43.30664764460924,2550,1782.56,0.483,0.0015,1.61
2594.58,-22.887155516722924,-43.305234974339086,2880,1782.56,0.407,0.0019,1.75
2594.59,-22.847288088171606,-43.295177229050445,2712,1782.56,0.4,0.0016,1.8
2594.59,-22.86132513843861,-43.300739072527676,2706,1782.56,0.449,0.0017,1.65
2594.59,-22.878938327788468,-43.3265110096202,2965,1782.56,0.426,0.0015,1.52
2594.59,-22.8747783615419,-43.27590700942373,2811,1782.56,0.478,0.0019,1.74
2594.59,-22.88150700142016,-43.27882017150691,2748,1782.56,0.408,0.0015,1.52
2594.59,-22.861914604835324,-43.305383062241894,2583,1782.56,0.422,0.0019,1.76
2594.61,-22.870257745721055,-43.29604893570869,2666,1782.56,0.433,0.0017,1.78
2594.61,-22.8923504582542,-43.277742797797735,2762,1782.56,0.471,0.0017,1.95
2594.61,-22.859712993290554,-43.28772006955427,2882,1782.56,0.407,0.0016,1.86
2594.61,-22.861012965171714,-43.27194657048819,2808,1782.56,0.484,0.0019,1.58
2594.61,-22.87029486590473,-43.33249884454889,2757,1782.56,0.458,0.0017,1.68
2594.68,-22.893322125393574,-43.29054330329289,2807,1782.56,0.409,0.0019,1.66
2594.68,-22.868610664476332,-43.29489435252647,2506,1782.56,0.431,0.0018,1.56
2594.68,-22.895008198056836,-43.33039785933877,2970,1782.56,0.401,0.0016,1.8
2594.68,-22.86692805315821,-43.275210747940264,2681,1782.56,0.404,0.0019,1.86
2594.68,-22.881988610968897,-43.3256408177475,2958,1782.56,0.46,0.0015,1.74
2594.68,-22.879822104591387,-43.325467931915405,2688,1782.56,0.486,0.0018,1.75
2594.68,-22.875992561398327,-43.29201624175736,2734,1782.56,0.421,0.0018,1.86
2594.68,-22.894448313775243,-43.32140260734481,2586,1782.56,0.454,0.0017,1.68
2594.68,-22.845248759869055,-43.3032342222112,2509,1782.56,0.445,0.0015,1.56
2594.68,-22.867950283006152,-43.28254729962418,2889,1782.56,0.447,0.0019,1.73
2594.68,-22.864508830652948,-43.287446509399935,2782,1782.56,0.485,0.0016,1.94
2594.68,-22.858468814441554,-43.287728665178946,2975,1782.56,0.461,0.0016,1.56
2594.68,-22.889737591711263,-43.27804566482924,2871,1782.56,0.483,0.0015,1.67
2594.68,-22.87015350840377,-43.31876750576074,2835,1782.56,0.431,0.0019,1.63
2594.69,-22.875639528876057,-43.278947681895616,2918,1782.56,0.463,0.0018,1.82
2594.69,-22.865266583287077,-43.32937373118127,2923,1782.56,0.4,0.0019,1.5
2594.69,-22.86631276821089,-43.2952438805941,2874,1782.56,0.412,0.0018,1.84
2594.69,-22.862128139552905,-43.313939096711664,2812,1782.56,0.402,0.0017,1.83
2594.69,-22.856268461025326,-43.28601419506252,2725,1782.56,0.459,0.0016,1.91
2594.69,-22.871185631521833,-43.334161501074995,2789,1782.56,0.417,0.0018,1.8
2594.69,-22.878999813424073,-43.324851492304006,2828,1782.56,0.475,0.0015,1.99
2594.7,-22.875992561398327,-43.29201624175736,2854,1782.56,0.466,0.0017,1.6
2594.7,-22.893196891260317,-43.31705142493954,2629,1782.56,0.478,0.0016,1.91
2594.7,-22.87143458612598,-43.26949400000578,2985,1782.56,0.42,0.0015,1.68
2594.7,-22.86149760224237,-43.29288947173588,2673,1782.56,0.454,0.0017,1.85
2594.7,-22.888255012773346,-43.28595440982584,2689,1782.56,0.415,0.0019,1.79
2594.7,-22.89349781095011,-43.27513011000819,2562,1782.56,0.408,0.0018,1.67
2594.7,-22.864398382493288,-43.29631040963082,2776,1782.56,0.498,0.0017,1.8
2594.7,-22.874655271160172,-43.31538291312141,2918,1782.56,0.458,0.0018,1.58
2594.7,-22.852598472381597,-43.30165751803103,2967,1782.56,0.451,0.0018,1.95
2594.7,-22.8750334597687,-43.29253179376653,2512,1782.56,0.497,0.0015,1.87
2594.7,-22.866245903957182,-43.32830163502488,2742,1782.56,0.464,0.0019,1.97
2594.7,-22.884615370405403,-43.336687407352116,2928,1782.56,0.423,0.0018,1.85
2594.7,-22.862128139552905,-43.313939096711664,2942,1782.56,0.493,0.0017,1.97
2594.7,-22.884615370405403,-43.336687407352116,2918,1782.56,0.454,0.0019,1.55
2594.7,-22.858468814441554,-43.287728665178946,2779,1782.56,0.419,0.0019,1.7
2594.7,-22.874743318166633,-43.31929686313053,2559,1782.56,0.444,0.0018,1.69
2594.71,-22.887985146995945,-43.281412996317925,2732,1782.56,0.444,0.0017,1.51
2594.71,-22.890302059000735,-43.32757993315172,2504,1782.56,0.425,0.0016,1.7
2594.71,-22.856454885914935,-43.28119881115064,2740,1782.56,0.428,0.0015,1.75
2594.71,-22.889858924555448,-43.32333760286029,2978,1782.56,0.484,0.0015,1.96
2594.71,-22.887707207011417,-43.33610398896485,2931,1782.56,0.439,0.0019,1.58
2594.71,-22.882986765816558,-43.32365032257002,2653,1782.56,0.476,0.0016,1.9
2594.71,-22.876990184341754,-43.285103753659,2659,1782.56,0.452,0.0016,1.58
2594.71,-22.88140571261693,-43.31563277652367,2969,1782.56,0.44,0.0017,1.79
2594.71,-22.894054080357296,-43.322548986091206,2872,1782.56,0.433,0.0016,1.99
2594.71,-22.845181025238592,-43.30895042890004,2727,1782.56,0.46,0.0016,1.54
2594.71,-22.845248759869055,-43.3032342222112,2682,1782.56,0.469,0.0016,1.68
2594.71,-22.868027495114074,-43.27200289825699,2878,1782.56,0.492,0.0016,1.57
2594.71,-22.860857134715587,-43.27805752582416,2545,1782.56,0.439,0.0015,1.69
2594.71,-22.8747783615419,-43.27590700942373,2611,1782.56,0.412,0.0015,1.95
2594.71,-22.88294978703814,-43.282994904792325,2598,1782.56,0.4,0.0016,1.7
2594.73,-22.884318598970744,-43.32780626507122,2911,1782.56,0.401,0.0019,1.84
2594.73,-22.87859339716551,-43.286876010892534,2654,1782.56,0.401,0.0016,1.84
2594.73,-22.885118611594255,-43.3058813521704,2693,1782.56,0.403,0.0015,1.64
2594.73,-22.883030548301637,-43.3356782256163,2831,1782.56,0.497,0.0015,1.82
2594.73,-22.870257745721055,-43.29604893570869,2901,1782.56,0.418,0.0016,1.92
2594.74,-22.882010907867286,-43.2955107445172,2615,1782.56,0.423,0.0015,1.52
2594.74,-22.89821201384601,-43.32804152699613,2673,1782.56,0.453,0.0017,1.52
2594.74,-22.859280335561404,-43.27687464822287,2582,1782.56,0.447,0.0017,1.67
2594.74,-22.875085854289406,-43.31276047115411,2681,1782.56,0.488,0.0017,1.65
2594.74,-22.8749931650182,-43.30265604007292,2500,1782.56,0.45,0.0016,1.82
2594.77,-22.870459567523028,-43.29559138021254,2692,1782.56,0.458,0.0017,1.74
2594.77,-22.88931882485539,-43.28966428164412,2843,1782.56,0.487,0.0019,1.88
2594.77,-22.85691383798527,-43.32369838040761,2648,1782.56,0.417,0.0015,1.63
2594.77,-22.864249254248662,-43.32248206560194,2798,1782.56,0.424,0.0015,1.5
2594.77,-22.869804401066734,-43.296421713012066,2986,1782.56,0.429,0.0016,1.95
2594.77,-22.88656171280685,-43.27530997233421,2560,1782.56,0.486,0.0017,1.99
2594.77,-22.869616302038466,-43.296865451879185,2818,1782.56,0.425,0.0015,1.8
2594.77,-22.891604418991513,-43.32057109748399,2661,1782.56,0.459,0.0016,1.9
2594.78,-22.877044057031124,-43.32585217379867,2630,1782.56,0.439,0.0016,1.59
2594.78,-22.87308331657023,-43.305089464569086,2899,1782.56,0.472,0.0015,1.96
2594.78,-22.868307585939647,-43.281719632505286,2828,1782.56,0.468,0.0019,1.6
2594.78,-22.875957917710124,-43.325732268114734,2764,1782.56,0.441,0.0018,1.67
2594.78,-22.868942374687943,-43.27206471105248,2724,1782.56,0.479,0.0015,1.73
2594.78,-22.867917985966464,-43.31159846022739,2681,1782.56,0.478,0.0019,1.72
2594.78,-22.863117302560145,-43.309960029963165,2591,1782.56,0.486,0.0016,1.85
2594.9,-22.88609409087955,-43.32311508249367,2620,1782.56,0.426,0.0018,1.56
2594.9,-22.88589617068067,-43.28669426317693,2673,1782.56,0.44,0.0015,1.7
2594.9,-22.8787675650818,-43.31412382741355,2506,1782.56,0.414,0.0019,1.76
2594.9,-22.887155516722924,-43.305234974339086,2657,1782.56,0.454,0.0017,1.83
2594.9,-22.866295959582743,-43.270612328064914,2938,1782.56,0.406,0.0015,1.78
2594.9,-22.87612594106117,-43.30746147147047,2950,1782.56,0.422,0.0019,1.77
2594.9,-22.890137375091086,-43.277664054382306,2872,1782.56,0.465,0.0017,1.57
2594.9,-22.895625375970848,-43.3260810347732,2936,1782.56,0.421,0.0019,1.77
2594.95,-22.85023684649563,-43.298567292399085,2793,1782.56,0.489,0.0018,1.88
2594.95,-22.888149570635296,-43.2739540544441,2711,1782.56,0.431,0.0015,1.72
2594.95,-22.859712993290554,-43.28772006955427,2741,1782.56,0.434,0.0017,1.81
2594.95,-22.891604418991513,-43.32057109748399,2551,1782.56,0.426,0.0016,1.87
2594.95,-22.882010907867286,-43.2955107445172,2837,1782.56,0.418,0.0017,1.93
2594.95,-22.85498734811861,-43.30331227430829,2861,1782.56,0.465,0.0017,1.89
2594.96,-22.856211768224753,-43.32841840155298,2530,1782.56,0.498,0.0016,1.7
2594.96,-22.87857289987672,-43.29592354266078,2749,1782.56,0.419,0.0019,1.91
2594.96,-22.858152339578883,-43.331756314736744,2873,1782.56,0.476,0.0018,1.57
2594.96,-22.862757124028064,-43.283703794161326,2626,1782.56,0.408,0.0016,1.84
2594.96,-22.85830737465635,-43.32041805722513,2575,1782.56,0.471,0.0019,1.89
2594.96,-22.881988610968897,-43.3256408177475,2899,1782.56,0.422,0.0015,1.75
2594.96,-22.850737790702134,-43.31314228510718,2803,1782.56,0.491,0.0015,1.77
2594.96,-22.864113655054116,-43.29430874501928,2913,1782.56,0.442,0.0016,1.88
2594.96,-22.854665711887623,-43.302775734018006,2993,1782.56,0.432,0.0015,1.86
2594.96,-22.886016004221272,-43.27209761929771,2513,1782.56,0.438,0.0018,1.7
2594.96,-22.87990539853711,-43.29569371562535,2986,1782.56,0.427,0.0015,1.83
2594.96,-22.88294978703814,-43.282994904792325,2849,1782.56,0.448,0.0019,1.79
2594.96,-22.86639865047928,-43.278186064407635,2813,1782.56,0.412,0.0019,1.5
2594.96,-22.897529658460527,-43.318345479199664,2628,1782.56,0.497,0.0016,1.89
2594.96,-22.858037683480056,-43.30275192403924,2816,1782.56,0.498,0.0017,1.95
2594.96,-22.86611212503453,-43.29434089636883,2818,1782.56,0.465,0.0017,1.67
2594.96,-22.880560041804536,-43.29814507974918,2958,1782.56,0.441,0.0018,1.77
2594.96,-22.87208535551471,-43.292984902810836,2748,1782.56,0.414,0.0018,1.92
2594.96,-22.8619828521923,-43.32818924833407,2902,1782.56,0.435,0.0017,1.63
2594.97,-22.86411762234615,-43.28076398939773,2576,1782.56,0.452,0.0019,1.93
2594.97,-22.87817590036917,-43.32492949267456,2730,1782.56,0.462,0.0015,1.72
2594.97,-22.888035847751507,-43.282718108513784,2728,1782.56,0.447,0.0016,1.96
2594.97,-22.897946430730556,-43.28184756803383,2836,1782.56,0.478,0.0016,1.58
2594.97,-22.86340826042182,-43.31149043301849,2684,1782.56,0.439,0.0018,1.98
2594.97,-22.86404647579271,-43.29436203736227,2530,1782.56,0.416,0.0019,1.66
2594.97,-22.881551873077655,-43.333125831061146,2611,1782.56,0.441,0.0019,1.59
2594.97,-22.888055757576428,-43.308529388417405,2804,1782.56,0.496,0.0016,1.73
2594.97,-22.854654876535424,-43.289472715881146,2547,1782.56,0.477,0.0019,1.98
2594.98,-22.86206484465799,-43.29854747951345,2689,1782.56,0.448,0.0018,1.83
2594.98,-22.893196891260317,-43.31705142493954,2670,1782.56,0.488,0.0017,1.6
2594.98,-22.85490725184812,-43.31305508257125,2523,1782.56,0.455,0.0019,1.79
2594.98,-22.882162080687223,-43.31894566364465,2515,1782.56,0.427,0.0016,1.57
2594.98,-22.885269744638116,-43.31286410873418,2813,1782.56,0.42,0.0018,1.84
2594.98,-22.88429130419991,-43.32979618231325,2739,1782.56,0.442,0.0019,1.71
2594.98,-22.89189318600961,-43.335384174879266,2604,1782.56,0.471,0.0019,1.82
2594.98,-22.87247873307881,-43.277549008332294,2603,1782.56,0.43,0.0018,1.93
2594.98,-22.861018318152656,-43.321304264919114,2677,1782.56,0.446,0.0017,1.94
2595.0,-22.859089832041434,-43.320169279291335,2771,1782.56,0.441,0.0016,1.51
2595.0,-22.862626385621034,-43.3132932690294,2885,1782.56,0.472,0.0015,1.71
2595.0,-22.89213563769979,-43.31453725797905,2657,1782.56,0.452,0.0018,1.95
2595.0,-22.86711369768245,-43.29231942816386,2589,1782.56,0.478,0.0017,1.56
2595.0,-22.883609697486193,-43.321985320706766,2854,1782.56,0.42,0.0017,1.58
2595.0,-22.897529658460527,-43.318345479199664,2761,1782.56,0.491,0.0017,1.99
2595.0,-22.868942374687943,-43.27206471105248,2689,1782.56,0.499,0.0018,1.72
2595.0,-22.871209003769785,-43.305739958086846,2766,1782.56,0.471,0.0015,1.89
2595.0,-22.87669317578605,-43.291644222597775,2808,1782.56,0.492,0.0016,1.88
2595.0,-22.875881152367807,-43.27437786519449,2972,1782.56,0.472,0.0017,1.88
2595.0,-22.8749931650182,-43.30265604007292,2563,1782.56,0.472,0.0017,1.5
2595.01,-22.871774502158384,-43.27347256112669,2613,1782.56,0.433,0.0016,1.67
2595.01,-22.86692805315821,-43.275210747940264,2988,1782.56,0.4,0.0015,1.63
2595.01,-22.865638580774625,-43.29937150465544,2822,1782.56,0.498,0.0015,1.61
2595.01,-22.87669317578605,-43.291644222597775,2871,1782.56,0.485,0.0016,1.76
2595.01,-22.86370154201032,-43.275263209670356,2829,1782.56,0.425,0.0016,1.53
2595.03,-22.89798550404551,-43.28389935640311,2857,1782.56,0.44,0.0016,1.65
2595.03,-22.89055249713112,-43.280109026183055,2541,1782.56,0.447,0.0015,1.52
2595.03,-22.88807446890354,-43.28263784741499,2823,1782.56,0.497,0.0018,1.59
2595.03,-22.864113655054116,-43.29430874501928,2893,1782.56,0.404,0.0016,1.71
2595.04,-22.889457716445055,-43.32113741309723,2543,1782.56,0.423,0.0016,1.71
2595.04,-22.86493449045638,-43.28912110732493,2567,1782.56,0.483,0.0016,1.97
2595.04,-22.880560041804536,-43.29814507974918,2763,1782.56,0.487,0.0019,1.79
2595.04,-22.88624258564699,-43.33053699248448,2876,1782.56,0.406,0.0016,1.61
2595.04,-22.875834082414713,-43.27831564801494,2902,1782.56,0.479,0.0018,1.84
2595.04,-22.887790193505836,-43.314164524382306,2631,1782.56,0.479,0.0016,1.85
2595.07,-22.895958184072008,-43.329875786471284,2769,1782.56,0.413,0.0019,1.66
2595.07,-22.87486612122775,-43.279707456444505,2699,1782.56,0.426,0.0016,1.55
2595.07,-22.878999813424073,-43.324851492304006,2977,1782.56,0.488,0.0015,1.99
2595.07,-22.875515460916926,-43.31069020128653,2779,1782.56,0.432,0.0018,1.53
2595.07,-22.888255012773346,-43.28595440982584,2586,1782.56,0.484,0.0017,1.87
2595.07,-22.864647269482234,-43.3136351748248,2663,1782.56,0.498,0.0019,1.91
2595.07,-22.866295959582743,-43.270612328064914,2609,1782.56,0.437,0.0019,1.54
2595.07,-22.889457716445055,-43.32113741309723,2830,1782.56,0.48,0.0018,1.92
2595.07,-22.874522011482487,-43.28315346692239,2811,1782.56,0.463,0.0019,1.86
2595.08,-22.871719493758746,-43.27828847121003,2992,1782.56,0.459,0.0019,1.76
2595.08,-22.852221122571265,-43.302809078039104,2687,1782.56,0.483,0.0017,1.81
2595.08,-22.874591043797622,-43.3249468165468,2650,1782.56,0.466,0.0019,1.81
2595.08,-22.896364735439438,-43.32828877844426,2981,1782.56,0.487,0.0018,1.94
2595.08,-22.888734687164735,-43.29191620907745,2683,1782.56,0.409,0.0017,1.99
2595.08,-22.88419594579328,-43.28506952767958,2765,1782.56,0.422,0.0017,1.92
2595.08,-22.89055249713112,-43.280109026183055,2924,1782.56,0.455,0.0015,1.96
2595.08,-22.856818133546327,-43.32364807005775,2694,1782.56,0.413,0.0016,1.53
2595.08,-22.883891562489854,-43.28966294594265,2899,1782.56,0.483,0.0015,1.82
2595.08,-22.892895319049963,-43.316131804558516,2582,1782.56,0.422,0.0019,1.64
2595.08,-22.889932522081118,-43.281518820240066,2814,1782.56,0.467,0.0018,1.61
2595.08,-22.876915571808613,-43.29389117666397,2692,1782.56,0.448,0.0018,1.58
2595.09,-22.872518736807113,-43.322314380754484,2950,1782.56,0.478,0.0018,1.68
2595.09,-22.865542753893855,-43.27607840214181,2785,1782.56,0.496,0.0016,1.94
2595.09,-22.889557906957364,-43.27511534523526,2869,1782.56,0.419,0.0017,1.84
2595.09,-22.89912367879457,-43.2891889620023,2685,1782.56,0.497,0.0017,1.82
2595.09,-22.87149261884739,-43.305730370011695,2504,1782.56,0.417,0.0016,1.62
2595.09,-22.88307532763262,-43.29773034317116,2753,1782.56,0.42,0.0016,1.57
2595.09,-22.852551776113255,-43.311440720736606,2738,1782.56,0.479,0.0018,1.69
2595.1,-22.856733691680848,-43.31181063497515,2670,1782.56,0.464,0.0016,1.75
2595.1,-22.874937783792504,-43.31494440611707,2712,1782.56,0.438,0.0019,1.68
2595.1,-22.85203244933537,-43.292673874031166,2795,1782.56,0.464,0.0015,1.83
2595.1,-22.87208535551471,-43.292984902810836,2559,1782.56,0.484,0.0019,1.75
2595.1,-22.871145094853688,-43.28174662556796,2848,1782.56,0.499,0.0018,1.69
2595.1,-22.858671261657715,-43.28552993808476,2832,1782.56,0.445,0.0018,1.78
2595.1,-22.891604418991513,-43.32057109748399,2731,1782.56,0.481,0.0019,1.85
2595.1,-22.89412830948375,-43.27630798894939,2848,1782.56,0.426,0.0017,1.58
2595.1,-22.862128139552905,-43.313939096711664,2831,1782.56,0.469,0.0017,1.64
2595.1,-22.886989975572032,-43.32263336577382,2668,1782.56,0.493,0.0017,1.59
2595.12,-22.888149570635296,-43.2739540544441,2936,1782.56,0.454,0.0017,1.8
2595.12,-22.87990539853711,-43.29569371562535,2835,1782.56,0.429,0.0017,1.93
2595.12,-22.867920753613166,-43.32942070047525,2962,1782.56,0.45,0.0018,1.5
2595.12,-22.863888243428022,-43.28576933991444,2598,1782.56,0.421,0.0019,1.9
2595.12,-22.881687513370636,-43.298275699900664,2867,1782.56,0.462,0.0018,1.6
2595.12,-22.87486612122775,-43.279707456444505,2780,1782.56,0.462,0.0015,1.53
2595.12,-22.873190774124623,-43.32110949394854,2993,1782.56,0.431,0.0018,1.81
2595.12,-22.856818133546327,-43.32364807005775,2975,1782.56,0.402,0.0017,1.9
2595.12,-22.860481074323943,-43.298868714970894,2679,1782.56,0.433,0.0017,1.77
2595.12,-22.866754144869372,-43.306332011179705,2688,1782.56,0.463,0.0018,1.63
2595.12,-22.889755566209402,-43.26860091856575,2557,1782.56,0.426,0.0016,1.75
2595.12,-22.856530040860807,-43.28077437905881,2582,1782.56,0.44,0.0019,1.94
2595.12,-22.876723085458455,-43.273922116031265,2794,1782.56,0.484,0.0019,1.99
2595.12,-22.855767338153527,-43.3260065586982,2677,1782.56,0.487,0.0016,1.53
2595.12,-22.859280335561404,-43.27687464822287,2715,1782.56,0.402,0.0016,1.98
2595.12,-22.864359769594856,-43.33436283749005,2946,1782.56,0.434,0.0017,1.83
2595.12,-22.869611223913218,-43.29033624211841,2671,1782.56,0.413,0.0019,1.95
2595.12,-22.874743318166633,-43.31929686313053,2830,1782.56,0.467,0.0015,1.53
2595.12,-22.85320099357766,-43.28998429458865,2871,1782.56,0.473,0.0016,1.96
2595.12,-22.86782989029103,-43.276843052385786,2843,1782.56,0.403,0.0018,1.71
2595.12,-22.884709899851885,-43.27213163504,2905,1782.56,0.494,0.0019,1.78
2595.13,-22.88867968991285,-43.33214735888769,2813,1782.56,0.468,0.0019,1.61
2595.13,-22.865638580774625,-43.29937150465544,2897,1782.56,0.4,0.0017,1.5
2595.13,-22.874148355983735,-43.30891140765203,2787,1782.56,0.477,0.0015,1.63
2595.13,-22.895008198056836,-43.33039785933877,2715,1782.56,0.427,0.0017,1.57
2595.13,-22.86930710621118,-43.28819467148683,2836,1782.56,0.438,0.0016,1.75
2595.13,-22.866032073756877,-43.338131873315504,2840,1782.56,0.462,0.0016,1.78
2595.18,-22.86631276821089,-43.2952438805941,2851,1782.56,0.477,0.0015,1.91
2595.18,-22.88984031167266,-43.28012659791169,2698,1782.56,0.441,0.0017,1.62
2595.18,-22.855454774937616,-43.33103974650509,2618,1782.56,0.456,0.0017,1.52
2595.18,-22.864508830652948,-43.287446509399935,2527,1782.56,0.482,0.0016,1.85
2595.18,-22.890137375091086,-43.277664054382306,2689,1782.56,0.426,0.0017,1.9
2595.18,-22.870956151955397,-43.31321927936711,2628,1782.56,0.484,0.0015,1.78
2595.18,-22.857526261962377,-43.273044637111475,2889,1782.56,0.414,0.0016,1.53
2595.18,-22.88589617068067,-43.28669426317693,2807,1782.56,0.447,0.0015,1.74
2595.18,-22.870385783458357,-43.292127689221395,2777,1782.56,0.485,0.0016,1.96
2595.2,-22.8685102980563,-43.28049395655852,2560,1782.56,0.486,0.0017,1.64
2595.2,-22.889557906957364,-43.27511534523526,2611,1782.56,0.424,0.0019,1.83
2595.2,-22.85498734811861,-43.30331227430829,2895,1782.56,0.443,0.0015,1.63
2595.2,-22.88472486045064,-43.29643285206332,2672,1782.56,0.466,0.0018,1.79
2595.2,-22.871719493758746,-43.27828847121003,2561,1782.56,0.475,0.0018,1.94
2595.2,-22.894448313775243,-43.32140260734481,2673,1782.56,0.492,0.0019,1.95
2595.21,-22.887155516722924,-43.305234974339086,2631,1782.56,0.41,0.0017,1.71
2595.21,-22.85209561925868,-43.29621764528502,2669,1782.56,0.492,0.0015,1.88
2595.21,-22.87308331657023,-43.305089464569086,2918,1782.56,0.435,0.0017,1.55
2595.25,-22.871406185960076,-43.30176403728605,2843,1782.56,0.419,0.0015,1.98
2595.25,-22.874150589674542,-43.311562199564975,2995,1782.56,0.443,0.0016,1.96
2595.25,-22.882159172943954,-43.32345251271192,2710,1782.56,0.437,0.0018,1.77
2595.25,-22.875515460916926,-43.31069020128653,2622,1782.56,0.414,0.0019,1.74
2595.25,-22.856268461025326,-43.28601419506252,2865,1782.56,0.45,0.0015,1.66
2595.25,-22.864860944366388,-43.30886474034251,2656,1782.56,0.467,0.0015,1.52
2595.25,-22.848738373059586,-43.29781761613115,2527,1782.56,0.465,0.0018,1.75
2595.25,-22.865577930445912,-43.335811501369385,2573,1782.56,0.431,0.0018,1.96
2595.25,-22.875957917710124,-43.325732268114734,2975,1782.56,0.467,0.0018,1.75
2595.25,-22.888055757576428,-43.308529388417405,2918,1782.56,0.447,0.0016,1.79
2595.25,-22.861735960842314,-43.294302778628925,2992,1782.56,0.446,0.0018,1.83
2595.25,-22.854745499942936,-43.292818165705725,2554,1782.56,0.489,0.0017,1.81
2595.25,-22.8580219822232,-43.32874338434754,2731,1782.56,0.417,0.0015,1.61
2595.25,-22.861916010114125,-43.30826500979156,2947,1782.56,0.432,0.0019,1.63
2595.28,-22.872028940590603,-43.32433855365501,2509,1782.56,0.463,0.0017,1.97
2595.28,-22.889129492842276,-43.31751945952847,2861,1782.56,0.493,0.0016,1.52
2595.28,-22.864647269482234,-43.3136351748248,2967,1782.56,0.491,0.0019,1.61
2595.28,-22.88931882485539,-43.28966428164412,2732,1782.56,0.459,0.0016,1.97
2595.28,-22.863143577419685,-43.30771135724236,2603,1782.56,0.443,0.0015,1.65
2595.28,-22.879822104591387,-43.325467931915405,2824,1782.56,0.406,0.0019,1.8
2595.31,-22.875658493568537,-43.27778648299565,2872,1782.56,0.452,0.0019,1.97
2595.31,-22.87990539853711,-43.29569371562535,2578,1782.56,0.42,0.0015,1.52
2595.31,-22.892895319049963,-43.316131804558516,2618,1782.56,0.498,0.0019,1.65
2595.31,-22.8889743107615,-43.28629036608258,2861,1782.56,0.498,0.0016,1.83
2595.31,-22.86381140933035,-43.329936562683585,2684,1782.56,0.449,0.0015,1.61
2595.31,-22.87223476720097,-43.29336171521947,2900,1782.56,0.492,0.0019,1.98
2595.31,-22.871209003769785,-43.305739958086846,2589,1782.56,0.465,0.0017,1.54
2595.31,-22.848748598421476,-43.30315598662101,2884,1782.56,0.427,0.0019,1.91
2595.31,-22.88733155941451,-43.26987308282541,2955,1782.56,0.426,0.0016,1.57
2595.31,-22.870440572821785,-43.29706772608022,2716,1782.56,0.403,0.0016,1.85
2595.31,-22.888035847751507,-43.282718108513784,2957,1782.56,0.428,0.0015,1.94
2595.31,-22.885726073532716,-43.33563371528077,2874,1782.56,0.477,0.0016,1.81
2595.31,-22.88733155941451,-43.26987308282541,2816,1782.56,0.404,0.0016,1.65
2595.31,-22.863888243428022,-43.28576933991444,2737,1782.56,0.408,0.0018,1.67
2595.32,-22.869647425864212,-43.326493151495754,2860,1782.56,0.433,0.0017,1.64
2595.32,-22.861399187668834,-43.2926565648536,2962,1782.56,0.421,0.0017,1.65
2595.32,-22.882544299338996,-43.30102470888667,2944,1782.56,0.437,0.0019,1.63
2595.32,-22.871134197001645,-43.3324209229417,2623,1782.56,0.414,0.0016,1.99
2595.32,-22.858077548881493,-43.2752935821443,2508,1782.56,0.491,0.0017,1.73
2595.32,-22.873643934246797,-43.295536094821664,2991,1782.56,0.439,0.0018,1.53
2595.32,-22.86144821698873,-43.32954653473449,2710,1782.56,0.49,0.0018,1.79
2595.32,-22.870956151955397,-43.31321927936711,2853,1782.56,0.497,0.0017,1.56
2595.32,-22.886843205699535,-43.302088601823655,2565,1782.56,0.487,0.0017,1.52
2595.32,-22.89350124787708,-43.33173002529052,2545,1782.56,0.437,0.0019,1.86
2595.32,-22.855767338153527,-43.3260065586982,2866,1782.56,0.466,0.0019,1.76
2595.32,-22.848466036185997,-43.30108889404392,2831,1782.56,0.471,0.0017,1.81
2595.36,-22.871774502158384,-43.27347256112669,2624,1782.56,0.441,0.0018,1.58
2595.36,-22.84947814309329,-43.298027643961824,2834,1782.56,0.454,0.0016,1.66
2595.36,-22.891604418991513,-43.32057109748399,2552,1782.56,0.405,0.0015,1.54
2595.36,-22.872639053563336,-43.3191439334825,2700,1782.56,0.493,0.0019,1.73
2595.36,-22.87167666549464,-43.32423136498003,2626,1782.56,0.462,0.0017,1.84
2595.36,-22.889129492842276,-43.31751945952847,2832,1782.56,0.453,0.0017,1.95
2595.36,-22.8580219822232,-43.32874338434754,2961,1782.56,0.491,0.0015,1.63
2595.44,-22.866156674570156,-43.270982692369834,2924,1782.56,0.431,0.0017,1.82
2595.44,-22.866575310083032,-43.328896758974054,2620,1782.56,0.48,0.0017,1.88
2595.44,-22.865124305239885,-43.331156567654766,2965,1782.56,0.459,0.0015,1.74
2595.44,-22.878082994140353,-43.310192460343124,2718,1782.56,0.415,0.0017,1.93
2595.44,-22.866770325140486,-43.278420343142365,2576,1782.56,0.446,0.0015,1.92
2595.44,-22.86961225052659,-43.273621960841055,2626,1782.56,0.433,0.0018,1.97
2595.44,-22.858351274875947,-43.296744959698415,2888,1782.56,0.485,0.0017,1.64
2595.46,-22.862128139552905,-43.313939096711664,2781,1782.56,0.462,0.0016,1.64
2595.46,-22.868487159399706,-43.30384138737934,2731,1782.56,0.423,0.0018,1.91
2595.46,-22.888925165061927,-43.331746474485364,2577,1782.56,0.472,0.0018,1.55
2595.46,-22.886843205699535,-43.302088601823655,2651,1782.56,0.492,0.0019,1.92
2595.46,-22.86711369768245,-43.29231942816386,2609,1782.56,0.418,0.0015,1.56
2595.46,-22.89116912448737,-43.26883851674487,2729,1782.56,0.444,0.0015,1.64
2595.46,-22.856733691680848,-43.31181063497515,2553,1782.56,0.431,0.0017,1.74
2595.46,-22.864860944366388,-43.30886474034251,2774,1782.56,0.432,0.0016,1.57
2595.46,-22.88419594579328,-43.28506952767958,2764,1782.56,0.434,0.0016,1.78
2595.46,-22.860754225324428,-43.280699409222365,2884,1782.56,0.443,0.0015,1.73
2595.46,-22.876723085458455,-43.273922116031265,2897,1782.56,0.437,0.0019,1.78
2595.47,-22.862757124028064,-43.283703794161326,2521,1782.56,0.489,0.0019,1.97
2595.47,-22.869091144335815,-43.29810859284284,2733,1782.56,0.434,0.0018,1.87
2595.47,-22.87223476720097,-43.29336171521947,2680,1782.56,0.447,0.0018,1.9
2595.47,-22.889578146447786,-43.331262264623696,2960,1782.56,0.473,0.0016,1.61
2595.47,-22.87149261884739,-43.305730370011695,2553,1782.56,0.429,0.0015,1.79
2595.47,-22.8593406230216,-43.30664764460924,2629,1782.56,0.419,0.0016,1.74
2595.47,-22.869042075539408,-43.33246869842768,2556,1782.56,0.408,0.0015,1.75
2595.47,-22.889932522081118,-43.281518820240066,2842,1782.56,0.422,0.0018,1.98
2595.47,-22.856818133546327,-43.32364807005775,2990,1782.56,0.451,0.0019,1.81
2595.47,-22.875639528876057,-43.278947681895616,2501,1782.56,0.476,0.0016,1.91
2595.47,-22.857942866304892,-43.31413091695249,2631,1782.56,0.444,0.0019,1.82
2595.47,-22.85490725184812,-43.31305508257125,2845,1782.56,0.441,0.0018,1.58
2595.47,-22.85945488457674,-43.326512509270515,2740,1782.56,0.437,0.0017,1.87
2595.47,-22.864113655054116,-43.29430874501928,2893,1782.56,0.407,0.0017,1.99
2595.47,-22.865577930445912,-43.335811501369385,2909,1782.56,0.475,0.0016,1.91
2595.47,-22.875085854289406,-43.31276047115411,2706,1782.56,0.473,0.0017,1.56
2595.47,-22.89021611070215,-43.328895411526545,2535,1782.56,0.447,0.0016,1.53
2595.47,-22.870064152026032,-43.332426309660676,2527,1782.56,0.496,0.0019,1.61
2595.47,-22.857292338452964,-43.328270454943,2648,1782.56,0.488,0.0017,1.74
2595.47,-22.874655271160172,-43.31538291312141,2860,1782.56,0.483,0.0017,1.63
2595.47,-22.896654692875437,-43.28478563615814,2591,1782.56,0.403,0.0019,1.5
2595.47,-22.87857289987672,-43.29592354266078,2678,1782.56,0.401,0.0015,1.91
2595.48,-22.87027709556658,-43.32066505001392,2922,1782.56,0.484,0.0018,1.99
2595.48,-22.869647425864212,-43.326493151495754,2789,1782.56,0.402,0.0015,1.78
2595.48,-22.887155516722924,-43.305234974339086,2687,1782.56,0.415,0.0017,1.73
2595.48,-22.894539834845414,-43.31941796101164,2645,1782.56,0.439,0.0016,1.57
2595.48,-22.861214375839822,-43.28923371270044,2791,1782.56,0.405,0.0015,1.51
2595.48,-22.875639528876057,-43.278947681895616,2728,1782.56,0.443,0.0015,1.65
2595.48,-22.891804245638014,-43.32012754327931,2844,1782.56,0.46,0.0016,1.66
2595.48,-22.86951098217584,-43.273374949206584,2800,1782.56,0.454,0.0016,1.53
2595.48,-22.86788511315902,-43.26719534948081,2820,1782.56,0.466,0.0015,1.99
2595.49,-22.889317434161647,-43.2726372572297,2606,1782.56,0.472,0.0018,1.67
2595.49,-22.87247873307881,-43.277549008332294,2633,1782.56,0.457,0.0017,1.74
2595.49,-22.8749931650182,-43.30265604007292,2966,1782.56,0.419,0.0015,1.66
2595.49,-22.876541212193533,-43.32981029734441,2542,1782.56,0.42,0.0019,1.57
2595.49,-22.865538431199276,-43.291757177954814,2878,1782.56,0.406,0.0017,1.89
2595.49,-22.882010907867286,-43.2955107445172,2844,1782.56,0.442,0.0018,1.78
2595.49,-22.869091144335815,-43.29810859284284,2980,1782.56,0.494,0.0017,1.94
2595.49,-22.87247873307881,-43.277549008332294,2842,1782.56,0.441,0.0017,1.65
2595.49,-22.88427167832591,-43.32092673906297,2726,1782.56,0.496,0.0015,1.75
2595.49,-22.87263357888963,-43.312198126796915,2595,1782.56,0.483,0.0017,1.8
2595.49,-22.869955584691237,-43.32150101062384,2936,1782.56,0.484,0.0016,1.86
2595.49,-22.883044621550756,-43.27253070149058,2863,1782.56,0.474,0.0016,1.94
2595.53,-22.8923504582542,-43.277742797797735,2563,1782.56,0.43,0.0015,1.6
2595.53,-22.878938327788468,-43.3265110096202,2960,1782.56,0.46,0.0017,1.53
2595.53,-22.8747783615419,-43.27590700942373,2509,1782.56,0.422,0.0016,1.76
2595.53,-22.88551657420369,-43.329699326247216,2531,1782.56,0.42,0.0017,1.57
2595.53,-22.866180673539375,-43.29255772244056,2727,1782.56,0.425,0.0016,1.76
2595.53,-22.887776573581203,-43.28318743141474,2812,1782.56,0.488,0.0019,1.64
2595.53,-22.857290769753895,-43.328348659412804,2893,1782.56,0.494,0.0019,1.59
2595.53,-22.88551657420369,-43.329699326247216,2743,1782.56,0.478,0.0016,1.74
2595.53,-22.868433559223956,-43.291280473480036,2689,1782.56,0.485,0.0017,1.7
2595.53,-22.868610664476332,-43.29489435252647,2818,1782.56,0.486,0.0015,1.81
2595.53,-22.89365822630807,-43.326354297839345,2688,1782.56,0.479,0.0017,1.68
2595.53,-22.852551776113255,-43.311440720736606,2644,1782.56,0.449,0.0017,1.53
2595.58,-22.861135040004815,-43.30712425112237,2714,1782.56,0.413,0.0016,1.98
2595.58,-22.871774502158384,-43.27347256112669,2767,1782.56,0.462,0.0019,1.89
2595.58,-22.87581963627435,-43.27661797543457,2856,1782.56,0.426,0.0017,1.78
2595.58,-22.866770325140486,-43.278420343142365,2867,1782.56,0.489,0.0016,1.82
2595.58,-22.862464497491782,-43.2784074908392,2623,1782.56,0.453,0.0017,1.93
2595.58,-22.84534312678508,-43.29636634752985,2602,1782.56,0.427,0.0017,1.55
2595.58,-22.857123277620413,-43.29574409973182,2666,1782.56,0.452,0.0015,1.55
2595.58,-22.848738373059586,-43.29781761613115,2524,1782.56,0.462,0.0015,1.59
2595.58,-22.89656803123219,-43.28051317443747,2724,1782.56,0.476,0.0015,1.88
2595.61,-22.853413249490533,-43.30317161329989,2860,1782.56,0.462,0.0017,1.92
2595.61,-22.87578904193713,-43.27884368851319,2747,1782.56,0.407,0.0015,1.85
2595.61,-22.85821759881364,-43.27393164834267,2662,1782.56,0.469,0.0016,1.69
2595.61,-22.883891562489854,-43.28966294594265,2580,1782.56,0.442,0.0019,1.9
2595.61,-22.871209003769785,-43.305739958086846,2739,1782.56,0.473,0.0017,1.65
2595.61,-22.87071304085338,-43.289401165594995,2532,1782.56,0.468,0.0015,1.5
2595.63,-22.866245903957182,-43.32830163502488,2579,1782.56,0.416,0.0016,1.63
2595.63,-22.882739662015414,-43.27436970845517,2992,1782.56,0.486,0.0019,1.6
2595.63,-22.884615370405403,-43.336687407352116,2648,1782.56,0.406,0.0015,1.7
2595.63,-22.857290769753895,-43.328348659412804,2858,1782.56,0.471,0.0015,1.74
2595.63,-22.874593114721886,-43.29506176950043,2517,1782.56,0.423,0.0017,1.6
2595.63,-22.895625375970848,-43.3260810347732,2517,1782.56,0.445,0.0019,1.9
2595.63,-22.858351274875947,-43.296744959698415,2772,1782.56,0.476,0.0018,1.94
2595.63,-22.871209003769785,-43.305739958086846,2840,1782.56,0.463,0.0016,1.57
2595.65,-22.86381140933035,-43.329936562683585,2689,1782.56,0.423,0.0017,1.85
2595.65,-22.89189318600961,-43.335384174879266,2857,1782.56,0.434,0.0018,1.53
2595.65,-22.858468814441554,-43.287728665178946,2586,1782.56,0.407,0.0016,1.69
2595.65,-22.873643934246797,-43.295536094821664,2508,1782.56,0.465,0.0019,1.93
2595.65,-22.877044057031124,-43.32585217379867,2958,1782.56,0.449,0.0018,1.65
2595.65,-22.86205585541741,-43.28820058141566,2825,1782.56,0.403,0.0017,1.93
2595.65,-22.856479363937087,-43.29586271323093,2943,1782.56,0.423,0.0017,1.9
2595.65,-22.8669795169636,-43.312729395744626,2822,1782.56,0.482,0.0017,1.88
2595.65,-22.85080734028682,-43.29206683784505,2749,1782.56,0.455,0.0015,1.66
2595.65,-22.88503249841015,-43.324318816889715,2687,1782.56,0.431,0.0019,1.66
2595.65,-22.864211710200387,-43.29555600835499,2780,1782.56,0.42,0.0018,1.63
2595.69,-22.8923504582542,-43.277742797797735,2691,1782.56,0.424,0.0017,1.63
2595.69,-22.896364735439438,-43.32828877844426,2651,1782.56,0.488,0.0018,1.97
2595.69,-22.879885961699628,-43.295482481050094,2706,1782.56,0.428,0.0018,1.57
2595.69,-22.88551657420369,-43.329699326247216,2788,1782.56,0.498,0.0018,1.81
2595.69,-22.864249254248662,-43.32248206560194,2552,1782.56,0.472,0.0016,1.85
2595.69,-22.86493449045638,-43.28912110732493,2806,1782.56,0.43,0.0017,1.84
2595.69,-22.884709899851885,-43.27213163504,2835,1782.56,0.461,0.0015,1.61
2595.69,-22.872028940590603,-43.32433855365501,2730,1782.56,0.465,0.0015,1.71
2595.69,-22.897946430730556,-43.28184756803383,2848,1782.56,0.479,0.0018,1.68
2595.69,-22.89470308630807,-43.32551035541433,2964,1782.56,0.461,0.0015,1.71
2595.69,-22.886843205699535,-43.302088601823655,2735,1782.56,0.417,0.0019,1.85
2595.69,-22.882295866927176,-43.32450889376895,2549,1782.56,0.497,0.0016,1.74
2595.69,-22.88775419686622,-43.33164779315465,2549,1782.56,0.484,0.0017,1.92
2595.69,-22.863117302560145,-43.309960029963165,2867,1782.56,0.416,0.0015,1.53
2595.69,-22.88958552272534,-43.315395404695344,2541,1782.56,0.43,0.0018,1.88
2595.69,-22.886732583417785,-43.33823308647097,2756,1782.56,0.464,0.0017,1.52
2595.76,-22.88243702214164,-43.305369543833734,2826,1782.56,0.493,0.0019,1.59
2595.76,-22.88931882485539,-43.28966428164412,2589,1782.56,0.438,0.0017,1.9
2595.76,-22.866462312864606,-43.31212026897201,2899,1782.56,0.425,0.0015,1.65
2595.86,-22.857942866304892,-43.31413091695249,2582,1782.56,0.42,0.0017,1.53
2595.86,-22.874879843682866,-43.312921041067106,2936,1782.56,0.436,0.0016,1.57
2595.86,-22.874937783792504,-43.31494440611707,2964,1782.56,0.426,0.0019,1.99
2595.86,-22.875146291117844,-43.307818458397016,2647,1782.56,0.409,0.0015,1.67
2595.86,-22.859001569774904,-43.29193429934413,2830,1782.56,0.484,0.0017,1.96
2595.91,-22.87990539853711,-43.29569371562535,2868,1782.56,0.448,0.0015,1.84
2595.91,-22.87853141539161,-43.29876377217909,2677,1782.56,0.481,0.0018,1.62
2595.91,-22.86221497512879,-43.30516514856493,2916,1782.56,0.444,0.0017,1.59
2595.91,-22.855536186537016,-43.289990506140114,2515,1782.56,0.448,0.0019,1.64
2595.91,-22.860754225324428,-43.280699409222365,2830,1782.56,0.402,0.0016,1.89
2595.91,-22.868610664476332,-43.29489435252647,2543,1782.56,0.496,0.0018,1.53
2595.91,-22.86631276821089,-43.2952438805941,2961,1782.56,0.498,0.0016,1.95
2595.91,-22.865542753893855,-43.27607840214181,2547,1782.56,0.429,0.0015,1.5
2595.91,-22.894525850349083,-43.281279503578794,2917,1782.56,0.463,0.0019,1.77
2595.91,-22.85340758185386,-43.301772407423,2629,1782.56,0.494,0.0016,1.69
2595.92,-22.861340447661618,-43.31260812808475,2901,1782.56,0.45,0.0019,1.62
2595.92,-22.86367394666999,-43.297294159494605,2906,1782.56,0.492,0.0015,1.74
2595.92,-22.858215943544252,-43.30285628166705,2758,1782.56,0.483,0.0015,1.74
2595.92,-22.872231186627943,-43.33368539327478,2887,1782.56,0.451,0.0015,1.61
2595.92,-22.88984031167266,-43.28012659791169,2757,1782.56,0.431,0.0016,1.72
2595.92,-22.885118611594255,-43.3058813521704,2702,1782.56,0.417,0.0019,1.83
2595.92,-22.875515460916926,-43.31069020128653,2574,1782.56,0.451,0.0016,1.95
2595.92,-22.87857289987672,-43.29592354266078,2764,1782.56,0.406,0.0015,1.72
2595.92,-22.849463791266736,-43.299533807688285,2707,1782.56,0.452,0.0016,1.96
2595.92,-22.870076345915614,-43.277950719324274,2627,1782.56,0.416,0.0018,1.59
2595.92,-22.89656803123219,-43.28051317443747,2840,1782.56,0.418,0.0017,1.54
2595.92,-22.865538431199276,-43.291757177954814,2850,1782.56,0.491,0.0019,1.64
2595.95,-22.868307585939647,-43.281719632505286,2989,1782.56,0.495,0.0019,1.69
2595.95,-22.867458399570957,-43.268782955277885,2917,1782.56,0.483,0.0017,1.76
2595.95,-22.849064033953866,-43.30009229678292,2779,1782.56,0.416,0.0017,1.79
2595.95,-22.874302246649084,-43.30702553844383,2563,1782.56,0.421,0.0016,1.68
2595.95,-22.85592316671847,-43.30877386920199,2501,1782.56,0.436,0.0016,1.85
2595.95,-22.86540222513423,-43.27693918854471,2562,1782.56,0.427,0.0018,1.95
2595.95,-22.8787470534882,-43.32230690243902,2759,1782.56,0.475,0.0015,1.8
2595.96,-22.867021344732553,-43.307514989302184,2500,1782.56,0.409,0.0016,1.71
2595.96,-22.87859339716551,-43.286876010892534,2501,1782.56,0.4,0.0017,1.82
2595.96,-22.869805953313453,-43.28972292657455,2862,1782.56,0.492,0.0019,1.64
2595.96,-22.890137375091086,-43.277664054382306,2858,1782.56,0.491,0.0017,1.77
2595.96,-22.896654692875437,-43.28478563615814,2746,1782.56,0.413,0.0018,1.65
2595.96,-22.89412830948375,-43.27630798894939,2677,1782.56,0.45,0.0017,1.93
2595.96,-22.87380820665509,-43.3308834489832,2715,1782.56,0.447,0.0015,1.93
2595.98,-22.886843205699535,-43.302088601823655,2571,1782.56,0.413,0.0015,1.79
2595.98,-22.874658912291945,-43.31015627454578,2811,1782.56,0.471,0.0019,1.57
2595.98,-22.873643934246797,-43.295536094821664,2534,1782.56,0.419,0.0017,1.7
2595.98,-22.86782989029103,-43.276843052385786,2921,1782.56,0.466,0.0017,1.84
2596.08,-22.852607422648404,-43.298626277056655,2946,1782.56,0.497,0.0018,1.85
2596.08,-22.867230008683155,-43.2898652432337,2674,1782.56,0.407,0.0019,1.76
2596.08,-22.884561946601494,-43.27513063556018,2592,1782.56,0.466,0.0019,1.63
2596.08,-22.868086042102256,-43.27464160371426,2703,1782.56,0.428,0.0015,1.6
2596.08,-22.86370154201032,-43.275263209670356,2931,1782.56,0.484,0.0019,1.59
2596.08,-22.881468185623927,-43.294994976890806,2890,1782.56,0.491,0.0015,1.69
2596.08,-22.89821201384601,-43.32804152699613,2891,1782.56,0.484,0.0019,1.65
2596.08,-22.888342059087126,-43.29880050477733,2696,1782.56,0.454,0.0017,1.71
2596.11,-22.89055249713112,-43.280109026183055,2687,1782.56,0.445,0.0018,1.97
2596.11,-22.85203244933537,-43.292673874031166,2716,1782.56,0.405,0.0019,1.56
2596.11,-22.893061988077097,-43.27244154222657,2857,1782.56,0.421,0.0018,1.79
2596.11,-22.89798550404551,-43.28389935640311,2737,1782.56,0.456,0.0018,1.96
2596.11,-22.88294978703814,-43.282994904792325,2880,1782.56,0.482,0.0016,1.89
2596.11,-22.89177809869233,-43.28695883070058,2603,1782.56,0.409,0.0019,1.93
2596.13,-22.89350124787708,-43.33173002529052,2913,1782.56,0.439,0.0019,1.98
2596.13,-22.881333419710195,-43.321184370785694,2865,1782.56,0.465,0.0016,1.69
2596.13,-22.85080734028682,-43.29206683784505,2857,1782.56,0.4,0.0019,1.93
2596.13,-22.88291784427213,-43.279430490656594,2939,1782.56,0.408,0.0018,1.67
2596.13,-22.876164868609784,-43.286342101979244,2525,1782.56,0.416,0.0015,1.91
2596.13,-22.859725542708905,-43.2808886018145,2548,1782.56,0.432,0.0018,1.53
2596.13,-22.86575303264837,-43.31310777055796,2619,1782.56,0.48,0.0017,1.63
2596.13,-22.858468814441554,-43.287728665178946,2547,1782.56,0.447,0.0016,1.75
2596.13,-22.88788703352114,-43.271418990966914,2624,1782.56,0.456,0.0016,1.76
2596.13,-22.85340758185386,-43.301772407423,2915,1782.56,0.449,0.0015,1.72
2596.15,-22.88429130419991,-43.32979618231325,2694,1782.56,0.486,0.0019,1.81
2596.15,-22.870440572821785,-43.29706772608022,2845,1782.56,0.421,0.0016,1.87
2596.15,-22.857152785021295,-43.28769390181108,2620,1782.56,0.425,0.0018,1.8
2596.15,-22.883044621550756,-43.27253070149058,2590,1782.56,0.476,0.0018,1.68
2596.15,-22.877831132106472,-43.31106834331362,2640,1782.56,0.497,0.0016,1.8
2596.15,-22.89866055925909,-43.326964581551024,2719,1782.56,0.499,0.0016,1.7
2596.15,-22.888970419873544,-43.276900447868826,2862,1782.56,0.493,0.0015,1.9
2596.15,-22.862182974883037,-43.30926384783481,2772,1782.56,0.499,0.0015,1.57
2596.19,-22.859308857747987,-43.31502500596901,2929,1782.56,0.424,0.0019,1.88
2596.19,-22.869793334924008,-43.293918449790546,2847,1782.56,0.419,0.0018,1.66
2596.19,-22.870459567523028,-43.29559138021254,2893,1782.56,0.422,0.0019,1.71
2596.19,-22.84903284183012,-43.300378668090225,2508,1782.56,0.409,0.0018,1.8
2596.19,-22.886989975572032,-43.32263336577382,2517,1782.56,0.485,0.0016,1.63
2596.22,-22.862856612777097,-43.32606449715569,2677,1782.56,0.459,0.0018,1.69
2596.22,-22.89912367879457,-43.2891889620023,2632,1782.56,0.411,0.0015,1.97
2596.22,-22.882739662015414,-43.27436970845517,2671,1782.56,0.445,0.0015,1.69
2596.22,-22.874010689225567,-43.319107440956024,2761,1782.56,0.42,0.0019,1.97
2596.22,-22.89470308630807,-43.32551035541433,2971,1782.56,0.48,0.0018,1.97
2596.22,-22.87358421777799,-43.317387793603004,2926,1782.56,0.419,0.0015,1.78
2596.22,-22.888404163074107,-43.3373153549039,2575,1782.56,0.439,0.0019,1.88
2596.24,-22.871185631521833,-43.334161501074995,2849,1782.56,0.43,0.0015,1.93
2596.24,-22.886843205699535,-43.302088601823655,2529,1782.56,0.407,0.0015,1.87
2596.24,-22.856879651215213,-43.318851619904024,2929,1782.56,0.497,0.0015,1.81
2596.24,-22.877831132106472,-43.31106834331362,2875,1782.56,0.491,0.0015,1.83
2596.24,-22.885084361492257,-43.28521909640368,2929,1782.56,0.479,0.0017,1.74
2596.24,-22.85815950122837,-43.305398189772106,2891,1782.56,0.45,0.0018,1.54
2596.24,-22.857942866304892,-43.31413091695249,2616,1782.56,0.457,0.0017,1.86
2596.24,-22.859443527293752,-43.313754846042464,2964,1782.56,0.451,0.0018,1.74
2596.24,-22.886732583417785,-43.33823308647097,2535,1782.56,0.499,0.0015,1.61
2596.24,-22.869938702555682,-43.33162323026781,2827,1782.56,0.471,0.0018,1.83
2596.24,-22.856211768224753,-43.32841840155298,2564,1782.56,0.403,0.0017,1.61
2596.27,-22.88309767427097,-43.31674920792804,2534,1782.56,0.414,0.0019,1.86
2596.27,-22.89912367879457,-43.2891889620023,2684,1782.56,0.449,0.0019,1.55
2596.27,-22.866032073756877,-43.338131873315504,2950,1782.56,0.47,0.0015,1.6
2596.33,-22.882010907867286,-43.2955107445172,2502,1782.56,0.463,0.0015,1.67
2596.33,-22.88503249841015,-43.324318816889715,2928,1782.56,0.417,0.0016,1.81
2596.33,-22.87167666549464,-43.32423136498003,2673,1782.56,0.473,0.0019,1.56
2596.33,-22.869647425864212,-43.326493151495754,2652,1782.56,0.442,0.0017,1.83
2596.33,-22.894054080357296,-43.322548986091206,2979,1782.56,0.498,0.0017,1.75
2596.33,-22.87858325346472,-43.27939380830951,2892,1782.56,0.475,0.0018,1.66
2596.35,-22.86486717571422,-43.31091685420294,2784,1782.56,0.479,0.0018,1.85
2596.35,-22.87612594106117,-43.30746147147047,2712,1782.56,0.461,0.0015,1.86
2596.35,-22.882162080687223,-43.31894566364465,2704,1782.56,0.41,0.0018,1.58
2596.35,-22.861256893082682,-43.32794826319142,2780,1782.56,0.433,0.0016,1.52
2596.35,-22.864249254248662,-43.32248206560194,2975,1782.56,0.464,0.0018,1.98
2596.35,-22.86370154201032,-43.275263209670356,2780,1782.56,0.446,0.0015,1.97
2596.35,-22.89349781095011,-43.27513011000819,2813,1782.56,0.467,0.0015,1.5
2596.35,-22.866968974005935,-43.2989850526044,2743,1782.56,0.445,0.0019,1.88
2596.35,-22.87578904193713,-43.27884368851319,2728,1782.56,0.456,0.0015,1.57
2596.35,-22.866754144869372,-43.306332011179705,2965,1782.56,0.454,0.0019,1.71
2596.35,-22.863395815787765,-43.32537639837979,2566,1782.56,0.419,0.0016,1.57
2596.35,-22.870092504796666,-43.29135775802206,2692,1782.56,0.449,0.0019,1.69
2596.39,-22.88078056851191,-43.322729273656115,2950,1782.56,0.479,0.0015,1.77
2596.39,-22.8619828521923,-43.32818924833407,2573,1782.56,0.441,0.0017,1.96
2596.39,-22.86949389367307,-43.289631791960566,2929,1782.56,0.408,0.0018,1.56
2596.39,-22.863459854588292,-43.30014903832372,2504,1782.56,0.439,0.0018,1.86
2596.39,-22.876824543770894,-43.27666172746651,2665,1782.56,0.451,0.0019,1.74
2596.39,-22.861914604835324,-43.305383062241894,2851,1782.56,0.485,0.0017,1.68
2596.39,-22.86132513843861,-43.300739072527676,2932,1782.56,0.406,0.0017,1.7
2596.39,-22.887776573581203,-43.28318743141474,2795,1782.56,0.473,0.0015,1.82
2596.39,-22.850535474768858,-43.307920547579656,2801,1782.56,0.469,0.0016,1.5
2596.39,-22.881687513370636,-43.298275699900664,2914,1782.56,0.458,0.0015,1.81
2596.39,-22.862757124028064,-43.283703794161326,2525,1782.56,0.47,0.0016,1.65
2596.39,-22.852756897456484,-43.310038421031464,2691,1782.56,0.44,0.0018,1.9
2596.39,-22.862695092709878,-43.31100679155802,2688,1782.56,0.462,0.0016,1.86
2596.39,-22.86961225052659,-43.273621960841055,2926,1782.56,0.414,0.0018,1.8
2596.4,-22.885726073532716,-43.33563371528077,2564,1782.56,0.492,0.0015,1.89
2596.4,-22.87486612122775,-43.279707456444505,2796,1782.56,0.471,0.0018,1.52
2596.4,-22.893061988077097,-43.27244154222657,2786,1782.56,0.449,0.0019,1.93
2596.4,-22.88717693601249,-43.303481566569786,2723,1782.56,0.459,0.0019,1.62
2596.4,-22.89465966178841,-43.2903759655431,2802,1782.56,0.435,0.0019,1.82
2596.4,-22.884732663468814,-43.31628033887517,2818,1782.56,0.42,0.0017,1.53
2596.4,-22.871822805042193,-43.283667704162596,2793,1782.56,0.411,0.0016,1.54
2596.4,-22.862662756127307,-43.280590087419654,2874,1782.56,0.432,0.0018,1.7
2596.4,-22.881551873077655,-43.333125831061146,2863,1782.56,0.455,0.0019,1.93
2596.4,-22.889317434161647,-43.2726372572297,2595,1782.56,0.457,0.0018,1.87
2596.4,-22.86949389367307,-43.289631791960566,2930,1782.56,0.406,0.0018,1.52
2596.41,-22.864508830652948,-43.287446509399935,2694,1782.56,0.453,0.0016,1.53
2596.41,-22.874749136095733,-43.280831642689,2711,1782.56,0.449,0.0018,1.5
2596.41,-22.867230008683155,-43.2898652432337,2796,1782.56,0.468,0.0019,1.92
2596.41,-22.856530040860807,-43.28077437905881,2883,1782.56,0.42,0.0017,1.77
2596.41,-22.874593114721886,-43.29506176950043,2701,1782.56,0.443,0.0019,1.93
2596.41,-22.89798550404551,-43.28389935640311,2878,1782.56,0.45,0.0019,1.61
2596.42,-22.870956151955397,-43.31321927936711,2877,1782.56,0.43,0.0019,1.88
2596.42,-22.89465966178841,-43.2903759655431,2574,1782.56,0.49,0.0017,1.85
2596.42,-22.87174129713043,-43.27980852989895,2617,1782.56,0.404,0.0016,1.95
2596.42,-22.88427167832591,-43.32092673906297,2669,1782.56,0.433,0.0017,1.96
2596.42,-22.867917985966464,-43.31159846022739,2754,1782.56,0.496,0.0017,1.76
2596.42,-22.876785616372743,-43.32135565342095,2869,1782.56,0.409,0.0018,1.77
2596.42,-22.855767338153527,-43.3260065586982,2630,1782.56,0.472,0.0018,1.87
2596.42,-22.87177941225251,-43.28417908973632,2876,1782.56,0.465,0.0017,1.9
2596.44,-22.882295866927176,-43.32450889376895,2844,1782.56,0.405,0.0015,1.68
2596.44,-22.88807446890354,-43.28263784741499,2628,1782.56,0.468,0.0019,1.9
2596.44,-22.857123277620413,-43.29574409973182,2699,1782.56,0.499,0.0018,1.61
2596.44,-22.861630139363438,-43.31338349982406,2870,1782.56,0.441,0.0016,1.8
2596.44,-22.859824926994264,-43.333258221906284,2851,1782.56,0.448,0.0019,1.98
2596.44,-22.882544299338996,-43.30102470888667,2551,1782.56,0.453,0.0016,1.88
2596.44,-22.891804245638014,-43.32012754327931,2860,1782.56,0.482,0.0018,1.77
2596.44,-22.871228999758696,-43.29926589816055,2841,1782.56,0.438,0.0015,1.56
2596.47,-22.876346337075056,-43.31832463409336,2742,1782.56,0.472,0.0016,1.65
2596.47,-22.84534312678508,-43.29636634752985,2675,1782.56,0.454,0.0016,1.51
2596.47,-22.88503249841015,-43.324318816889715,2509,1782.56,0.493,0.0017,1.52
2596.47,-22.88307532763262,-43.29773034317116,2832,1782.56,0.467,0.0018,1.6
2596.47,-22.860754225324428,-43.280699409222365,2763,1782.56,0.483,0.0018,1.87
2596.47,-22.871822805042193,-43.283667704162596,2652,1782.56,0.425,0.0017,1.83
2596.52,-22.88789896745282,-43.321186846750706,2693,1782.56,0.469,0.0019,1.84
2596.52,-22.856530040860807,-43.28077437905881,2604,1782.56,0.451,0.0018,1.8
2596.52,-22.87824414614546,-43.32473055741454,2566,1782.56,0.439,0.0018,1.69
2596.52,-22.85752838383372,-43.320576888305446,2974,1782.56,0.47,0.0019,1.75
2596.52,-22.88931882485539,-43.28966428164412,2634,1782.56,0.484,0.0016,1.51
2596.52,-22.864211710200387,-43.29555600835499,2873,1782.56,0.492,0.0019,1.99
2596.52,-22.86951098217584,-43.273374949206584,2788,1782.56,0.499,0.0016,1.62
2596.52,-22.886016004221272,-43.27209761929771,2650,1782.56,0.44,0.0016,1.66
2596.52,-22.86611212503453,-43.29434089636883,2653,1782.56,0.418,0.0019,1.73
2596.54,-22.871285051555724,-43.30257291231742,2801,1782.56,0.467,0.0017,1.79
2596.54,-22.870061319264384,-43.33215504327575,2721,1782.56,0.421,0.0018,1.88
2596.54,-22.87247873307881,-43.277549008332294,2874,1782.56,0.473,0.0015,1.97
2596.54,-22.866754144869372,-43.306332011179705,2828,1782.56,0.414,0.0019,1.89
2596.54,-22.857942866304892,-43.31413091695249,2952,1782.56,0.453,0.0017,1.99
2596.54,-22.890074402587583,-43.28066188235112,2902,1782.56,0.474,0.0016,1.89
2596.54,-22.883030548301637,-43.3356782256163,2979,1782.56,0.417,0.0019,1.79
2596.54,-22.869793334924008,-43.293918449790546,2541,1782.56,0.448,0.0018,1.87
2596.54,-22.86498400160477,-43.28216548273183,2730,1782.56,0.426,0.0018,1.97
2596.54,-22.862088842466637,-43.27367873862249,2787,1782.56,0.432,0.0018,1.99
2596.54,-22.89021611070215,-43.328895411526545,2968,1782.56,0.451,0.0017,1.68
2596.55,-22.86575303264837,-43.31310777055796,2545,1782.56,0.436,0.0017,1.79
2596.55,-22.874658912291945,-43.31015627454578,2813,1782.56,0.472,0.0019,1.53
2596.55,-22.897828521923,-43.32076240791066,2502,1782.56,0.409,0.0016,1.69
2596.55,-22.870459567523028,-43.29559138021254,2504,1782.56,0.432,0.0018,1.97
2596.55,-22.863391643148574,-43.28982290627995,2648,1782.56,0.447,0.0019,1.88
2596.55,-22.874522011482487,-43.28315346692239,2571,1782.56,0.491,0.0015,1.93
2596.55,-22.882010907867286,-43.2955107445172,2549,1782.56,0.466,0.0016,1.62
2596.55,-22.861340447661618,-43.31260812808475,2834,1782.56,0.471,0.0015,1.68
2596.55,-22.88735265443355,-43.27389247149932,2983,1782.56,0.465,0.0015,1.65
2596.55,-22.8619828521923,-43.32818924833407,2559,1782.56,0.498,0.0018,1.5
2596.55,-22.856454885914935,-43.28119881115064,2749,1782.56,0.489,0.0016,1.93
2596.55,-22.86711369768245,-43.29231942816386,2593,1782.56,0.436,0.0019,1.87
2596.55,-22.86540222513423,-43.27693918854471,2939,1782.56,0.454,0.0016,1.52
2596.55,-22.88864127331701,-43.293615823968004,2546,1782.56,0.442,0.0019,1.92
2596.55,-22.861914604835324,-43.305383062241894,2819,1782.56,0.424,0.0017,1.67
2596.55,-22.89656803123219,-43.28051317443747,2993,1782.56,0.451,0.0016,1.61
2596.56,-22.88078056851191,-43.322729273656115,2687,1782.56,0.425,0.0018,1.52
2596.56,-22.883891562489854,-43.28966294594265,2613,1782.56,0.414,0.0019,1.75
2596.56,-22.889011332646945,-43.2839897527779,2971,1782.56,0.463,0.0019,1.95
2596.56,-22.885269744638116,-43.31286410873418,2801,1782.56,0.471,0.0016,1.83
2596.56,-22.884215047491185,-43.286962960829634,2668,1782.56,0.488,0.0015,1.54
2596.57,-22.867364115090226,-43.30119033532758,2731,1782.56,0.403,0.0018,1.76
2596.57,-22.863459854588292,-43.30014903832372,2747,1782.56,0.413,0.0018,1.71
2596.57,-22.8593406230216,-43.30664764460924,2528,1782.56,0.419,0.0015,1.78
2596.57,-22.87858325346472,-43.27939380830951,2736,1782.56,0.403,0.0018,1.98
2596.57,-22.861116383190375,-43.306281424567054,2598,1782.56,0.45,0.0016,1.75
2596.57,-22.863843899174302,-43.328411742592934,2859,1782.56,0.463,0.0015,1.83
2596.57,-22.8747783615419,-43.27590700942373,2730,1782.56,0.492,0.0015,1.7
2596.57,-22.865391656096406,-43.29681388799275,2909,1782.56,0.491,0.0018,1.7
2596.57,-22.888531725301167,-43.284620857361205,2987,1782.56,0.457,0.0018,1.96
2596.57,-22.85209561925868,-43.29621764528502,2547,1782.56,0.469,0.0015,1.6
2596.57,-22.876600058653487,-43.294176986899174,2865,1782.56,0.455,0.0015,1.92
2596.57,-22.88809210983536,-43.286663944830735,2866,1782.56,0.472,0.0019,1.9
2596.57,-22.88427167832591,-43.32092673906297,2720,1782.56,0.418,0.0018,1.99
2596.57,-22.88427167832591,-43.32092673906297,2990,1782.56,0.454,0.0016,1.51
2596.57,-22.86540222513423,-43.27693918854471,2757,1782.56,0.485,0.0016,1.72
2596.57,-22.86711369768245,-43.29231942816386,2653,1782.56,0.444,0.0017,1.72
2596.58,-22.882822150903383,-43.319929977033766,2801,1782.56,0.45,0.0018,1.53
2596.58,-22.876824543770894,-43.27666172746651,2905,1782.56,0.407,0.0016,1.67
2596.58,-22.88322984648596,-43.28421464468421,2879,1782.56,0.421,0.0017,1.61
2596.58,-22.886789936011343,-43.31585082403175,2762,1782.56,0.489,0.0015,1.67
2596.58,-22.860754225324428,-43.280699409222365,2785,1782.56,0.4,0.0015,1.62
2596.63,-22.861914604835324,-43.305383062241894,2966,1782.56,0.415,0.0018,1.67
2596.63,-22.862088842466637,-43.27367873862249,2653,1782.56,0.451,0.0016,1.92
2596.63,-22.86144821698873,-43.32954653473449,2756,1782.56,0.448,0.0016,1.86
2596.63,-22.87071304085338,-43.289401165594995,2691,1782.56,0.412,0.0017,1.7
2596.63,-22.848589623892043,-43.299859478608504,2922,1782.56,0.438,0.0018,1.7
2596.63,-22.88809210983536,-43.286663944830735,2574,1782.56,0.432,0.0016,1.71
2596.63,-22.891801503424844,-43.32398281396972,2565,1782.56,0.493,0.0016,1.7
2596.63,-22.890074402587583,-43.28066188235112,2710,1782.56,0.447,0.0018,1.62
2596.63,-22.855536186537016,-43.289990506140114,2920,1782.56,0.477,0.0015,1.62
2596.63,-22.858037683480056,-43.30275192403924,2852,1782.56,0.421,0.0017,1.59
2596.63,-22.87174129713043,-43.27980852989895,2630,1782.56,0.449,0.0015,1.7
2596.66,-22.87612594106117,-43.30746147147047,2770,1782.56,0.489,0.0016,1.68
2596.66,-22.871285051555724,-43.30257291231742,2677,1782.56,0.42,0.0018,1.9
2596.66,-22.859089832041434,-43.320169279291335,2886,1782.56,0.474,0.0018,1.91
2596.66,-22.87380820665509,-43.3308834489832,2617,1782.56,0.42,0.0018,1.69
2596.66,-22.863144811151294,-43.30122223728789,2650,1782.56,0.493,0.0015,1.9
2596.66,-22.892895319049963,-43.316131804558516,2979,1782.56,0.437,0.0015,1.59
2596.66,-22.864211710200387,-43.29555600835499,2725,1782.56,0.417,0.0019,1.56
2596.66,-22.845181025238592,-43.30895042890004,2667,1782.56,0.483,0.0017,1.95
2596.66,-22.87858325346472,-43.27939380830951,2898,1782.56,0.408,0.0018,1.97
2596.66,-22.85728372610451,-43.31757331912454,2581,1782.56,0.405,0.0019,1.77
2596.71,-22.883891562489854,-43.28966294594265,2871,1782.56,0.466,0.0017,1.76
2596.71,-22.873148189917117,-43.31526484181589,2572,1782.56,0.47,0.0017,1.65
2596.71,-22.88656171280685,-43.27530997233421,2763,1782.56,0.476,0.0018,1.55
2596.71,-22.87853141539161,-43.29876377217909,2523,1782.56,0.48,0.0019,1.54
2596.71,-22.88809210983536,-43.286663944830735,2969,1782.56,0.404,0.0015,1.9
2596.71,-22.8776379226127,-43.306554287574436,2791,1782.56,0.431,0.0015,1.94
2596.71,-22.858628339397463,-43.29865405889191,2565,1782.56,0.484,0.0019,1.65
2596.71,-22.845248759869055,-43.3032342222112,2595,1782.56,0.417,0.0019,1.88
2596.71,-22.85209561925868,-43.29621764528502,2664,1782.56,0.493,0.0015,1.67
2596.71,-22.85203244933537,-43.292673874031166,2707,1782.56,0.464,0.0015,1.5
2596.71,-22.87859339716551,-43.286876010892534,2619,1782.56,0.479,0.0018,1.78
2596.71,-22.891604418991513,-43.32057109748399,2883,1782.56,0.482,0.0018,1.88
2596.75,-22.858273209561837,-43.27801793683567,2970,1782.56,0.404,0.0018,1.84
2596.75,-22.88864127331701,-43.293615823968004,2936,1782.56,0.429,0.0019,1.73
2596.75,-22.858671261657715,-43.28552993808476,2882,1782.56,0.456,0.0018,1.99
2596.75,-22.874591043797622,-43.3249468165468,2754,1782.56,0.413,0.0016,1.93
2596.75,-22.887985146995945,-43.281412996317925,2997,1782.56,0.475,0.0015,1.83
2596.75,-22.87143458612598,-43.26949400000578,2872,1782.56,0.477,0.0018,1.65
2596.75,-22.856211768224753,-43.32841840155298,2536,1782.56,0.441,0.0018,1.94
2596.75,-22.8579311397991,-43.32575380126112,2876,1782.56,0.483,0.0017,1.54
2596.75,-22.86957388783563,-43.31016904625865,2754,1782.56,0.495,0.0015,1.92
2596.75,-22.88427167832591,-43.32092673906297,2529,1782.56,0.476,0.0017,1.62
2596.75,-22.88472486045064,-43.29643285206332,2525,1782.56,0.464,0.0015,1.97
2596.75,-22.861135040004815,-43.30712425112237,2772,1782.56,0.433,0.0018,1.77
2596.77,-22.866386277370406,-43.327674301085324,2778,1782.56,0.409,0.0017,1.96
2596.77,-22.848986959017367,-43.30908106870625,2677,1782.56,0.461,0.0018,1.78
2596.77,-22.866462312864606,-43.31212026897201,2993,1782.56,0.403,0.0016,1.72
2596.77,-22.877044057031124,-43.32585217379867,2810,1782.56,0.441,0.0018,1.67
2596.77,-22.877127088132532,-43.313636642888476,2886,1782.56,0.497,0.0018,1.89
2596.77,-22.886989975572032,-43.32263336577382,2539,1782.56,0.441,0.0017,1.55
2596.77,-22.85490725184812,-43.31305508257125,2585,1782.56,0.413,0.0019,1.53
2596.77,-22.89821201384601,-43.32804152699613,2508,1782.56,0.469,0.0015,1.69
2596.77,-22.87486612122775,-43.279707456444505,2739,1782.56,0.44,0.0015,1.61
2596.77,-22.876541212193533,-43.32981029734441,2581,1782.56,0.423,0.0016,1.88
2596.77,-22.883374036979877,-43.328317281821505,2627,1782.56,0.488,0.0016,1.67
2596.77,-22.86575303264837,-43.31310777055796,2830,1782.56,0.495,0.0015,1.87
2596.77,-22.88809210983536,-43.286663944830735,2702,1782.56,0.436,0.0017,1.95
2596.77,-22.87908092616878,-43.31852261625576,2715,1782.56,0.481,0.0017,1.91
2596.77,-22.86782989029103,-43.276843052385786,2841,1782.56,0.462,0.0019,1.83
2596.77,-22.853402608125048,-43.308619414848714,2990,1782.56,0.495,0.0015,1.64
2596.77,-22.88198675812342,-43.27676495959041,2862,1782.56,0.471,0.0015,1.91
2596.77,-22.865638580774625,-43.29937150465544,2782,1782.56,0.442,0.0016,1.73
2596.77,-22.88742514405326,-43.27609989812992,2503,1782.56,0.43,0.0015,1.58
2596.82,-22.848738373059586,-43.29781761613115,2551,1782.56,0.447,0.0015,1.88
2596.82,-22.88551657420369,-43.329699326247216,2532,1782.56,0.472,0.0018,1.82
2596.82,-22.874148355983735,-43.30891140765203,2870,1782.56,0.419,0.0017,1.86
2596.82,-22.865638580774625,-43.29937150465544,2643,1782.56,0.406,0.0015,1.51
2596.82,-22.88347249931642,-43.30216835806813,2855,1782.56,0.497,0.0017,1.8
2596.82,-22.85080734028682,-43.29206683784505,2696,1782.56,0.453,0.0019,1.77
2596.82,-22.874879843682866,-43.312921041067106,2628,1782.56,0.434,0.0017,1.57
2596.82,-22.852551776113255,-43.311440720736606,2681,1782.56,0.417,0.0019,1.75
2596.82,-22.86498400160477,-43.28216548273183,2947,1782.56,0.43,0.0016,1.87
2596.82,-22.86205585541741,-43.28820058141566,2874,1782.56,0.414,0.0016,1.67
2596.82,-22.881687513370636,-43.298275699900664,2524,1782.56,0.43,0.0015,1.94
2596.82,-22.893196891260317,-43.31705142493954,2789,1782.56,0.483,0.0019,1.53
2596.82,-22.870440572821785,-43.29706772608022,2889,1782.56,0.436,0.0018,1.55
2596.82,-22.885084361492257,-43.28521909640368,2624,1782.56,0.482,0.0018,1.65
2596.82,-22.84947814309329,-43.298027643961824,2526,1782.56,0.435,0.0019,1.99
2596.84,-22.882739662015414,-43.27436970845517,2562,1782.56,0.475,0.0019,1.92
2596.84,-22.858351274875947,-43.296744959698415,2549,1782.56,0.459,0.0017,1.95
2596.84,-22.861492160766815,-43.30304129907048,2721,1782.56,0.49,0.0015,1.85
2596.84,-22.8787675650818,-43.31412382741355,2593,1782.56,0.423,0.0015,1.78
2596.84,-22.886969983847738,-43.30609520493499,2656,1782.56,0.486,0.0018,1.97
2596.84,-22.859824926994264,-43.333258221906284,2973,1782.56,0.498,0.0017,1.74
2596.84,-22.8593406230216,-43.30664764460924,2737,1782.56,0.415,0.0015,1.52
2596.84,-22.88150700142016,-43.27882017150691,2818,1782.56,0.49,0.0015,1.96
2596.84,-22.888970419873544,-43.276900447868826,2551,1782.56,0.4,0.0018,1.97
2596.84,-22.87824414614546,-43.32473055741454,2749,1782.56,0.413,0.0018,1.59
2596.84,-22.869616302038466,-43.296865451879185,2839,1782.56,0.408,0.0016,1.57
2596.86,-22.86143205741137,-43.3229601040728,2554,1782.56,0.445,0.0017,1.52
2596.86,-22.876915571808613,-43.29389117666397,2525,1782.56,0.429,0.0017,1.71
2596.86,-22.85023684649563,-43.298567292399085,2906,1782.56,0.499,0.0018,1.53
2596.86,-22.88309767427097,-43.31674920792804,2675,1782.56,0.42,0.0016,1.94
2596.86,-22.862856612777097,-43.32606449715569,2535,1782.56,0.477,0.0017,1.63
2596.86,-22.874302246649084,-43.30702553844383,2599,1782.56,0.441,0.0016,1.67
2596.86,-22.89580667279858,-43.3224519112638,2739,1782.56,0.423,0.0016,1.97
2596.86,-22.871209003769785,-43.305739958086846,2826,1782.56,0.433,0.0019,1.91
2596.86,-22.865124305239885,-43.331156567654766,2954,1782.56,0.405,0.0019,1.93
2596.86,-22.88789896745282,-43.321186846750706,2882,1782.56,0.421,0.0016,1.91
2596.86,-22.868433559223956,-43.291280473480036,2777,1782.56,0.48,0.0017,1.8
2596.86,-22.88656171280685,-43.27530997233421,2553,1782.56,0.498,0.0016,1.87
2596.87,-22.874937783792504,-43.31494440611707,2999,1782.56,0.47,0.0016,1.69
2596.87,-22.87380820665509,-43.3308834489832,2925,1782.56,0.406,0.0016,1.75
2596.87,-22.888255012773346,-43.28595440982584,2848,1782.56,0.488,0.0017,1.62
2596.89,-22.87824414614546,-43.32473055741454,2602,1782.56,0.438,0.0016,1.64
2596.89,-22.869793334924008,-43.293918449790546,2698,1782.56,0.424,0.0017,1.95
2596.89,-22.865538431199276,-43.291757177954814,2996,1782.56,0.4,0.0018,1.64
2596.89,-22.860857134715587,-43.27805752582416,2505,1782.56,0.418,0.0017,1.62
2596.89,-22.880238359783807,-43.31131469976535,2916,1782.56,0.484,0.0018,1.9
2596.89,-22.870459567523028,-43.29559138021254,2963,1782.56,0.435,0.0019,1.68
2596.89,-22.85209561925868,-43.29621764528502,2617,1782.56,0.497,0.0015,1.77
2596.89,-22.847079298568104,-43.29783874614938,2987,1782.56,0.496,0.0019,1.56
2596.9,-22.874805283167667,-43.288730385204914,2734,1782.56,0.476,0.0018,1.89
2596.9,-22.853402608125048,-43.308619414848714,2812,1782.56,0.492,0.0016,1.93
2596.9,-22.879885961699628,-43.295482481050094,2929,1782.56,0.401,0.0019,1.83
2596.9,-22.862464497491782,-43.2784074908392,2897,1782.56,0.411,0.0017,1.77
2596.9,-22.886016004221272,-43.27209761929771,2592,1782.56,0.437,0.0015,1.78
2596.91,-22.887528723398574,-43.297279915342905,2725,1782.56,0.496,0.0017,1.63
2596.91,-22.861710046858633,-43.278467531094556,2616,1782.56,0.426,0.0015,1.87
2596.91,-22.870061319264384,-43.33215504327575,2538,1782.56,0.435,0.0017,1.72
2596.91,-22.8584415454567,-43.30047382902333,2739,1782.56,0.442,0.0018,1.94
2596.91,-22.871145094853688,-43.28174662556796,2898,1782.56,0.457,0.0016,1.9
2596.91,-22.863395815787765,-43.32537639837979,2518,1782.56,0.491,0.0016,1.74
2596.94,-22.85691383798527,-43.32369838040761,2724,1782.56,0.425,0.0015,1.89
2596.94,-22.89349781095011,-43.27513011000819,2729,1782.56,0.462,0.0016,1.8
2596.94,-22.888925165061927,-43.331746474485364,2851,1782.56,0.462,0.0019,1.85
2596.94,-22.888055757576428,-43.308529388417405,2679,1782.56,0.493,0.0016,1.8
2596.94,-22.873643934246797,-43.295536094821664,2951,1782.56,0.461,0.0017,1.99
2596.94,-22.87908092616878,-43.31852261625576,2553,1782.56,0.482,0.0019,1.82
2596.94,-22.861532363431817,-43.29386874824151,2557,1782.56,0.456,0.0018,1.77
2596.94,-22.85490725184812,-43.31305508257125,2553,1782.56,0.444,0.0016,1.76
2596.94,-22.869611223913218,-43.29033624211841,2945,1782.56,0.423,0.0019,1.79
2596.94,-22.885084361492257,-43.28521909640368,2675,1782.56,0.402,0.0018,1.97
2596.94,-22.89866055925909,-43.326964581551024,2828,1782.56,0.456,0.0016,1.51
2596.99,-22.8923504582542,-43.277742797797735,2605,1782.56,0.441,0.0017,1.61
2596.99,-22.883609697486193,-43.321985320706766,2619,1782.56,0.481,0.0016,1.58
2596.99,-22.875121999585705,-43.302579846612964,2628,1782.56,0.475,0.0016,1.71
2596.99,-22.862128139552905,-43.313939096711664,2651,1782.56,0.42,0.0017,1.73
2596.99,-22.874655271160172,-43.31538291312141,2646,1782.56,0.446,0.0017,1.79
2596.99,-22.855767338153527,-43.3260065586982,2551,1782.56,0.442,0.0017,1.81
2596.99,-22.857292338452964,-43.328270454943,2761,1782.56,0.43,0.0019,1.93
2596.99,-22.867920753613166,-43.32942070047525,2516,1782.56,0.458,0.0019,1.56
2596.99,-22.863011240699805,-43.27912413886022,2653,1782.56,0.492,0.0017,1.99
2596.99,-22.88145053345863,-43.31795462036982,2589,1782.56,0.421,0.0017,1.67
2597.05,-22.870061319264384,-43.33215504327575,2564,1782.56,0.43,0.0019,1.77
2597.05,-22.873643934246797,-43.295536094821664,2501,1782.56,0.406,0.0019,1.86
2597.05,-22.892388545838266,-43.288957423371535,2979,1782.56,0.476,0.0016,1.86
2597.05,-22.883609697486193,-43.321985320706766,2908,1782.56,0.457,0.0016,1.61
2597.05,-22.889317434161647,-43.2726372572297,2645,1782.56,0.478,0.0018,1.89
2597.05,-22.871774502158384,-43.27347256112669,2897,1782.56,0.492,0.0016,1.86
2597.05,-22.861012965171714,-43.27194657048819,2977,1782.56,0.492,0.0017,1.77
2597.05,-22.86639865047928,-43.278186064407635,2539,1782.56,0.41,0.0016,1.71
2597.05,-22.874302246649084,-43.30702553844383,2734,1782.56,0.448,0.0018,1.69
2597.05,-22.88735265443355,-43.27389247149932,2809,1782.56,0.467,0.0015,1.77
2597.05,-22.863011240699805,-43.27912413886022,2652,1782.56,0.421,0.0016,1.62
2597.06,-22.866695168633957,-43.32761741916098,2940,1782.56,0.41,0.0016,1.77
2597.06,-22.874419027380306,-43.28372126720013,2625,1782.56,0.461,0.0015,1.8
2597.06,-22.861916010114125,-43.30826500979156,2500,1782.56,0.469,0.0018,1.78
2597.06,-22.848738373059586,-43.29781761613115,2911,1782.56,0.48,0.0019,1.82
2597.06,-22.88789896745282,-43.321186846750706,2942,1782.56,0.494,0.0017,1.82
2597.06,-22.857152785021295,-43.28769390181108,2776,1782.56,0.407,0.0019,1.96
2597.06,-22.86711369768245,-43.29231942816386,2933,1782.56,0.437,0.0018,1.64
2597.06,-22.857292338452964,-43.328270454943,2838,1782.56,0.437,0.0015,1.66
2597.06,-22.8584415454567,-43.30047382902333,2501,1782.56,0.424,0.0015,1.81
2597.06,-22.869793334924008,-43.293918449790546,2786,1782.56,0.461,0.0019,1.96
2597.06,-22.887155516722924,-43.305234974339086,2680,1782.56,0.439,0.0017,1.53
2597.06,-22.856211768224753,-43.32841840155298,2930,1782.56,0.42,0.0015,1.74
2597.06,-22.894448313775243,-43.32140260734481,2772,1782.56,0.486,0.0018,1.8
2597.06,-22.864249254248662,-43.32248206560194,2670,1782.56,0.49,0.0018,1.88
2597.09,-22.862757124028064,-43.283703794161326,2994,1782.56,0.458,0.0016,1.5
2597.09,-22.872518736807113,-43.322314380754484,2501,1782.56,0.44,0.0019,1.98
2597.09,-22.89288154320739,-43.286883687835434,2521,1782.56,0.427,0.0017,1.66
2597.09,-22.85815950122837,-43.305398189772106,2835,1782.56,0.473,0.0017,1.78
2597.09,-22.871145094853688,-43.28174662556796,2850,1782.56,0.497,0.0017,1.65
2597.09,-22.891804245638014,-43.32012754327931,2941,1782.56,0.417,0.0017,1.7
2597.09,-22.88958552272534,-43.315395404695344,2638,1782.56,0.421,0.0017,1.91
2597.09,-22.867920753613166,-43.32942070047525,2624,1782.56,0.466,0.0016,1.64
2597.17,-22.865174884082702,-43.28765803844912,2798,1782.56,0.493,0.0019,1.73
2597.17,-22.895958184072008,-43.329875786471284,2758,1782.56,0.445,0.0015,1.56
2597.17,-22.875834082414713,-43.27831564801494,2714,1782.56,0.455,0.0017,1.75
2597.17,-22.882743437189614,-43.29366959255035,2605,1782.56,0.485,0.0017,1.99
2597.17,-22.85658774011582,-43.29605023595669,2948,1782.56,0.467,0.0018,1.84
2597.17,-22.88243702214164,-43.305369543833734,2981,1782.56,0.461,0.0019,1.63
2597.17,-22.85945488457674,-43.326512509270515,2540,1782.56,0.466,0.0015,1.66
2597.17,-22.88429130419991,-43.32979618231325,2815,1782.56,0.471,0.0016,1.65
2597.17,-22.853413249490533,-43.30317161329989,2622,1782.56,0.431,0.0019,1.53
2597.17,-22.874937783792504,-43.31494440611707,2618,1782.56,0.404,0.0015,1.95
2597.17,-22.875085854289406,-43.31276047115411,2604,1782.56,0.4,0.0017,1.68
2597.17,-22.889578146447786,-43.331262264623696,2805,1782.56,0.477,0.0018,1.99
2597.17,-22.861256893082682,-43.32794826319142,2605,1782.56,0.495,0.0016,1.95
2597.17,-22.858077548881493,-43.2752935821443,2567,1782.56,0.455,0.0019,1.76
2597.18,-22.889578146447786,-43.331262264623696,2743,1782.56,0.462,0.0019,1.74
2597.18,-22.889317434161647,-43.2726372572297,2640,1782.56,0.458,0.0015,1.92
2597.18,-22.850535474768858,-43.307920547579656,2717,1782.56,0.493,0.0015,1.87
2597.18,-22.870076345915614,-43.277950719324274,2954,1782.56,0.474,0.0016,1.71
2597.18,-22.865542753893855,-43.27607840214181,2954,1782.56,0.425,0.0016,1.94
2597.18,-22.857942866304892,-43.31413091695249,2605,1782.56,0.472,0.0018,1.82
2597.18,-22.86143205741137,-43.3229601040728,2857,1782.56,0.456,0.0017,1.62
2597.18,-22.89580667279858,-43.3224519112638,2739,1782.56,0.433,0.0015,1.72
2597.2,-22.869938702555682,-43.33162323026781,2725,1782.56,0.421,0.0015,1.56
2597.2,-22.888342059087126,-43.29880050477733,2582,1782.56,0.454,0.0018,1.96
2597.2,-22.87027709556658,-43.32066505001392,2963,1782.56,0.42,0.0017,1.95
2597.2,-22.861044951138112,-43.30165423832948,2989,1782.56,0.494,0.0015,1.57
2597.2,-22.87669317578605,-43.291644222597775,2841,1782.56,0.41,0.0015,1.67
2597.2,-22.87908092616878,-43.31852261625576,2907,1782.56,0.481,0.0018,1.71
2597.2,-22.876915571808613,-43.29389117666397,2756,1782.56,0.428,0.0016,1.88
2597.2,-22.88307532763262,-43.29773034317116,2789,1782.56,0.412,0.0018,1.98
2597.2,-22.865542753893855,-43.27607840214181,2786,1782.56,0.479,0.0018,1.97
2597.2,-22.859725542708905,-43.2808886018145,2689,1782.56,0.462,0.0019,1.85
2597.2,-22.86340826042182,-43.31149043301849,2906,1782.56,0.404,0.0019,1.68
2597.2,-22.891801503424844,-43.32398281396972,2545,1782.56,0.48,0.0019,1.7
2597.2,-22.85629180486859,-43.3176659458171,2844,1782.56,0.414,0.0016,1.72
2597.2,-22.874148355983735,-43.30891140765203,2575,1782.56,0.438,0.0019,1.87
2597.2,-22.878938327788468,-43.3265110096202,2582,1782.56,0.495,0.0016,1.53
2597.2,-22.860617930915378,-43.28970703182598,2918,1782.56,0.476,0.0015,1.5
2597.2,-22.863843899174302,-43.328411742592934,2542,1782.56,0.44,0.0019,1.8
2597.2,-22.885084361492257,-43.28521909640368,2960,1782.56,0.433,0.0016,1.65
2597.2,-22.875881152367807,-43.27437786519449,2892,1782.56,0.406,0.0016,1.55
2597.2,-22.871406185960076,-43.30176403728605,2963,1782.56,0.487,0.0017,1.94
2597.21,-22.881333419710195,-43.321184370785694,2881,1782.56,0.471,0.0018,1.74
2597.21,-22.870076345915614,-43.277950719324274,2715,1782.56,0.438,0.0019,1.81
2597.21,-22.889737591711263,-43.27804566482924,2786,1782.56,0.4,0.0015,1.94
2597.21,-22.8669795169636,-43.312729395744626,2753,1782.56,0.496,0.0015,1.95
2597.21,-22.857123277620413,-43.29574409973182,2596,1782.56,0.446,0.0019,1.92
2597.21,-22.865683622380516,-43.310260791624906,2738,1782.56,0.474,0.0015,1.69
2597.22,-22.89496887400113,-43.315918410614934,2542,1782.56,0.423,0.0015,1.51
2597.22,-22.87758754724252,-43.277893181698815,2571,1782.56,0.483,0.0016,1.88
2597.22,-22.848466036185997,-43.30108889404392,2849,1782.56,0.454,0.0017,1.99
2597.22,-22.857152785021295,-43.28769390181108,2539,1782.56,0.489,0.0017,1.56
2597.22,-22.861349365426673,-43.305214149060646,2635,1782.56,0.487,0.0019,1.87
2597.22,-22.865542753893855,-43.27607840214181,2520,1782.56,0.49,0.0015,1.66
2597.22,-22.89055249713112,-43.280109026183055,2769,1782.56,0.443,0.0018,1.81
2597.22,-22.88656171280685,-43.27530997233421,2938,1782.56,0.497,0.0015,1.87
2597.22,-22.86404647579271,-43.29436203736227,2519,1782.56,0.444,0.0015,1.89
2597.22,-22.862464497491782,-43.2784074908392,2889,1782.56,0.465,0.0016,1.92
2597.23,-22.870206340591764,-43.278809172268794,2769,1782.56,0.424,0.0015,1.76
2597.23,-22.88990044773605,-43.27986962630341,2939,1782.56,0.414,0.0017,1.71
2597.23,-22.89214807653393,-43.32199924007791,2725,1782.56,0.49,0.0016,1.78
2597.23,-22.85728372610451,-43.31757331912454,2889,1782.56,0.456,0.0015,1.97
2597.23,-22.895008198056836,-43.33039785933877,2968,1782.56,0.424,0.0015,1.52
2597.23,-22.888531725301167,-43.284620857361205,2962,1782.56,0.446,0.0016,1.76
2597.23,-22.893196891260317,-43.31705142493954,2645,1782.56,0.493,0.0018,1.76
2597.26,-22.869194574702586,-43.30490939599209,2584,1782.56,0.464,0.0015,1.72
2597.26,-22.862128139552905,-43.313939096711664,2555,1782.56,0.496,0.0016,1.66
2597.26,-22.860857134715587,-43.27805752582416,2988,1782.56,0.467,0.0016,1.78
2597.26,-22.862695092709878,-43.31100679155802,2813,1782.56,0.457,0.0016,1.7
2597.26,-22.874302246649084,-43.30702553844383,2684,1782.56,0.406,0.0018,1.52
2597.26,-22.8710839047058,-43.28359471863838,2784,1782.56,0.494,0.0015,1.86
2597.26,-22.85821759881364,-43.27393164834267,2619,1782.56,0.402,0.0017,1.85
2597.26,-22.88742514405326,-43.27609989812992,2646,1782.56,0.402,0.0019,1.75
2597.26,-22.895008198056836,-43.33039785933877,2794,1782.56,0.479,0.0015,1.76
2597.26,-22.8913494561635,-43.2811121526979,2605,1782.56,0.429,0.0016,1.6
2597.26,-22.852756897456484,-43.310038421031464,2579,1782.56,0.424,0.0017,1.78
2597.26,-22.887776573581203,-43.28318743141474,2847,1782.56,0.479,0.0018,1.58
2597.26,-22.87143458612598,-43.26949400000578,2588,1782.56,0.484,0.0017,1.58
2597.28,-22.867917985966464,-43.31159846022739,2790,1782.56,0.407,0.0017,1.97
2597.28,-22.869300268927798,-43.332347474286664,2839,1782.56,0.465,0.0019,1.55
2597.28,-22.88775419686622,-43.33164779315465,2936,1782.56,0.401,0.0019,1.57
2597.28,-22.867950283006152,-43.28254729962418,2842,1782.56,0.486,0.0018,1.79
2597.28,-22.8580219822232,-43.32874338434754,2946,1782.56,0.423,0.0017,1.61
2597.28,-22.888114719854006,-43.29496886083367,2795,1782.56,0.448,0.0016,1.51
2597.28,-22.89214807653393,-43.32199924007791,2566,1782.56,0.441,0.0015,1.88
2597.28,-22.869611223913218,-43.29033624211841,2613,1782.56,0.463,0.0019,1.52
2597.28,-22.86782989029103,-43.276843052385786,2801,1782.56,0.405,0.0019,1.52
2597.28,-22.870064152026032,-43.332426309660676,2705,1782.56,0.417,0.0016,1.77
2597.28,-22.862464497491782,-43.2784074908392,2791,1782.56,0.49,0.0015,1.57
2597.28,-22.87612144329601,-43.323680871304816,2837,1782.56,0.438,0.0019,1.52
2597.28,-22.891604418991513,-43.32057109748399,2879,1782.56,0.416,0.0017,1.97
2597.28,-22.85498734811861,-43.30331227430829,2663,1782.56,0.473,0.0018,1.92
2597.28,-22.88503249841015,-43.324318816889715,2842,1782.56,0.465,0.0017,1.53
2597.28,-22.859443527293752,-43.313754846042464,2593,1782.56,0.46,0.0016,1.86
2597.28,-22.8913494561635,-43.2811121526979,2600,1782.56,0.492,0.0015,1.7
2597.28,-22.88742514405326,-43.27609989812992,2749,1782.56,0.435,0.0015,1.6
2597.28,-22.889932522081118,-43.281518820240066,2752,1782.56,0.432,0.0017,1.64
2597.28,-22.853402608125048,-43.308619414848714,2571,1782.56,0.476,0.0019,1.64
2597.32,-22.879916050347088,-43.27329730057226,2705,1782.56,0.494,0.0015,1.99
2597.32,-22.889317434161647,-43.2726372572297,2898,1782.56,0.408,0.0015,1.65
2597.32,-22.858351274875947,-43.296744959698415,2874,1782.56,0.459,0.0015,1.51
2597.32,-22.887528723398574,-43.297279915342905,2678,1782.56,0.454,0.0016,1.71
2597.32,-22.87486612122775,-43.279707456444505,2853,1782.56,0.4,0.0018,1.76
2597.32,-22.881988610968897,-43.3256408177475,2688,1782.56,0.479,0.0015,1.61
2597.32,-22.863391643148574,-43.28982290627995,2571,1782.56,0.46,0.0016,1.96
2597.37,-22.871397972907403,-43.28322139568482,2787,1782.56,0.436,0.0017,1.95
2597.37,-22.860481074323943,-43.298868714970894,2972,1782.56,0.443,0.0019,1.55
2597.37,-22.867021344732553,-43.307514989302184,2690,1782.56,0.453,0.0019,1.91
2597.37,-22.884615370405403,-43.336687407352116,2543,1782.56,0.467,0.0018,1.61
2597.39,-22.858152339578883,-43.331756314736744,2706,1782.56,0.419,0.0017,1.54
2597.39,-22.8747783615419,-43.27590700942373,2869,1782.56,0.498,0.0017,1.95
2597.39,-22.88551657420369,-43.329699326247216,2742,1782.56,0.401,0.0016,1.97
2597.39,-22.862182974883037,-43.30926384783481,2903,1782.56,0.49,0.0015,1.55
2597.39,-22.87071304085338,-43.289401165594995,2984,1782.56,0.406,0.0018,1.6
2597.39,-22.871213697020938,-43.306677884270364,2611,1782.56,0.438,0.0018,1.92
2597.39,-22.870206340591764,-43.278809172268794,2581,1782.56,0.454,0.0018,1.75
2597.39,-22.89189318600961,-43.335384174879266,2997,1782.56,0.453,0.0015,1.77
2597.41,-22.863415548060487,-43.323317634222505,2500,1782.56,0.457,0.0019,1.86
2597.41,-22.878678970104733,-43.2893826947477,2777,1782.56,0.423,0.0016,1.76
2597.41,-22.861710046858633,-43.278467531094556,2937,1782.56,0.45,0.0017,1.54
2597.41,-22.89496887400113,-43.315918410614934,2750,1782.56,0.406,0.0018,1.63
2597.41,-22.860617930915378,-43.28970703182598,2977,1782.56,0.438,0.0019,1.87
2597.41,-22.863011240699805,-43.27912413886022,2554,1782.56,0.479,0.0017,1.54
2597.41,-22.88589617068067,-43.28669426317693,2549,1782.56,0.435,0.0017,1.71
2597.41,-22.895958184072008,-43.329875786471284,2967,1782.56,0.411,0.0019,1.6
2597.41,-22.896652938121445,-43.287712982795526,2648,1782.56,0.434,0.0015,1.58
2597.42,-22.867759761143397,-43.273330121262525,2662,1782.56,0.465,0.0018,1.94
2597.42,-22.88775419686622,-43.33164779315465,2935,1782.56,0.434,0.0017,1.68
2597.42,-22.89912367879457,-43.2891889620023,2985,1782.56,0.426,0.0019,1.6
2597.42,-22.874658912291945,-43.31015627454578,2627,1782.56,0.463,0.0019,1.68
2597.42,-22.86741089713757,-43.31583023259235,2556,1782.56,0.425,0.0019,1.51
2597.42,-22.887948219818295,-43.291290460786755,2554,1782.56,0.445,0.0018,1.89
2597.42,-22.861116383190375,-43.306281424567054,2998,1782.56,0.427,0.0018,1.59
2597.48,-22.871397972907403,-43.28322139568482,2995,1782.56,0.495,0.0016,1.56
2597.48,-22.886016004221272,-43.27209761929771,2937,1782.56,0.486,0.0016,1.77
2597.48,-22.86206484465799,-43.29854747951345,2584,1782.56,0.431,0.0019,1.68
2597.48,-22.856818133546327,-43.32364807005775,2821,1782.56,0.41,0.0018,1.92
2597.48,-22.87177941225251,-43.28417908973632,2947,1782.56,0.479,0.0018,1.94
2597.48,-22.887435727179092,-43.27038733570493,2583,1782.56,0.498,0.0019,1.99
2597.48,-22.863391643148574,-43.28982290627995,2858,1782.56,0.492,0.0015,1.7
2597.48,-22.894539834845414,-43.31941796101164,2904,1782.56,0.484,0.0019,1.8
2597.49,-22.858215943544252,-43.30285628166705,2536,1782.56,0.491,0.0018,1.75
2597.49,-22.8669795169636,-43.312729395744626,2881,1782.56,0.475,0.0017,1.61
2597.49,-22.878938327788468,-43.3265110096202,2550,1782.56,0.468,0.0018,1.57
2597.49,-22.876723085458455,-43.273922116031265,2846,1782.56,0.408,0.0016,1.78
2597.49,-22.85945488457674,-43.326512509270515,2522,1782.56,0.431,0.0016,1.7
2597.49,-22.88742514405326,-43.27609989812992,2834,1782.56,0.468,0.0015,1.62
2597.49,-22.870257745721055,-43.29604893570869,2835,1782.56,0.4,0.0017,1.83
2597.49,-22.87589257716541,-43.28796019074052,2897,1782.56,0.433,0.0018,1.91
2597.49,-22.864911194900778,-43.31963596032144,2659,1782.56,0.433,0.0019,1.96
2597.49,-22.860481074323943,-43.298868714970894,2510,1782.56,0.42,0.0019,1.59
2597.49,-22.876915571808613,-43.29389117666397,2713,1782.56,0.44,0.0016,1.95
2597.49,-22.882743437189614,-43.29366959255035,2984,1782.56,0.413,0.0019,1.89
2597.49,-22.88990044773605,-43.27986962630341,2895,1782.56,0.49,0.0019,1.84
2597.49,-22.891089403246085,-43.3167834405611,2902,1782.56,0.464,0.0018,1.74
2597.49,-22.875721493584145,-43.284464143249885,2707,1782.56,0.463,0.0016,1.65
2597.49,-22.86404647579271,-43.29436203736227,2709,1782.56,0.447,0.0017,1.63
2597.52,-22.87223476720097,-43.29336171521947,2771,1782.56,0.492,0.0019,1.76
2597.52,-22.865266583287077,-43.32937373118127,2566,1782.56,0.45,0.0017,1.91
2597.52,-22.856479363937087,-43.29586271323093,2764,1782.56,0.446,0.0015,1.73
2597.52,-22.871134197001645,-43.3324209229417,2871,1782.56,0.42,0.0017,1.71
2597.52,-22.864647269482234,-43.3136351748248,2533,1782.56,0.472,0.0016,1.63
2597.52,-22.874010689225567,-43.319107440956024,2542,1782.56,0.449,0.0015,1.66
2597.52,-22.89798550404551,-43.28389935640311,2645,1782.56,0.402,0.0019,1.85
2597.52,-22.8584415454567,-43.30047382902333,2642,1782.56,0.49,0.0017,1.83
2597.52,-22.884318598970744,-43.32780626507122,2658,1782.56,0.497,0.0016,1.81
2597.52,-22.854745499942936,-43.292818165705725,2793,1782.56,0.496,0.0018,1.6
2597.52,-22.857152785021295,-43.28769390181108,2967,1782.56,0.404,0.0016,1.86
2597.52,-22.874254158307874,-43.272818042354956,2690,1782.56,0.404,0.0019,1.56
2597.52,-22.84903284183012,-43.300378668090225,2695,1782.56,0.492,0.0018,1.89
2597.52,-22.881056312473603,-43.311058769951785,2543,1782.56,0.419,0.0017,1.62
2597.52,-22.866695168633957,-43.32761741916098,2758,1782.56,0.451,0.0019,1.95
2597.52,-22.889755566209402,-43.26860091856575,2554,1782.56,0.452,0.0019,1.75
2597.52,-22.865174884082702,-43.28765803844912,2571,1782.56,0.433,0.0017,1.99
2597.52,-22.8889743107615,-43.28629036608258,2824,1782.56,0.401,0.0018,1.67
2597.52,-22.864211710200387,-43.29555600835499,2972,1782.56,0.485,0.0015,1.82
2597.52,-22.864211710200387,-43.29555600835499,2583,1782.56,0.402,0.0015,1.88
2597.52,-22.86540222513423,-43.27693918854471,2935,1782.56,0.49,0.0019,1.93
2597.52,-22.895958184072008,-43.329875786471284,2503,1782.56,0.483,0.0019,1.55
2597.52,-22.86486717571422,-43.31091685420294,2607,1782.56,0.47,0.0018,1.86
2597.52,-22.8889743107615,-43.28629036608258,2849,1782.56,0.479,0.0017,1.81
2597.52,-22.894054080357296,-43.322548986091206,2764,1782.56,0.437,0.0015,1.68
2597.52,-22.881649035667248,-43.32184270828055,2968,1782.56,0.478,0.0016,1.73
2597.52,-22.89912367879457,-43.2891889620023,2604,1782.56,0.413,0.0018,1.6
2597.56,-22.866462312864606,-43.31212026897201,2559,1782.56,0.458,0.0016,1.93
2597.56,-22.894525850349083,-43.281279503578794,2611,1782.56,0.469,0.0016,1.97
2597.56,-22.85728372610451,-43.31757331912454,2595,1782.56,0.467,0.0016,1.62
2597.56,-22.863143577419685,-43.30771135724236,2840,1782.56,0.454,0.0016,1.77
2597.56,-22.87545953618512,-43.294865125762904,2548,1782.56,0.419,0.0019,1.69
2597.56,-22.866462312864606,-43.31212026897201,2883,1782.56,0.461,0.0018,1.71
2597.56,-22.859824926994264,-43.333258221906284,2697,1782.56,0.489,0.0015,1.84
2597.59,-22.869647425864212,-43.326493151495754,2982,1782.56,0.464,0.0016,1.66
2597.59,-22.859308857747987,-43.31502500596901,2706,1782.56,0.432,0.0016,1.63
2597.59,-22.889317434161647,-43.2726372572297,2585,1782.56,0.497,0.0016,1.61
2597.59,-22.889457716445055,-43.32113741309723,2670,1782.56,0.446,0.0015,1.88
2597.59,-22.870076345915614,-43.277950719324274,2801,1782.56,0.464,0.0018,1.88
2597.59,-22.876346337075056,-43.31832463409336,2948,1782.56,0.474,0.0016,1.56
2597.59,-22.870061319264384,-43.33215504327575,2632,1782.56,0.427,0.0019,1.7
2597.59,-22.856530040860807,-43.28077437905881,2681,1782.56,0.444,0.0015,1.54
2597.59,-22.874492997743786,-43.312444693851766,2523,1782.56,0.458,0.0015,1.82
2597.59,-22.867950283006152,-43.28254729962418,2588,1782.56,0.426,0.0017,1.62
2597.59,-22.849064033953866,-43.30009229678292,2782,1782.56,0.488,0.0017,1.57
2597.59,-22.895007079686994,-43.32139147487483,2863,1782.56,0.492,0.0019,1.99
2597.59,-22.885269744638116,-43.31286410873418,2787,1782.56,0.413,0.0016,1.65
2597.59,-22.854654876535424,-43.289472715881146,2899,1782.56,0.463,0.0015,1.62
2597.59,-22.850535474768858,-43.307920547579656,2688,1782.56,0.466,0.0019,1.97
2597.59,-22.87358421777799,-43.317387793603004,2759,1782.56,0.457,0.0019,1.62
2597.59,-22.87292101376026,-43.2849722770823,2658,1782.56,0.414,0.0018,1.71
2597.59,-22.889317434161647,-43.2726372572297,2549,1782.56,0.487,0.0019,1.92
2597.59,-22.869091144335815,-43.29810859284284,2590,1782.56,0.425,0.0018,1.56
2597.59,-22.87263357888963,-43.312198126796915,2890,1782.56,0.448,0.0017,1.86
2597.59,-22.865124305239885,-43.331156567654766,2642,1782.56,0.435,0.0019,1.64
2597.59,-22.8710839047058,-43.28359471863838,2876,1782.56,0.407,0.0018,1.97
2597.59,-22.88520284739984,-43.304851073840815,2500,1782.56,0.409,0.0017,1.91
2597.59,-22.886843205699535,-43.302088601823655,2779,1782.56,0.456,0.0015,1.91
2597.59,-22.8619828521923,-43.32818924833407,2971,1782.56,0.463,0.0019,1.78
2597.59,-22.891801503424844,-43.32398281396972,2568,1782.56,0.442,0.0018,1.96
2597.59,-22.861135040004815,-43.30712425112237,2546,1782.56,0.476,0.0015,1.89
2597.63,-22.86639865047928,-43.278186064407635,2799,1782.56,0.406,0.0016,1.79
2597.63,-22.87015350840377,-43.31876750576074,2652,1782.56,0.427,0.0016,1.53
2597.63,-22.881988610968897,-43.3256408177475,2924,1782.56,0.45,0.0019,1.61
2597.63,-22.875992561398327,-43.29201624175736,2561,1782.56,0.464,0.0019,1.86
2597.63,-22.861532363431817,-43.29386874824151,2871,1782.56,0.418,0.0015,1.88
2597.63,-22.8580219822232,-43.32874338434754,2984,1782.56,0.475,0.0019,1.99
2597.63,-22.895008198056836,-43.33039785933877,2802,1782.56,0.447,0.0019,1.79
2597.63,-22.897946430730556,-43.28184756803383,2710,1782.56,0.448,0.0017,1.83
2597.63,-22.866032073756877,-43.338131873315504,2944,1782.56,0.499,0.0019,1.86
2597.63,-22.850535474768858,-43.307920547579656,2523,1782.56,0.465,0.0015,1.96
2597.63,-22.874658912291945,-43.31015627454578,2532,1782.56,0.427,0.0015,1.52
2597.63,-22.877127088132532,-43.313636642888476,2710,1782.56,0.451,0.0019,1.53
2597.63,-22.89470308630807,-43.32551035541433,2596,1782.56,0.439,0.0018,1.93
2597.63,-22.888404163074107,-43.3373153549039,2619,1782.56,0.446,0.0018,1.91
2597.65,-22.87990539853711,-43.29569371562535,2751,1782.56,0.46,0.0019,1.8
2597.65,-22.877443928915834,-43.27869169898269,2802,1782.56,0.426,0.0015,1.95
2597.65,-22.869061768283025,-43.31704078257435,2736,1782.56,0.445,0.0015,1.97
2597.65,-22.890137375091086,-43.277664054382306,2538,1782.56,0.491,0.0015,1.53
2597.65,-22.869805953313453,-43.28972292657455,2502,1782.56,0.405,0.0017,1.99
2597.65,-22.846127183459664,-43.309759813707345,2724,1782.56,0.48,0.0017,1.54
2597.65,-22.856268461025326,-43.28601419506252,2743,1782.56,0.425,0.0017,1.96
2597.66,-22.861916010114125,-43.30826500979156,2609,1782.56,0.417,0.0016,1.82
2597.66,-22.857123277620413,-43.29574409973182,2888,1782.56,0.444,0.0018,1.93
2597.66,-22.888149570635296,-43.2739540544441,2914,1782.56,0.434,0.0016,1.79
2597.66,-22.866180673539375,-43.29255772244056,2817,1782.56,0.492,0.0017,1.8
2597.66,-22.86930710621118,-43.28819467148683,2872,1782.56,0.42,0.0017,1.56
2597.66,-22.874591043797622,-43.3249468165468,2923,1782.56,0.415,0.0019,1.53
2597.69,-22.884561946601494,-43.27513063556018,2765,1782.56,0.488,0.0019,1.89
2597.69,-22.88322984648596,-43.28421464468421,2598,1782.56,0.453,0.0016,1.66
2597.69,-22.861214375839822,-43.28923371270044,2853,1782.56,0.481,0.0017,1.64
2597.69,-22.868307585939647,-43.281719632505286,2774,1782.56,0.496,0.0016,1.7
2597.69,-22.88807446890354,-43.28263784741499,2651,1782.56,0.48,0.0018,1.52
2597.69,-22.861012965171714,-43.27194657048819,2532,1782.56,0.436,0.0016,1.6
2597.7,-22.89148264713646,-43.27986645003522,2743,1782.56,0.421,0.0017,1.5
2597.7,-22.875231775363595,-43.27410490241185,2577,1782.56,0.412,0.0017,1.82
2597.7,-22.866386277370406,-43.327674301085324,2892,1782.56,0.471,0.0017,1.52
2597.7,-22.871719493758746,-43.27828847121003,2664,1782.56,0.449,0.0019,1.89
2597.7,-22.863415548060487,-43.323317634222505,2824,1782.56,0.422,0.0019,1.7
2597.7,-22.88867968991285,-43.33214735888769,2749,1782.56,0.435,0.0016,1.72
2597.7,-22.869793334924008,-43.293918449790546,2895,1782.56,0.482,0.0016,1.7
2597.7,-22.87292101376026,-43.2849722770823,2654,1782.56,0.487,0.0015,1.9
2597.71,-22.853473621389476,-43.30340894163149,2913,1782.56,0.475,0.0015,1.65
2597.71,-22.866695168633957,-43.32761741916098,2748,1782.56,0.471,0.0019,1.56
2597.71,-22.874522011482487,-43.28315346692239,2668,1782.56,0.463,0.0019,1.98
2597.71,-22.870956151955397,-43.31321927936711,2990,1782.56,0.494,0.0019,1.83
2597.71,-22.868307585939647,-43.281719632505286,2530,1782.56,0.47,0.0018,1.61
2597.75,-22.858124790649356,-43.28008126775039,2753,1782.56,0.483,0.0016,1.56
2597.75,-22.876541212193533,-43.32981029734441,2971,1782.56,0.46,0.0018,1.93
2597.75,-22.881468185623927,-43.294994976890806,2504,1782.56,0.495,0.0018,1.81
2597.75,-22.88656171280685,-43.27530997233421,2701,1782.56,0.456,0.0015,1.87
2597.75,-22.88467040718113,-43.322932403912745,2809,1782.56,0.433,0.0015,1.89
2597.75,-22.863143577419685,-43.30771135724236,2965,1782.56,0.472,0.0016,1.98
2597.75,-22.869091144335815,-43.29810859284284,2601,1782.56,0.488,0.0015,1.96
2597.75,-22.855767338153527,-43.3260065586982,2623,1782.56,0.497,0.0015,1.86
2597.75,-22.888255012773346,-43.28595440982584,2622,1782.56,0.451,0.0015,1.59
2597.75,-22.890123849533225,-43.292946678367834,2663,1782.56,0.494,0.0016,1.72
2597.75,-22.866032073756877,-43.338131873315504,2772,1782.56,0.42,0.0018,1.53
2597.75,-22.861018318152656,-43.321304264919114,2776,1782.56,0.471,0.0017,1.91
2597.75,-22.882159172943954,-43.32345251271192,2990,1782.56,0.475,0.0015,1.56
2597.75,-22.894539834845414,-43.31941796101164,2584,1782.56,0.429,0.0015,1.82
2597.75,-22.883044621550756,-43.27253070149058,2718,1782.56,0.405,0.0019,1.69
2597.75,-22.888035847751507,-43.282718108513784,2639,1782.56,0.491,0.0015,1.91
2597.75,-22.886047324390628,-43.30557136326686,2886,1782.56,0.435,0.0016,1.89
2597.75,-22.862088842466637,-43.27367873862249,2855,1782.56,0.447,0.0018,1.85
2597.75,-22.86741089713757,-43.31583023259235,2603,1782.56,0.458,0.0015,1.74
2597.75,-22.8580219822232,-43.32874338434754,2908,1782.56,0.442,0.0019,1.57
2597.75,-22.859001569774904,-43.29193429934413,2802,1782.56,0.468,0.0019,1.58
2597.75,-22.855767338153527,-43.3260065586982,2508,1782.56,0.443,0.0019,1.81
2597.75,-22.87817590036917,-43.32492949267456,2645,1782.56,0.42,0.0019,1.55
2597.76,-22.88427167832591,-43.32092673906297,2857,1782.56,0.404,0.0015,1.74
2597.76,-22.856879651215213,-43.318851619904024,2971,1782.56,0.43,0.0019,1.68
2597.76,-22.881824405437325,-43.276966894965064,2960,1782.56,0.453,0.0015,1.86
2597.76,-22.89796189835094,-43.329479329006716,2886,1782.56,0.457,0.0015,1.51
2597.76,-22.873190774124623,-43.32110949394854,2986,1782.56,0.434,0.0017,1.92
2597.76,-22.862464497491782,-43.2784074908392,2883,1782.56,0.467,0.0015,1.89
2597.76,-22.883867251671116,-43.30251603805003,2604,1782.56,0.453,0.0015,1.99
2597.76,-22.863391643148574,-43.28982290627995,2945,1782.56,0.442,0.0019,1.92
2597.81,-22.879916050347088,-43.27329730057226,2930,1782.56,0.464,0.0017,1.84
2597.81,-22.875639528876057,-43.278947681895616,2675,1782.56,0.437,0.0016,1.88
2597.81,-22.857152785021295,-43.28769390181108,2503,1782.56,0.408,0.0019,1.76
2597.81,-22.870206340591764,-43.278809172268794,2766,1782.56,0.49,0.0016,1.7
2597.81,-22.868086042102256,-43.27464160371426,2597,1782.56,0.464,0.0019,1.55
2597.81,-22.878938327788468,-43.3265110096202,2548,1782.56,0.434,0.0018,1.92
2597.81,-22.856211768224753,-43.32841840155298,2864,1782.56,0.407,0.0017,1.77
2597.81,-22.863143577419685,-43.30771135724236,2670,1782.56,0.434,0.0017,1.64
2597.81,-22.868086042102256,-43.27464160371426,2513,1782.56,0.44,0.0016,1.83
2597.81,-22.865538431199276,-43.291757177954814,2899,1782.56,0.444,0.0018,1.62
2597.81,-22.87589257716541,-43.28796019074052,2509,1782.56,0.47,0.0019,1.96
2597.81,-22.870459567523028,-43.29559138021254,2687,1782.56,0.403,0.0018,1.74
2597.81,-22.861532363431817,-43.29386874824151,2826,1782.56,0.456,0.0018,1.56
2597.81,-22.86370154201032,-43.275263209670356,2718,1782.56,0.494,0.0019,1.95
2597.84,-22.86611212503453,-43.29434089636883,2665,1782.56,0.437,0.0015,1.87
2597.84,-22.888149570635296,-43.2739540544441,2592,1782.56,0.423,0.0017,1.88
2597.84,-22.858671261657715,-43.28552993808476,2717,1782.56,0.489,0.0018,1.8
2597.84,-22.87618256645411,-43.30423725012878,2685,1782.56,0.485,0.0015,1.69
2597.84,-22.878678970104733,-43.2893826947477,2654,1782.56,0.423,0.0018,1.98
2597.84,-22.897529658460527,-43.318345479199664,2895,1782.56,0.468,0.0015,1.91
2597.84,-22.88198675812342,-43.27676495959041,2568,1782.56,0.4,0.0018,1.94
2597.84,-22.8787470534882,-43.32230690243902,2655,1782.56,0.497,0.0016,1.52
2597.84,-22.867364115090226,-43.30119033532758,2626,1782.56,0.467,0.0019,1.57
2597.84,-22.857152785021295,-43.28769390181108,2598,1782.56,0.406,0.0019,1.92
2597.84,-22.878082994140353,-43.310192460343124,2658,1782.56,0.401,0.0019,1.71
2597.84,-22.871185631521833,-43.334161501074995,2938,1782.56,0.488,0.0015,1.75
2597.84,-22.893322125393574,-43.29054330329289,2801,1782.56,0.475,0.0019,1.74
2597.84,-22.863459854588292,-43.30014903832372,2584,1782.56,0.498,0.0016,1.67
2597.84,-22.863144811151294,-43.30122223728789,2838,1782.56,0.454,0.0016,1.68
2597.84,-22.880560041804536,-43.29814507974918,2953,1782.56,0.458,0.0018,1.92
2597.84,-22.874302246649084,-43.30702553844383,2507,1782.56,0.454,0.0017,1.78
2597.84,-22.890123849533225,-43.292946678367834,2545,1782.56,0.495,0.0016,1.63
2597.84,-22.875085854289406,-43.31276047115411,2887,1782.56,0.488,0.0019,1.77
2597.87,-22.848738373059586,-43.29781761613115,2774,1782.56,0.431,0.0016,1.75
2597.87,-22.876600058653487,-43.294176986899174,2931,1782.56,0.449,0.0018,1.8
2597.87,-22.86486717571422,-43.31091685420294,2593,1782.56,0.478,0.0018,1.72
2597.87,-22.85945488457674,-43.326512509270515,2748,1782.56,0.407,0.0015,1.79
2597.87,-22.87857289987672,-43.29592354266078,2970,1782.56,0.463,0.0016,1.88
2597.87,-22.85936162084503,-43.290536673132685,2612,1782.56,0.47,0.0015,1.62
2597.87,-22.866180673539375,-43.29255772244056,2594,1782.56,0.498,0.0016,1.9
2597.87,-22.85830737465635,-43.32041805722513,2915,1782.56,0.495,0.0018,1.93
2597.87,-22.850535474768858,-43.307920547579656,2701,1782.56,0.447,0.0019,1.94
2597.87,-22.847079298568104,-43.29783874614938,2862,1782.56,0.445,0.0015,1.89
2597.88,-22.868307585939647,-43.281719632505286,2511,1782.56,0.495,0.0017,1.73
2597.88,-22.85710416701063,-43.304086900341545,2974,1782.56,0.488,0.0017,1.52
2597.88,-22.871719493758746,-43.27828847121003,2795,1782.56,0.471,0.0017,1.89
2597.88,-22.878678970104733,-43.2893826947477,2685,1782.56,0.417,0.0015,1.56
2597.88,-22.888648404701044,-43.2887463267185,2657,1782.56,0.442,0.0016,1.52
2597.88,-22.86340826042182,-43.31149043301849,2757,1782.56,0.448,0.0015,1.64
2597.88,-22.864249254248662,-43.32248206560194,2542,1782.56,0.415,0.0018,1.93
2597.88,-22.862925238004607,-43.326410115360275,2890,1782.56,0.468,0.0018,1.69
2597.88,-22.864113655054116,-43.29430874501928,2708,1782.56,0.463,0.0015,1.75
2597.88,-22.87167666549464,-43.32423136498003,2743,1782.56,0.45,0.0016,1.94
2597.88,-22.876600058653487,-43.294176986899174,2906,1782.56,0.49,0.0016,1.61
2597.88,-22.890074402587583,-43.28066188235112,2952,1782.56,0.409,0.0019,1.52
2597.88,-22.882630072693864,-43.32196619291377,2530,1782.56,0.46,0.0015,1.56
2597.88,-22.866462312864606,-43.31212026897201,2701,1782.56,0.423,0.0018,1.83
2597.88,-22.886732583417785,-43.33823308647097,2711,1782.56,0.493,0.0016,1.93
2597.88,-22.8787675650818,-43.31412382741355,2899,1782.56,0.479,0.0015,1.74
2597.88,-22.870440572821785,-43.29706772608022,2892,1782.56,0.476,0.0015,1.53
2597.9,-22.88624258564699,-43.33053699248448,2982,1782.56,0.488,0.0015,1.55
2597.9,-22.88347249931642,-43.30216835806813,2531,1782.56,0.431,0.0015,1.69
2597.9,-22.894054080357296,-43.322548986091206,2969,1782.56,0.413,0.0015,1.66
2597.9,-22.882986765816558,-43.32365032257002,2545,1782.56,0.434,0.0015,1.75
2597.9,-22.856268461025326,-43.28601419506252,2661,1782.56,0.438,0.0016,1.82
2597.9,-22.869611223913218,-43.29033624211841,2937,1782.56,0.416,0.0019,1.79
2597.9,-22.87308331657023,-43.305089464569086,2680,1782.56,0.462,0.0019,1.56
2597.9,-22.861214375839822,-43.28923371270044,2585,1782.56,0.467,0.0016,1.63
2597.9,-22.866386277370406,-43.327674301085324,2652,1782.56,0.474,0.0018,1.52
2597.91,-22.846127183459664,-43.309759813707345,2798,1782.56,0.473,0.0017,1.8
2597.91,-22.858037683480056,-43.30275192403924,2641,1782.56,0.462,0.0017,1.71
2597.91,-22.877443928915834,-43.27869169898269,2711,1782.56,0.461,0.0019,1.57
2597.91,-22.8913494561635,-43.2811121526979,2892,1782.56,0.453,0.0015,1.62
2597.91,-22.876824543770894,-43.27666172746651,2612,1782.56,0.485,0.0017,1.5
2597.91,-22.875231775363595,-43.27410490241185,2593,1782.56,0.483,0.0016,1.76
2597.91,-22.86930710621118,-43.28819467148683,2756,1782.56,0.446,0.0019,1.61
2597.91,-22.89177809869233,-43.28695883070058,2590,1782.56,0.419,0.0017,1.89
2597.91,-22.85498734811861,-43.30331227430829,2792,1782.56,0.429,0.0016,1.54
2597.91,-22.894448313775243,-43.32140260734481,2589,1782.56,0.404,0.0017,1.67
2597.91,-22.877188204111565,-43.31684001468224,2981,1782.56,0.453,0.0016,1.85
2597.91,-22.857152785021295,-43.28769390181108,2590,1782.56,0.479,0.0018,1.96
2597.91,-22.876164868609784,-43.286342101979244,2545,1782.56,0.414,0.0019,1.8
2597.91,-22.883609697486193,-43.321985320706766,2617,1782.56,0.418,0.0019,1.74
2597.91,-22.869300268927798,-43.332347474286664,2898,1782.56,0.476,0.0015,1.97
2597.91,-22.861116383190375,-43.306281424567054,2634,1782.56,0.419,0.0015,1.98
2597.91,-22.88717693601249,-43.303481566569786,2900,1782.56,0.404,0.0017,1.97
2597.91,-22.864647269482234,-43.3136351748248,2644,1782.56,0.482,0.0018,1.8
2597.98,-22.864211710200387,-43.29555600835499,2694,1782.56,0.47,0.0015,1.94
2597.98,-22.869616302038466,-43.296865451879185,2831,1782.56,0.451,0.0015,1.96
2597.98,-22.86540222513423,-43.27693918854471,2859,1782.56,0.449,0.0017,1.57
2597.98,-22.888114719854006,-43.29496886083367,2847,1782.56,0.453,0.0017,1.5
2597.98,-22.888055757576428,-43.308529388417405,2691,1782.56,0.459,0.0019,1.81
2597.98,-22.873148189917117,-43.31526484181589,2568,1782.56,0.415,0.0018,1.97
2597.98,-22.888035847751507,-43.282718108513784,2575,1782.56,0.488,0.0018,1.53
2597.98,-22.883374036979877,-43.328317281821505,2972,1782.56,0.451,0.0015,1.53
2597.98,-22.873190774124623,-43.32110949394854,2684,1782.56,0.477,0.0015,1.72
2597.98,-22.87247873307881,-43.277549008332294,2773,1782.56,0.429,0.0016,1.94
2597.98,-22.874805283167667,-43.288730385204914,2900,1782.56,0.416,0.0017,1.5
2597.99,-22.8787675650818,-43.31412382741355,2690,1782.56,0.453,0.0016,1.56
2597.99,-22.891801503424844,-43.32398281396972,2907,1782.56,0.413,0.0018,1.71
2597.99,-22.886016004221272,-43.27209761929771,2749,1782.56,0.41,0.0019,1.63
2597.99,-22.85498734811861,-43.30331227430829,2678,1782.56,0.462,0.0015,1.95
2597.99,-22.865673580592134,-43.29967410467113,2874,1782.56,0.477,0.0018,1.58
2598.05,-22.88145053345863,-43.31795462036982,2841,1782.56,0.473,0.0015,1.9
2598.05,-22.8787470534882,-43.32230690243902,2682,1782.56,0.406,0.0015,1.72
2598.05,-22.867458399570957,-43.268782955277885,2964,1782.56,0.425,0.0016,1.72
2598.05,-22.863459854588292,-43.30014903832372,2808,1782.56,0.464,0.0018,1.67
2598.05,-22.890137375091086,-43.277664054382306,2602,1782.56,0.458,0.0015,1.6
2598.05,-22.845181025238592,-43.30895042890004,2886,1782.56,0.428,0.0017,1.6
2598.05,-22.887948219818295,-43.291290460786755,2501,1782.56,0.408,0.0015,1.71
2598.05,-22.8593406230216,-43.30664764460924,2653,1782.56,0.413,0.0019,1.51
2598.05,-22.883891562489854,-43.28966294594265,2538,1782.56,0.408,0.0019,1.53
2598.05,-22.875658493568537,-43.27778648299565,2527,1782.56,0.495,0.0017,1.66
2598.05,-22.88347249931642,-43.30216835806813,2903,1782.56,0.486,0.0016,1.7
2598.05,-22.87758754724252,-43.277893181698815,2770,1782.56,0.487,0.0015,1.63
2598.05,-22.881687513370636,-43.298275699900664,2951,1782.56,0.482,0.0017,1.52
2598.05,-22.860857134715587,-43.27805752582416,2868,1782.56,0.486,0.0019,1.85
2598.06,-22.879916050347088,-43.27329730057226,2840,1782.56,0.428,0.0017,1.72
2598.06,-22.861340447661618,-43.31260812808475,2598,1782.56,0.425,0.0019,1.59
2598.06,-22.85080734028682,-43.29206683784505,2779,1782.56,0.482,0.0018,1.65
2598.06,-22.869733404200566,-43.281761550640105,2565,1782.56,0.487,0.0015,1.96
2598.06,-22.886047324390628,-43.30557136326686,2753,1782.56,0.472,0.0018,1.96
2598.06,-22.867917985966464,-43.31159846022739,2509,1782.56,0.489,0.0018,1.52
2598.06,-22.866386277370406,-43.327674301085324,2911,1782.56,0.48,0.0017,1.87
2598.06,-22.893322125393574,-43.29054330329289,2917,1782.56,0.476,0.0019,1.94
2598.06,-22.87857289987672,-43.29592354266078,2921,1782.56,0.443,0.0017,1.85
2598.06,-22.8889743107615,-43.28629036608258,2786,1782.56,0.463,0.0019,1.87
2598.08,-22.893061988077097,-43.27244154222657,2533,1782.56,0.48,0.0017,1.64
2598.08,-22.89288154320739,-43.286883687835434,2917,1782.56,0.423,0.0016,1.61
2598.08,-22.859308857747987,-43.31502500596901,2790,1782.56,0.473,0.0017,1.74
2598.08,-22.87857289987672,-43.29592354266078,2727,1782.56,0.49,0.0019,1.93
2598.08,-22.88347249931642,-43.30216835806813,2565,1782.56,0.408,0.0017,1.86
2598.08,-22.861140585512423,-43.28010575292516,2837,1782.56,0.481,0.0017,1.7
2598.08,-22.85490725184812,-43.31305508257125,2565,1782.56,0.42,0.0018,1.92
2598.08,-22.852598472381597,-43.30165751803103,2561,1782.56,0.466,0.0017,1.81
2598.08,-22.863143577419685,-43.30771135724236,2811,1782.56,0.416,0.0017,1.5
2598.08,-22.875085854289406,-43.31276047115411,2564,1782.56,0.448,0.0016,1.56
2598.14,-22.886171824278932,-43.29940332776213,2720,1782.56,0.492,0.0018,1.86
2598.14,-22.874655271160172,-43.31538291312141,2658,1782.56,0.427,0.0016,1.93
2598.14,-22.852221122571265,-43.302809078039104,2747,1782.56,0.475,0.0015,1.96
2598.14,-22.85490725184812,-43.31305508257125,2774,1782.56,0.439,0.0016,1.92
2598.14,-22.891089403246085,-43.3167834405611,2778,1782.56,0.482,0.0016,1.61
2598.14,-22.85945488457674,-43.326512509270515,2903,1782.56,0.405,0.0016,1.85
2598.14,-22.872028940590603,-43.32433855365501,2846,1782.56,0.487,0.0018,1.95
2598.14,-22.87824414614546,-43.32473055741454,2761,1782.56,0.476,0.0018,1.64
2598.14,-22.867364115090226,-43.30119033532758,2821,1782.56,0.473,0.0015,1.68
2598.14,-22.867920753613166,-43.32942070047525,2572,1782.56,0.485,0.0017,1.56
2598.14,-22.887707207011417,-43.33610398896485,2832,1782.56,0.436,0.0018,1.73
2598.14,-22.856268461025326,-43.28601419506252,2640,1782.56,0.444,0.0015,1.85
2598.14,-22.885269744638116,-43.31286410873418,2750,1782.56,0.407,0.0019,1.85
2598.14,-22.871397972907403,-43.28322139568482,2798,1782.56,0.431,0.0015,1.7
2598.14,-22.8750334597687,-43.29253179376653,2603,1782.56,0.481,0.0015,1.92
2598.15,-22.859443527293752,-43.313754846042464,2757,1782.56,0.415,0.0016,1.86
2598.15,-22.87578904193713,-43.27884368851319,2736,1782.56,0.48,0.0018,1.88
2598.15,-22.882295866927176,-43.32450889376895,2742,1782.56,0.419,0.0018,1.66
2598.15,-22.854654876535424,-43.289472715881146,2797,1782.56,0.436,0.0016,1.51
2598.15,-22.89200693751013,-43.278113608716396,2757,1782.56,0.444,0.0019,1.77
2598.15,-22.88788703352114,-43.271418990966914,2921,1782.56,0.474,0.0017,1.68
2598.15,-22.86221497512879,-43.30516514856493,2905,1782.56,0.482,0.0018,1.75
2598.15,-22.86951098217584,-43.273374949206584,2902,1782.56,0.44,0.0019,1.64
2598.15,-22.858628339397463,-43.29865405889191,2850,1782.56,0.454,0.0015,1.55
2598.15,-22.88990044773605,-43.27986962630341,2746,1782.56,0.474,0.0016,1.54
2598.15,-22.879885961699628,-43.295482481050094,2934,1782.56,0.412,0.0018,1.73
2598.18,-22.86782989029103,-43.276843052385786,2783,1782.56,0.493,0.0019,1.84
2598.18,-22.85815950122837,-43.305398189772106,2598,1782.56,0.408,0.0016,1.83
2598.18,-22.8669795169636,-43.312729395744626,2616,1782.56,0.427,0.0017,1.52
2598.18,-22.862626385621034,-43.3132932690294,2547,1782.56,0.409,0.0015,1.76
2598.18,-22.885269744638116,-43.31286410873418,2927,1782.56,0.466,0.0018,1.65
2598.18,-22.881468185623927,-43.294994976890806,2854,1782.56,0.431,0.0018,1.74
2598.18,-22.897828521923,-43.32076240791066,2626,1782.56,0.492,0.0018,1.65
2598.18,-22.869611223913218,-43.29033624211841,2623,1782.56,0.458,0.0015,1.95
2598.18,-22.86788511315902,-43.26719534948081,2948,1782.56,0.48,0.0017,1.87
2598.25,-22.881824405437325,-43.276966894965064,2916,1782.56,0.493,0.0018,1.97
2598.25,-22.860481074323943,-43.298868714970894,2975,1782.56,0.424,0.0018,1.92
2598.25,-22.854745499942936,-43.292818165705725,2714,1782.56,0.458,0.0018,1.79
2598.25,-22.88717693601249,-43.303481566569786,2677,1782.56,0.482,0.0016,1.5
2598.25,-22.866245903957182,-43.32830163502488,2873,1782.56,0.497,0.0017,1.51
2598.27,-22.891089403246085,-43.3167834405611,2966,1782.56,0.491,0.0019,1.78
2598.27,-22.862464497491782,-43.2784074908392,2968,1782.56,0.4,0.0017,1.96
2598.27,-22.871822805042193,-43.283667704162596,2523,1782.56,0.429,0.0018,1.74
2598.27,-22.85945488457674,-43.326512509270515,2741,1782.56,0.423,0.0017,1.66
2598.27,-22.853473621389476,-43.30340894163149,2617,1782.56,0.471,0.0016,1.69
2598.27,-22.861492160766815,-43.30304129907048,2851,1782.56,0.449,0.0017,1.61
2598.27,-22.862856612777097,-43.32606449715569,2505,1782.56,0.476,0.0016,1.9
2598.27,-22.870061319264384,-43.33215504327575,2560,1782.56,0.457,0.0019,1.78
2598.27,-22.857526261962377,-43.273044637111475,2519,1782.56,0.422,0.0015,1.86
2598.27,-22.853473621389476,-43.30340894163149,2814,1782.56,0.479,0.0015,1.93
2598.29,-22.867917985966464,-43.31159846022739,2850,1782.56,0.476,0.0015,1.52
2598.29,-22.870385783458357,-43.292127689221395,2556,1782.56,0.452,0.0018,1.75
2598.29,-22.8787675650818,-43.31412382741355,2738,1782.56,0.495,0.0015,1.72
2598.29,-22.887790193505836,-43.314164524382306,2525,1782.56,0.416,0.0016,1.9
2598.29,-22.872639053563336,-43.3191439334825,2607,1782.56,0.402,0.0018,1.79
2598.29,-22.88735265443355,-43.27389247149932,2983,1782.56,0.475,0.0017,1.9
2598.29,-22.89349781095011,-43.27513011000819,2508,1782.56,0.471,0.0016,1.91
2598.29,-22.858077548881493,-43.2752935821443,2697,1782.56,0.438,0.0019,1.82
2598.29,-22.862088842466637,-43.27367873862249,2888,1782.56,0.437,0.0019,1.53
2598.29,-22.854745499942936,-43.292818165705725,2958,1782.56,0.403,0.0019,1.9
2598.29,-22.87247873307881,-43.277549008332294,2806,1782.56,0.492,0.0018,1.65
2598.29,-22.860857134715587,-43.27805752582416,2749,1782.56,0.483,0.0018,1.6
2598.3,-22.87223476720097,-43.29336171521947,2815,1782.56,0.495,0.0018,1.78
2598.3,-22.856879651215213,-43.318851619904024,2827,1782.56,0.489,0.0016,1.59
2598.3,-22.89465966178841,-43.2903759655431,2693,1782.56,0.429,0.0018,1.56
2598.3,-22.8584415454567,-43.30047382902333,2678,1782.56,0.445,0.0015,1.99
2598.3,-22.858351274875947,-43.296744959698415,2776,1782.56,0.416,0.0019,1.92
2598.3,-22.858215943544252,-43.30285628166705,2695,1782.56,0.487,0.0015,1.7
2598.3,-22.876164868609784,-43.286342101979244,2879,1782.56,0.469,0.0016,1.83
2598.3,-22.861349365426673,-43.305214149060646,2592,1782.56,0.45,0.0019,1.98
2598.3,-22.861018318152656,-43.321304264919114,2966,1782.56,0.475,0.0016,1.78
2598.3,-22.894768460259577,-43.325108224624465,2925,1782.56,0.486,0.0018,1.69
2598.3,-22.861140585512423,-43.28010575292516,2540,1782.56,0.476,0.0016,1.8
2598.3,-22.86149760224237,-43.29288947173588,2944,1782.56,0.411,0.0016,1.58
2598.3,-22.863143577419685,-43.30771135724236,2618,1782.56,0.404,0.0017,1.94
2598.3,-22.882743437189614,-43.29366959255035,2844,1782.56,0.484,0.0016,1.97
2598.32,-22.876723085458455,-43.273922116031265,2609,1782.56,0.461,0.0019,1.58
2598.32,-22.859712993290554,-43.28772006955427,2552,1782.56,0.403,0.0015,1.68
2598.32,-22.883574977580775,-43.33156741874061,2565,1782.56,0.49,0.0017,1.83
2598.32,-22.869611223913218,-43.29033624211841,2626,1782.56,0.412,0.0016,1.73
2598.33,-22.874492997743786,-43.312444693851766,2519,1782.56,0.409,0.0019,1.72
2598.33,-22.85629180486859,-43.3176659458171,2926,1782.56,0.419,0.0015,1.58
2598.33,-22.872639053563336,-43.3191439334825,2906,1782.56,0.457,0.0016,1.97
2598.33,-22.868307585939647,-43.281719632505286,2593,1782.56,0.437,0.0017,1.8
2598.33,-22.88775419686622,-43.33164779315465,2601,1782.56,0.435,0.0019,1.92
2598.33,-22.85023684649563,-43.298567292399085,2804,1782.56,0.465,0.0018,1.98
2598.33,-22.858077548881493,-43.2752935821443,2842,1782.56,0.4,0.0018,1.89
2598.33,-22.86486717571422,-43.31091685420294,2598,1782.56,0.427,0.0016,1.8
2598.33,-22.897946430730556,-43.28184756803383,2867,1782.56,0.441,0.0016,1.8
2598.4,-22.866386277370406,-43.327674301085324,2528,1782.56,0.405,0.0018,1.58
2598.4,-22.871228999758696,-43.29926589816055,2635,1782.56,0.454,0.0017,1.84
2598.4,-22.871774502158384,-43.27347256112669,2676,1782.56,0.475,0.0018,1.79
2598.4,-22.866462312864606,-43.31212026897201,2778,1782.56,0.455,0.0017,1.63
2598.4,-22.857290769753895,-43.328348659412804,2664,1782.56,0.44,0.0018,1.65
2598.41,-22.866968974005935,-43.2989850526044,2543,1782.56,0.431,0.0016,1.87
2598.41,-22.863391643148574,-43.28982290627995,2553,1782.56,0.488,0.0018,1.56
2598.41,-22.875085854289406,-43.31276047115411,2985,1782.56,0.443,0.0019,1.86
2598.41,-22.891089403246085,-43.3167834405611,2589,1782.56,0.423,0.0018,1.7
2598.41,-22.874254158307874,-43.272818042354956,2998,1782.56,0.421,0.0016,1.93
2598.41,-22.885084361492257,-43.28521909640368,2859,1782.56,0.479,0.0019,1.85
2598.41,-22.864508830652948,-43.287446509399935,2930,1782.56,0.444,0.0015,1.58
2598.41,-22.87167666549464,-43.32423136498003,2888,1782.56,0.495,0.0016,1.62
2598.41,-22.86762605210021,-43.33652514220015,2977,1782.56,0.423,0.0016,1.86
2598.43,-22.888114719854006,-43.29496886083367,2905,1782.56,0.447,0.0017,1.72
2598.43,-22.863391643148574,-43.28982290627995,2831,1782.56,0.401,0.0016,1.97
2598.43,-22.87143458612598,-43.26949400000578,2729,1782.56,0.405,0.0018,1.59
2598.43,-22.865174884082702,-43.28765803844912,2916,1782.56,0.494,0.0017,1.96
2598.43,-22.858555044831977,-43.314251573352315,2878,1782.56,0.46,0.0019,1.88
2598.49,-22.85468622919643,-43.31348299559518,2782,1782.56,0.425,0.0017,1.83
2598.49,-22.873643934246797,-43.295536094821664,2932,1782.56,0.493,0.0019,1.97
2598.49,-22.875957917710124,-43.325732268114734,2840,1782.56,0.427,0.0017,1.72
2598.49,-22.89200525941612,-43.28187526446192,2985,1782.56,0.46,0.0017,1.5
2598.49,-22.859001569774904,-43.29193429934413,2999,1782.56,0.452,0.0018,1.58
2598.49,-22.882159172943954,-43.32345251271192,2876,1782.56,0.474,0.0017,1.87
2598.49,-22.89148264713646,-43.27986645003522,2727,1782.56,0.423,0.0019,1.89
2598.49,-22.88347249931642,-43.30216835806813,2689,1782.56,0.469,0.0015,1.67
2598.49,-22.889578146447786,-43.331262264623696,2929,1782.56,0.442,0.0017,1.52
2598.49,-22.87249509232537,-43.273899684259206,2539,1782.56,0.452,0.0018,1.88
2598.51,-22.87758754724252,-43.277893181698815,2818,1782.56,0.49,0.0018,1.59
2598.51,-22.878678970104733,-43.2893826947477,2886,1782.56,0.422,0.0018,1.62
2598.51,-22.860754225324428,-43.280699409222365,2673,1782.56,0.481,0.0015,1.57
2598.51,-22.881824405437325,-43.276966894965064,2981,1782.56,0.446,0.0019,1.84
2598.51,-22.8593406230216,-43.30664764460924,2653,1782.56,0.438,0.0019,1.52
2598.56,-22.854745499942936,-43.292818165705725,2787,1782.56,0.433,0.0019,1.62
2598.56,-22.88717693601249,-43.303481566569786,2853,1782.56,0.48,0.0015,1.58
2598.56,-22.875639528876057,-43.278947681895616,2631,1782.56,0.436,0.0017,1.75
2598.56,-22.864211710200387,-43.29555600835499,2942,1782.56,0.414,0.0016,1.95
2598.56,-22.889578146447786,-43.331262264623696,2832,1782.56,0.498,0.0018,1.5
2598.56,-22.886843205699535,-43.302088601823655,2604,1782.56,0.436,0.0015,1.63
2598.56,-22.873148189917117,-43.31526484181589,2958,1782.56,0.463,0.0017,1.65
2598.56,-22.87380820665509,-43.3308834489832,2527,1782.56,0.467,0.0018,1.71
2598.56,-22.855767338153527,-43.3260065586982,2734,1782.56,0.466,0.0015,1.61
2598.65,-22.87990539853711,-43.29569371562535,2689,1782.56,0.453,0.0018,1.55
2598.65,-22.855767338153527,-43.3260065586982,2928,1782.56,0.492,0.0019,1.65
2598.65,-22.85728372610451,-43.31757331912454,2504,1782.56,0.434,0.0017,1.52
2598.65,-22.876723085458455,-43.273922116031265,2990,1782.56,0.494,0.0015,1.52
2598.65,-22.84534312678508,-43.29636634752985,2519,1782.56,0.483,0.0017,1.76
2598.66,-22.849463791266736,-43.299533807688285,2709,1782.56,0.473,0.0019,1.96
2598.66,-22.876915571808613,-43.29389117666397,2598,1782.56,0.453,0.0015,1.79
2598.66,-22.869804401066734,-43.296421713012066,2959,1782.56,0.484,0.0015,1.99
2598.66,-22.861630139363438,-43.31338349982406,2673,1782.56,0.459,0.0017,1.66
2598.66,-22.869611223913218,-43.29033624211841,2878,1782.56,0.468,0.0015,1.77
2598.67,-22.86498400160477,-43.28216548273183,2946,1782.56,0.417,0.0017,1.58
2598.67,-22.874010689225567,-43.319107440956024,2916,1782.56,0.451,0.0015,1.72
2598.67,-22.874150589674542,-43.311562199564975,2549,1782.56,0.48,0.0015,1.97
2598.67,-22.871822805042193,-43.283667704162596,2539,1782.56,0.434,0.0019,1.91
2598.67,-22.874749136095733,-43.280831642689,2554,1782.56,0.448,0.0018,1.98
2598.67,-22.885226044959932,-43.309720499147424,2509,1782.56,0.468,0.0015,1.69
2598.67,-22.87149261884739,-43.305730370011695,2653,1782.56,0.442,0.0018,1.52
2598.67,-22.866252864969308,-43.283033295123595,2560,1782.56,0.476,0.0018,1.94
2598.67,-22.874879843682866,-43.312921041067106,2939,1782.56,0.486,0.0016,1.56
2598.67,-22.889578146447786,-43.331262264623696,2510,1782.56,0.421,0.0019,1.56
2598.67,-22.877831132106472,-43.31106834331362,2565,1782.56,0.409,0.0017,1.62
2598.67,-22.86957388783563,-43.31016904625865,2599,1782.56,0.474,0.0017,1.59
2598.7,-22.865124305239885,-43.331156567654766,2962,1782.56,0.4,0.0017,1.69
2598.7,-22.865538431199276,-43.291757177954814,2678,1782.56,0.442,0.0018,1.54
2598.7,-22.858152339578883,-43.331756314736744,2700,1782.56,0.489,0.0016,1.55
2598.7,-22.86611212503453,-43.29434089636883,2591,1782.56,0.476,0.0016,1.62
2598.7,-22.88467040718113,-43.322932403912745,2898,1782.56,0.438,0.0018,1.53
2598.7,-22.869733404200566,-43.281761550640105,2659,1782.56,0.463,0.0015,1.53
2598.7,-22.85490725184812,-43.31305508257125,2818,1782.56,0.404,0.0018,1.8
2598.7,-22.875992561398327,-43.29201624175736,2537,1782.56,0.457,0.0016,1.63
2598.7,-22.84947814309329,-43.298027643961824,2930,1782.56,0.402,0.0017,1.63
2598.7,-22.865237651956964,-43.335306588392484,2943,1782.56,0.424,0.0017,1.64
2598.7,-22.867230008683155,-43.2898652432337,2929,1782.56,0.447,0.0017,1.67
2598.7,-22.886047324390628,-43.30557136326686,2700,1782.56,0.447,0.0019,1.52
2598.7,-22.877127088132532,-43.313636642888476,2547,1782.56,0.465,0.0017,1.99
2598.7,-22.86949389367307,-43.289631791960566,2847,1782.56,0.411,0.0017,1.63
2598.7,-22.8580219822232,-43.32874338434754,2563,1782.56,0.403,0.0018,1.5
2598.71,-22.87853141539161,-43.29876377217909,2541,1782.56,0.406,0.0018,1.95
2598.71,-22.868027495114074,-43.27200289825699,2919,1782.56,0.439,0.0016,1.88
2598.71,-22.87589257716541,-43.28796019074052,2940,1782.56,0.498,0.0018,1.51
2598.79,-22.85666281988155,-43.32044612425553,2636,1782.56,0.445,0.0019,1.9
2598.79,-22.88864127331701,-43.293615823968004,2676,1782.56,0.431,0.0018,1.83
2598.79,-22.872231186627943,-43.33368539327478,2566,1782.56,0.467,0.0015,1.8
2598.79,-22.870206340591764,-43.278809172268794,2859,1782.56,0.417,0.0016,1.92
2598.79,-22.85468622919643,-43.31348299559518,2675,1782.56,0.482,0.0016,1.66
2598.79,-22.884561946601494,-43.27513063556018,2529,1782.56,0.406,0.0015,1.95
2598.79,-22.868086042102256,-43.27464160371426,2863,1782.56,0.463,0.0016,1.62
2598.79,-22.887985146995945,-43.281412996317925,2556,1782.56,0.419,0.0019,1.64
2598.8,-22.860857134715587,-43.27805752582416,2632,1782.56,0.46,0.0017,1.73
2598.8,-22.848466036185997,-43.30108889404392,2974,1782.56,0.424,0.0016,1.73
2598.8,-22.883030548301637,-43.3356782256163,2921,1782.56,0.465,0.0017,1.98
2598.8,-22.86404647579271,-43.29436203736227,2586,1782.56,0.475,0.0015,1.66
2598.8,-22.86692805315821,-43.275210747940264,2551,1782.56,0.451,0.0017,1.63
2598.8,-22.86367394666999,-43.297294159494605,2624,1782.56,0.455,0.0017,1.92
2598.8,-22.871719493758746,-43.27828847121003,2831,1782.56,0.429,0.0015,1.98
2598.86,-22.865237651956964,-43.335306588392484,2786,1782.56,0.46,0.0019,1.98
2598.86,-22.86631276821089,-43.2952438805941,2795,1782.56,0.476,0.0015,1.97
2598.86,-22.86206484465799,-43.29854747951345,2532,1782.56,0.438,0.0017,1.85
2598.86,-22.86149760224237,-43.29288947173588,2787,1782.56,0.469,0.0016,1.63
2598.86,-22.884318598970744,-43.32780626507122,2790,1782.56,0.443,0.0017,1.97
2598.86,-22.886732583417785,-43.33823308647097,2858,1782.56,0.45,0.0017,1.68
2598.86,-22.85557329551781,-43.32777610369661,2620,1782.56,0.497,0.0019,1.89
2598.86,-22.878978779701757,-43.32289371663875,2902,1782.56,0.439,0.0015,1.65
2598.86,-22.892388545838266,-43.288957423371535,2915,1782.56,0.431,0.0015,1.97
2598.9,-22.865266583287077,-43.32937373118127,2870,1782.56,0.424,0.0017,1.76
2598.9,-22.864508830652948,-43.287446509399935,2880,1782.56,0.484,0.0019,1.72
2598.96,-22.861214375839822,-43.28923371270044,2629,1782.56,0.482,0.0016,1.96
2598.96,-22.888531725301167,-43.284620857361205,2754,1782.56,0.437,0.0015,1.99
2598.96,-22.862662756127307,-43.280590087419654,2540,1782.56,0.445,0.0017,1.91
2598.96,-22.89580667279858,-43.3224519112638,2929,1782.56,0.457,0.0016,1.58
2598.96,-22.881056312473603,-43.311058769951785,2763,1782.56,0.452,0.0017,1.92
2598.97,-22.88429130419991,-43.32979618231325,2882,1782.56,0.472,0.0017,1.83
2598.97,-22.885226044959932,-43.309720499147424,2517,1782.56,0.428,0.0016,1.71
2598.97,-22.86575303264837,-43.31310777055796,2794,1782.56,0.477,0.0017,1.62
2598.97,-22.89866055925909,-43.326964581551024,2777,1782.56,0.401,0.0019,1.51
2598.97,-22.88309767427097,-43.31674920792804,2903,1782.56,0.428,0.0015,1.51
2598.97,-22.871209003769785,-43.305739958086846,2863,1782.56,0.453,0.0019,1.72
2598.97,-22.876541212193533,-43.32981029734441,2635,1782.56,0.409,0.0018,1.86
2598.97,-22.860481074323943,-43.298868714970894,2569,1782.56,0.421,0.0017,1.54
2598.97,-22.857152785021295,-43.28769390181108,2506,1782.56,0.4,0.0017,1.66
2598.97,-22.89021611070215,-43.328895411526545,2992,1782.56,0.481,0.0016,1.82
2598.97,-22.874522011482487,-43.28315346692239,2823,1782.56,0.429,0.0015,1.99
2598.97,-22.86144821698873,-43.32954653473449,2890,1782.56,0.487,0.0019,1.86
2598.99,-22.86930710621118,-43.28819467148683,2569,1782.56,0.495,0.0017,1.58
2598.99,-22.8619828521923,-43.32818924833407,2603,1782.56,0.431,0.0016,1.52
2598.99,-22.878938327788468,-43.3265110096202,2639,1782.56,0.456,0.0017,1.94
2598.99,-22.87908092616878,-43.31852261625576,2698,1782.56,0.479,0.0016,1.75
2598.99,-22.870956151955397,-43.31321927936711,2710,1782.56,0.41,0.0017,1.53
2598.99,-22.882010907867286,-43.2955107445172,2735,1782.56,0.498,0.0018,1.5
2598.99,-22.874591043797622,-43.3249468165468,2515,1782.56,0.483,0.0018,1.91
2598.99,-22.86961225052659,-43.273621960841055,2701,1782.56,0.423,0.0017,1.66
2598.99,-22.868307585939647,-43.281719632505286,2513,1782.56,0.482,0.0019,1.54
2598.99,-22.85945488457674,-43.326512509270515,2721,1782.56,0.402,0.0019,1.76
2599.05,-22.86961225052659,-43.273621960841055,2964,1782.56,0.421,0.0016,1.53
2599.05,-22.887528723398574,-43.297279915342905,2500,1782.56,0.484,0.0015,1.5
2599.05,-22.884732663468814,-43.31628033887517,2970,1782.56,0.492,0.0018,1.68
2599.05,-22.871228999758696,-43.29926589816055,2732,1782.56,0.472,0.0019,1.58
2599.17,-22.893322125393574,-43.29054330329289,2941,1782.56,0.42,0.0018,1.86
2599.17,-22.847288088171606,-43.295177229050445,2533,1782.56,0.499,0.0016,1.88
2599.17,-22.857526261962377,-43.273044637111475,2773,1782.56,0.426,0.0017,1.91
2599.17,-22.874522011482487,-43.28315346692239,2745,1782.56,0.421,0.0018,1.67
2599.17,-22.88958552272534,-43.315395404695344,2562,1782.56,0.469,0.0018,1.78
2599.17,-22.864860944366388,-43.30886474034251,2829,1782.56,0.471,0.0016,1.98
2599.17,-22.865577930445912,-43.335811501369385,2818,1782.56,0.423,0.0019,1.55
2599.17,-22.87545953618512,-43.294865125762904,2886,1782.56,0.471,0.0019,1.53
2599.17,-22.8749931650182,-43.30265604007292,2973,1782.56,0.46,0.0019,1.93
2599.17,-22.890302059000735,-43.32757993315172,2774,1782.56,0.45,0.0017,1.6
2599.17,-22.861044951138112,-43.30165423832948,2532,1782.56,0.472,0.0018,1.84
2599.19,-22.874655271160172,-43.31538291312141,2638,1782.56,0.437,0.0019,1.73
2599.19,-22.866968974005935,-43.2989850526044,2901,1782.56,0.415,0.0017,1.86
2599.19,-22.890074402587583,-43.28066188235112,2731,1782.56,0.434,0.0015,1.73
2599.19,-22.886171824278932,-43.29940332776213,2645,1782.56,0.422,0.0019,1.68
2599.19,-22.859308857747987,-43.31502500596901,2631,1782.56,0.449,0.0015,1.8
2599.19,-22.876990184341754,-43.285103753659,2883,1782.56,0.457,0.0016,1.92
2599.19,-22.884561946601494,-43.27513063556018,2764,1782.56,0.448,0.0018,1.82
2599.19,-22.894054080357296,-43.322548986091206,2591,1782.56,0.415,0.0015,1.87
2599.22,-22.882739662015414,-43.27436970845517,2766,1782.56,0.485,0.0017,1.78
2599.22,-22.8923504582542,-43.277742797797735,2709,1782.56,0.427,0.0016,1.5
2599.22,-22.884709899851885,-43.27213163504,2728,1782.56,0.483,0.0018,1.53
2599.22,-22.852756897456484,-43.310038421031464,2587,1782.56,0.456,0.0015,1.73
2599.22,-22.864860944366388,-43.30886474034251,2596,1782.56,0.423,0.0017,1.63
2599.22,-22.880238359783807,-43.31131469976535,2949,1782.56,0.472,0.0016,1.78
2599.24,-22.856530040860807,-43.28077437905881,2984,1782.56,0.483,0.0017,1.5
2599.24,-22.890137375091086,-43.277664054382306,2556,1782.56,0.461,0.0019,1.71
2599.24,-22.89365822630807,-43.326354297839345,2630,1782.56,0.434,0.0019,1.75
2599.24,-22.848748598421476,-43.30315598662101,2702,1782.56,0.428,0.0017,1.97
2599.24,-22.869733404200566,-43.281761550640105,2537,1782.56,0.453,0.0015,1.83
2599.24,-22.882544299338996,-43.30102470888667,2657,1782.56,0.474,0.0018,1.5
2599.25,-22.8750334597687,-43.29253179376653,2975,1782.56,0.461,0.0019,1.68
2599.25,-22.8889743107615,-43.28629036608258,2728,1782.56,0.486,0.0016,1.56
2599.25,-22.869955584691237,-43.32150101062384,2872,1782.56,0.479,0.0015,1.82
2599.25,-22.883574977580775,-43.33156741874061,2724,1782.56,0.454,0.0016,1.87
2599.25,-22.886732583417785,-43.33823308647097,2729,1782.56,0.432,0.0018,1.67
2599.25,-22.865638580774625,-43.29937150465544,2658,1782.56,0.496,0.0017,1.5
2599.25,-22.862464497491782,-43.2784074908392,2711,1782.56,0.473,0.0019,1.92
2599.25,-22.885226044959932,-43.309720499147424,2808,1782.56,0.432,0.0016,1.56
2599.25,-22.858555044831977,-43.314251573352315,2923,1782.56,0.404,0.0016,1.74
2599.25,-22.890137375091086,-43.277664054382306,2866,1782.56,0.454,0.0018,1.51
2599.25,-22.887707207011417,-43.33610398896485,2910,1782.56,0.462,0.0019,1.84
2599.25,-22.889557906957364,-43.27511534523526,2868,1782.56,0.471,0.0017,1.76
2599.25,-22.864398382493288,-43.29631040963082,2882,1782.56,0.489,0.0018,1.83
2599.25,-22.87071304085338,-43.289401165594995,2842,1782.56,0.457,0.0018,1.83
2599.26,-22.88809210983536,-43.286663944830735,2835,1782.56,0.405,0.0017,1.64
2599.26,-22.89021611070215,-43.328895411526545,2618,1782.56,0.435,0.0015,1.82
2599.26,-22.864398382493288,-43.29631040963082,2883,1782.56,0.489,0.0016,1.6
2599.26,-22.89214807653393,-43.32199924007791,2921,1782.56,0.452,0.0017,1.61
2599.26,-22.87029486590473,-43.33249884454889,2635,1782.56,0.437,0.0019,1.68
2599.26,-22.875464277457617,-43.27792316983827,2687,1782.56,0.465,0.0016,1.76
2599.26,-22.86221497512879,-43.30516514856493,2709,1782.56,0.476,0.0018,1.72
2599.26,-22.897946430730556,-43.28184756803383,2611,1782.56,0.43,0.0016,1.87
2599.26,-22.888648404701044,-43.2887463267185,2626,1782.56,0.437,0.0017,1.62
2599.26,-22.85830737465635,-43.32041805722513,2628,1782.56,0.41,0.0019,1.7
2599.26,-22.881468185623927,-43.294994976890806,2794,1782.56,0.497,0.0018,1.97
2599.29,-22.857292338452964,-43.328270454943,2907,1782.56,0.433,0.0017,1.63
2599.29,-22.871145094853688,-43.28174662556796,2509,1782.56,0.415,0.0018,1.93
2599.29,-22.88717693601249,-43.303481566569786,2572,1782.56,0.48,0.0019,1.99
2599.29,-22.862662756127307,-43.280590087419654,2939,1782.56,0.466,0.0018,1.65
2599.29,-22.875085854289406,-43.31276047115411,2529,1782.56,0.411,0.0016,1.69
2599.29,-22.865542753893855,-43.27607840214181,2992,1782.56,0.469,0.0017,1.93
2599.29,-22.89412830948375,-43.27630798894939,2645,1782.56,0.403,0.0016,1.67
2599.29,-22.881056312473603,-43.311058769951785,2548,1782.56,0.447,0.0015,1.67
2599.29,-22.868942374687943,-43.27206471105248,2789,1782.56,0.472,0.0017,1.83
2599.31,-22.856879651215213,-43.318851619904024,2819,1782.56,0.425,0.0016,1.74
2599.31,-22.861012965171714,-43.27194657048819,2817,1782.56,0.411,0.0018,1.65
2599.31,-22.861349365426673,-43.305214149060646,2827,1782.56,0.489,0.0017,1.61
2599.31,-22.891089403246085,-43.3167834405611,2568,1782.56,0.42,0.0016,1.81
2599.31,-22.87143458612598,-43.26949400000578,2712,1782.56,0.496,0.0018,1.84
2599.31,-22.864860944366388,-43.30886474034251,2740,1782.56,0.469,0.0018,1.8
2599.31,-22.88775419686622,-43.33164779315465,2535,1782.56,0.427,0.0018,1.76
2599.31,-22.847288088171606,-43.295177229050445,2963,1782.56,0.489,0.0016,1.57
2599.31,-22.85404247869069,-43.29621015021172,2633,1782.56,0.452,0.0015,1.96
2599.31,-22.866575310083032,-43.328896758974054,2520,1782.56,0.451,0.0019,1.86
2599.31,-22.887435727179092,-43.27038733570493,2835,1782.56,0.4,0.0017,1.57
2599.31,-22.87581963627435,-43.27661797543457,2708,1782.56,0.46,0.0019,1.88
2599.33,-22.857526261962377,-43.273044637111475,2844,1782.56,0.421,0.0015,1.96
2599.33,-22.86143205741137,-43.3229601040728,2865,1782.56,0.45,0.0019,1.61
2599.33,-22.868163405105054,-43.311604199720115,2847,1782.56,0.447,0.0016,1.86
2599.33,-22.861399187668834,-43.2926565648536,2757,1782.56,0.425,0.0016,1.94
2599.33,-22.89349781095011,-43.27513011000819,2826,1782.56,0.492,0.0018,1.73
2599.33,-22.865577930445912,-43.335811501369385,2738,1782.56,0.438,0.0018,1.87
2599.33,-22.861116383190375,-43.306281424567054,2757,1782.56,0.46,0.0017,1.82
2599.33,-22.85404247869069,-43.29621015021172,2936,1782.56,0.43,0.0017,1.9
2599.33,-22.889737591711263,-43.27804566482924,2543,1782.56,0.405,0.0018,1.67
2599.33,-22.874010689225567,-43.319107440956024,2772,1782.56,0.441,0.0019,1.92
2599.34,-22.888035847751507,-43.282718108513784,2913,1782.56,0.461,0.0019,1.89
2599.34,-22.866770325140486,-43.278420343142365,2507,1782.56,0.421,0.0019,1.99
2599.34,-22.864398382493288,-43.29631040963082,2649,1782.56,0.405,0.0018,1.68
2599.34,-22.89656803123219,-43.28051317443747,2572,1782.56,0.463,0.0019,1.71
2599.34,-22.8776379226127,-43.306554287574436,2703,1782.56,0.431,0.0015,1.82
2599.34,-22.862626385621034,-43.3132932690294,2678,1782.56,0.478,0.0018,1.87
2599.34,-22.8580219822232,-43.32874338434754,2804,1782.56,0.453,0.0019,1.92
2599.34,-22.889011332646945,-43.2839897527779,2615,1782.56,0.409,0.0016,1.89
2599.36,-22.861012965171714,-43.27194657048819,2625,1782.56,0.427,0.0019,1.5
2599.36,-22.871285051555724,-43.30257291231742,2841,1782.56,0.418,0.0016,1.84
2599.36,-22.868307585939647,-43.281719632505286,2502,1782.56,0.418,0.0018,1.96
2599.36,-22.859280335561404,-43.27687464822287,2827,1782.56,0.498,0.0016,1.72
2599.36,-22.852607422648404,-43.298626277056655,2660,1782.56,0.408,0.0017,1.89
2599.36,-22.893061988077097,-43.27244154222657,2740,1782.56,0.418,0.0017,1.61
2599.36,-22.864249254248662,-43.32248206560194,2736,1782.56,0.466,0.0015,1.6
2599.36,-22.862662756127307,-43.280590087419654,2671,1782.56,0.415,0.0017,1.98
2599.36,-22.855454774937616,-43.33103974650509,2537,1782.56,0.424,0.0018,1.55
2599.37,-22.85691383798527,-43.32369838040761,2729,1782.56,0.427,0.0019,1.53
2599.37,-22.881988610968897,-43.3256408177475,2943,1782.56,0.413,0.0016,1.71
2599.37,-22.872590007618545,-43.27535563991996,2583,1782.56,0.479,0.0015,1.92
2599.37,-22.85468622919643,-43.31348299559518,2623,1782.56,0.48,0.0017,1.85
2599.37,-22.894768460259577,-43.325108224624465,2835,1782.56,0.476,0.0017,1.5
2599.37,-22.874148355983735,-43.30891140765203,2610,1782.56,0.483,0.0015,1.83
2599.37,-22.882743437189614,-43.29366959255035,2941,1782.56,0.44,0.0017,1.55
2599.37,-22.876541212193533,-43.32981029734441,2535,1782.56,0.425,0.0019,1.53
2599.37,-22.87177941225251,-43.28417908973632,2562,1782.56,0.494,0.0017,1.57
2599.37,-22.870064152026032,-43.332426309660676,2664,1782.56,0.4,0.0018,1.6
2599.37,-22.888970419873544,-43.276900447868826,2736,1782.56,0.418,0.0015,1.62
2599.37,-22.87249509232537,-43.273899684259206,2961,1782.56,0.409,0.0016,1.59
2599.37,-22.866252864969308,-43.283033295123595,2548,1782.56,0.493,0.0019,1.71
2599.37,-22.86741089713757,-43.31583023259235,2837,1782.56,0.404,0.0016,1.9
2599.37,-22.856879651215213,-43.318851619904024,2938,1782.56,0.478,0.0018,1.54
2599.37,-22.89580667279858,-43.3224519112638,2897,1782.56,0.492,0.0017,1.97
2599.37,-22.86132513843861,-43.300739072527676,2689,1782.56,0.438,0.0015,1.65
2599.4,-22.877443928915834,-43.27869169898269,2953,1782.56,0.445,0.0017,1.56
2599.4,-22.861399187668834,-43.2926565648536,2556,1782.56,0.459,0.0017,1.61
2599.4,-22.87208535551471,-43.292984902810836,2830,1782.56,0.435,0.0019,1.93
2599.4,-22.88078056851191,-43.322729273656115,2703,1782.56,0.471,0.0015,1.69
2599.4,-22.868610664476332,-43.29489435252647,2732,1782.56,0.467,0.0019,1.96
2599.4,-22.888531725301167,-43.284620857361205,2828,1782.56,0.422,0.0019,1.75
2599.4,-22.865237651956964,-43.335306588392484,2995,1782.56,0.403,0.0018,1.57
2599.41,-22.889557906957364,-43.27511534523526,2887,1782.56,0.429,0.0019,1.7
2599.41,-22.87824414614546,-43.32473055741454,2915,1782.56,0.449,0.0018,1.52
2599.41,-22.889011332646945,-43.2839897527779,2520,1782.56,0.438,0.0016,1.93
2599.41,-22.866252864969308,-43.283033295123595,2621,1782.56,0.49,0.0019,1.7
2599.41,-22.888035847751507,-43.282718108513784,2893,1782.56,0.498,0.0017,1.84
2599.41,-22.860481074323943,-43.298868714970894,2676,1782.56,0.498,0.0015,1.77
2599.41,-22.89021611070215,-43.328895411526545,2662,1782.56,0.422,0.0019,1.85
2599.41,-22.871185631521833,-43.334161501074995,2985,1782.56,0.43,0.0015,1.66
2599.41,-22.888970419873544,-43.276900447868826,2712,1782.56,0.404,0.0019,1.65
2599.41,-22.858037683480056,-43.30275192403924,2766,1782.56,0.47,0.0016,1.71
2599.41,-22.86149760224237,-43.29288947173588,2859,1782.56,0.461,0.0018,1.91
2599.43,-22.897529658460527,-43.318345479199664,2800,1782.56,0.416,0.0017,1.64
2599.43,-22.870092504796666,-43.29135775802206,2546,1782.56,0.466,0.0018,1.81
2599.43,-22.874010689225567,-43.319107440956024,2908,1782.56,0.433,0.0018,1.91
2599.43,-22.86611212503453,-43.29434089636883,2545,1782.56,0.451,0.0017,1.67
2599.43,-22.87618256645411,-43.30423725012878,2888,1782.56,0.405,0.0019,1.62
2599.43,-22.88958552272534,-43.315395404695344,2808,1782.56,0.46,0.0016,1.62
2599.43,-22.858628339397463,-43.29865405889191,2726,1782.56,0.428,0.0016,1.95
2599.43,-22.861135040004815,-43.30712425112237,2764,1782.56,0.431,0.0019,1.71
2599.43,-22.872590007618545,-43.27535563991996,2538,1782.56,0.401,0.0018,1.53
2599.46,-22.867230008683155,-43.2898652432337,2572,1782.56,0.487,0.0019,1.68
2599.46,-22.876723085458455,-43.273922116031265,2866,1782.56,0.47,0.0018,1.75
2599.46,-22.86283564347404,-43.29347467771211,2685,1782.56,0.418,0.0019,1.78
2599.46,-22.848748598421476,-43.30315598662101,2651,1782.56,0.42,0.0017,1.57
2599.46,-22.865237651956964,-43.335306588392484,2876,1782.56,0.495,0.0019,1.56
2599.46,-22.875515460916926,-43.31069020128653,2682,1782.56,0.431,0.0017,1.82
2599.46,-22.862834207827355,-43.31507750304328,2828,1782.56,0.416,0.0016,1.77
2599.46,-22.876541212193533,-43.32981029734441,2715,1782.56,0.496,0.0018,1.57
2599.46,-22.89021611070215,-43.328895411526545,2735,1782.56,0.43,0.0017,1.88
2599.46,-22.87292101376026,-43.2849722770823,2954,1782.56,0.443,0.0017,1.66
2599.48,-22.879916050347088,-43.27329730057226,2691,1782.56,0.465,0.0019,1.83
2599.48,-22.887942772304914,-43.335016025586654,2866,1782.56,0.431,0.0019,1.73
2599.48,-22.87167666549464,-43.32423136498003,2610,1782.56,0.462,0.0019,1.64
2599.48,-22.89465966178841,-43.2903759655431,2790,1782.56,0.423,0.0015,1.57
2599.48,-22.8787675650818,-43.31412382741355,2656,1782.56,0.489,0.0016,1.58
2599.48,-22.88931882485539,-43.28966428164412,2719,1782.56,0.479,0.0019,1.53
2599.48,-22.860481074323943,-43.298868714970894,2606,1782.56,0.474,0.0017,1.7
2599.48,-22.863143577419685,-43.30771135724236,2905,1782.56,0.42,0.0018,1.67
2599.59,-22.888531725301167,-43.284620857361205,2934,1782.56,0.478,0.0015,1.7
2599.59,-22.868163405105054,-43.311604199720115,2953,1782.56,0.439,0.0016,1.87
2599.59,-22.85203244933537,-43.292673874031166,2685,1782.56,0.497,0.0015,1.89
2599.59,-22.854665711887623,-43.302775734018006,2736,1782.56,0.465,0.0015,1.83
2599.59,-22.860481074323943,-43.298868714970894,2878,1782.56,0.44,0.0018,1.83
2599.59,-22.89821201384601,-43.32804152699613,2660,1782.56,0.464,0.0017,1.86
2599.59,-22.85821759881364,-43.27393164834267,2804,1782.56,0.413,0.0017,1.51
2599.59,-22.87292101376026,-43.2849722770823,2654,1782.56,0.418,0.0018,1.56
2599.59,-22.886989975572032,-43.32263336577382,2989,1782.56,0.483,0.0015,1.51
2599.59,-22.88864127331701,-43.293615823968004,2799,1782.56,0.476,0.0018,1.83
2599.59,-22.872231186627943,-43.33368539327478,2522,1782.56,0.422,0.0015,1.56
2599.62,-22.886732583417785,-43.33823308647097,2877,1782.56,0.456,0.0018,1.71
2599.62,-22.86639865047928,-43.278186064407635,2639,1782.56,0.49,0.0019,1.69
2599.62,-22.85936162084503,-43.290536673132685,2805,1782.56,0.436,0.0019,1.87
2599.62,-22.889755566209402,-43.26860091856575,2962,1782.56,0.421,0.0018,1.51
2599.62,-22.888531725301167,-43.284620857361205,2607,1782.56,0.478,0.0015,1.95
2599.62,-22.872518736807113,-43.322314380754484,2653,1782.56,0.424,0.0015,1.83
2599.62,-22.862757124028064,-43.283703794161326,2803,1782.56,0.429,0.0015,1.7
2599.62,-22.875957917710124,-43.325732268114734,2752,1782.56,0.464,0.0018,1.91
2599.62,-22.871397972907403,-43.28322139568482,2581,1782.56,0.448,0.0016,1.76
2599.62,-22.884318598970744,-43.32780626507122,2808,1782.56,0.437,0.0016,1.98
2599.62,-22.866386277370406,-43.327674301085324,2728,1782.56,0.468,0.0015,1.55
2599.62,-22.87669317578605,-43.291644222597775,2531,1782.56,0.433,0.0018,1.58
2599.62,-22.874148355983735,-43.30891140765203,2523,1782.56,0.446,0.0019,1.54
2599.62,-22.871774502158384,-43.27347256112669,2528,1782.56,0.473,0.0015,1.54
2599.62,-22.89214807653393,-43.32199924007791,2658,1782.56,0.455,0.0017,1.87
2599.62,-22.875085854289406,-43.31276047115411,2862,1782.56,0.47,0.0018,1.75
2599.63,-22.885118611594255,-43.3058813521704,2504,1782.56,0.427,0.0018,1.91
2599.63,-22.86340826042182,-43.31149043301849,2670,1782.56,0.415,0.0016,1.66
2599.63,-22.861710046858633,-43.278467531094556,2716,1782.56,0.404,0.0018,1.63
2599.63,-22.889932522081118,-43.281518820240066,2686,1782.56,0.444,0.0018,1.94
2599.63,-22.88520284739984,-43.304851073840815,2864,1782.56,0.424,0.0015,1.76
2599.63,-22.874937783792504,-43.31494440611707,2625,1782.56,0.495,0.0016,1.89
2599.63,-22.87070398097288,-43.30730938443952,2948,1782.56,0.479,0.0018,1.69
2599.64,-22.86283564347404,-43.29347467771211,2568,1782.56,0.427,0.0016,1.52
2599.64,-22.86639865047928,-43.278186064407635,2680,1782.56,0.471,0.0019,1.73
2599.64,-22.870206340591764,-43.278809172268794,2589,1782.56,0.416,0.0015,1.61
2599.64,-22.866156674570156,-43.270982692369834,2954,1782.56,0.483,0.0017,1.83
2599.64,-22.86493449045638,-43.28912110732493,2639,1782.56,0.478,0.0015,1.56
2599.64,-22.861399187668834,-43.2926565648536,2659,1782.56,0.413,0.0017,1.77
2599.64,-22.849064033953866,-43.30009229678292,2877,1782.56,0.41,0.0018,1.95
2599.64,-22.88984031167266,-43.28012659791169,2982,1782.56,0.409,0.0015,1.98
2599.64,-22.84903284183012,-43.300378668090225,2636,1782.56,0.495,0.0016,1.52
2599.64,-22.87990539853711,-43.29569371562535,2522,1782.56,0.449,0.0016,1.75
2599.64,-22.864113655054116,-43.29430874501928,2513,1782.56,0.454,0.0018,1.89
2599.64,-22.8669795169636,-43.312729395744626,2992,1782.56,0.412,0.0015,1.61
2599.64,-22.854665711887623,-43.302775734018006,2848,1782.56,0.497,0.0019,1.69
2599.64,-22.891801503424844,-43.32398281396972,2878,1782.56,0.476,0.0019,1.51
2599.64,-22.880238359783807,-43.31131469976535,2988,1782.56,0.448,0.0016,1.9
2599.64,-22.88472486045064,-43.29643285206332,2885,1782.56,0.46,0.0016,1.65
2599.65,-22.87027709556658,-43.32066505001392,2995,1782.56,0.439,0.0019,1.77
2599.65,-22.883891562489854,-43.28966294594265,2555,1782.56,0.47,0.0017,1.57
2599.65,-22.883891562489854,-43.28966294594265,2522,1782.56,0.404,0.0019,1.93
2599.65,-22.884036487264332,-43.31166450783011,2961,1782.56,0.477,0.0017,1.89
2599.65,-22.85490725184812,-43.31305508257125,2952,1782.56,0.421,0.0019,1.83
2599.65,-22.88294978703814,-43.282994904792325,2830,1782.56,0.421,0.0016,1.75
2599.65,-22.884036487264332,-43.31166450783011,2960,1782.56,0.488,0.0016,1.57
2599.65,-22.87545953618512,-43.294865125762904,2844,1782.56,0.439,0.0015,1.75
2599.65,-22.859308857747987,-43.31502500596901,2711,1782.56,0.447,0.0018,1.93
2599.65,-22.864359769594856,-43.33436283749005,2889,1782.56,0.493,0.0018,1.68
2599.74,-22.867021344732553,-43.307514989302184,2858,1782.56,0.432,0.0015,1.95
2599.74,-22.889737591711263,-43.27804566482924,2644,1782.56,0.413,0.0019,1.59
2599.74,-22.883609697486193,-43.321985320706766,2704,1782.56,0.431,0.0017,1.53
2599.74,-22.869611223913218,-43.29033624211841,2741,1782.56,0.437,0.0019,1.97
2599.74,-22.889578146447786,-43.331262264623696,2787,1782.56,0.485,0.0019,1.94
2599.74,-22.88809210983536,-43.286663944830735,2537,1782.56,0.43,0.0017,1.5
2599.74,-22.88931882485539,-43.28966428164412,2816,1782.56,0.497,0.0017,1.85
2599.74,-22.887707207011417,-43.33610398896485,2920,1782.56,0.484,0.0017,1.58
2599.74,-22.86711369768245,-43.29231942816386,2716,1782.56,0.425,0.0017,1.64
2599.74,-22.857826597605097,-43.32478906809303,2551,1782.56,0.489,0.0016,1.66
2599.74,-22.88307532763262,-43.29773034317116,2997,1782.56,0.441,0.0015,1.99
2599.74,-22.885084361492257,-43.28521909640368,2916,1782.56,0.447,0.0019,1.56
2599.78,-22.860754225324428,-43.280699409222365,2672,1782.56,0.499,0.0016,1.6
2599.78,-22.868086042102256,-43.27464160371426,2681,1782.56,0.441,0.0016,1.84
2599.78,-22.88429130419991,-43.32979618231325,2680,1782.56,0.482,0.0016,1.63
2599.78,-22.894768460259577,-43.325108224624465,2823,1782.56,0.428,0.0015,1.79
2599.78,-22.8913494561635,-43.2811121526979,2625,1782.56,0.465,0.0019,1.77
2599.78,-22.877044057031124,-43.32585217379867,2906,1782.56,0.426,0.0015,1.75
2599.78,-22.89177809869233,-43.28695883070058,2646,1782.56,0.414,0.0015,1.96
2599.78,-22.859443527293752,-43.313754846042464,2930,1782.56,0.466,0.0018,1.61
2599.78,-22.86144821698873,-43.32954653473449,2529,1782.56,0.412,0.0018,1.61
2599.78,-22.889457716445055,-43.32113741309723,2633,1782.56,0.463,0.0018,1.85
2599.78,-22.846127183459664,-43.309759813707345,2949,1782.56,0.486,0.0016,1.96
2599.79,-22.846127183459664,-43.309759813707345,2864,1782.56,0.489,0.0015,1.88
2599.79,-22.887155516722924,-43.305234974339086,2558,1782.56,0.486,0.0016,1.76
2599.79,-22.88427167832591,-43.32092673906297,2705,1782.56,0.456,0.0015,1.77
2599.79,-22.852598472381597,-43.30165751803103,2874,1782.56,0.431,0.0016,1.94
2599.79,-22.888970419873544,-43.276900447868826,2821,1782.56,0.485,0.0015,1.57
2599.79,-22.874743318166633,-43.31929686313053,2888,1782.56,0.437,0.0015,1.89
2599.79,-22.869793334924008,-43.293918449790546,2637,1782.56,0.448,0.0016,1.82
2599.79,-22.89496887400113,-43.315918410614934,2510,1782.56,0.458,0.0018,1.56
2599.79,-22.858671261657715,-43.28552993808476,2799,1782.56,0.447,0.0015,1.82
2599.79,-22.861532363431817,-43.29386874824151,2952,1782.56,0.431,0.0019,1.96
2599.79,-22.875146291117844,-43.307818458397016,2887,1782.56,0.498,0.0017,1.78
2599.79,-22.869805953313453,-43.28972292657455,2790,1782.56,0.466,0.0019,1.8
2599.79,-22.88145053345863,-43.31795462036982,2922,1782.56,0.458,0.0016,1.79
2599.79,-22.84903284183012,-43.300378668090225,2621,1782.56,0.476,0.0018,1.73
2599.79,-22.863415548060487,-43.323317634222505,2830,1782.56,0.415,0.0018,1.63
2599.79,-22.865237651956964,-43.335306588392484,2613,1782.56,0.403,0.0016,1.55
2599.79,-22.888035847751507,-43.282718108513784,2881,1782.56,0.464,0.0017,1.63
2599.79,-22.85691383798527,-43.32369838040761,2855,1782.56,0.483,0.0016,1.51
2599.85,-22.87824414614546,-43.32473055741454,2951,1782.56,0.407,0.0015,1.7
2599.85,-22.87358421777799,-43.317387793603004,2786,1782.56,0.436,0.0015,1.75
2599.85,-22.871185631521833,-43.334161501074995,2629,1782.56,0.495,0.0018,1.69
2599.85,-22.874658912291945,-43.31015627454578,2537,1782.56,0.413,0.0016,1.79
2599.85,-22.867917985966464,-43.31159846022739,2597,1782.56,0.406,0.0016,1.88
2599.85,-22.89452471477547,-43.29205209489,2737,1782.56,0.472,0.0015,1.68
2599.85,-22.88322984648596,-43.28421464468421,2841,1782.56,0.442,0.0018,1.58
2599.85,-22.858356114030986,-43.31224354083034,2532,1782.56,0.44,0.0016,1.9
2599.85,-22.875515460916926,-43.31069020128653,2538,1782.56,0.431,0.0019,1.62
2599.85,-22.889858924555448,-43.32333760286029,2939,1782.56,0.48,0.0019,1.75
2599.85,-22.886171824278932,-43.29940332776213,2792,1782.56,0.44,0.0017,1.72
2599.85,-22.89412830948375,-43.27630798894939,2525,1782.56,0.469,0.0016,1.71
2599.85,-22.859001569774904,-43.29193429934413,2568,1782.56,0.441,0.0015,1.6
2599.85,-22.87292101376026,-43.2849722770823,2773,1782.56,0.461,0.0016,1.99
2599.85,-22.857123277620413,-43.29574409973182,2571,1782.56,0.427,0.0017,1.58
2599.85,-22.877831132106472,-43.31106834331362,2767,1782.56,0.401,0.0018,1.81
2599.85,-22.89148264713646,-43.27986645003522,2733,1782.56,0.45,0.0018,1.75
2599.85,-22.866754144869372,-43.306332011179705,2839,1782.56,0.436,0.0016,1.97
2599.85,-22.869793334924008,-43.293918449790546,2549,1782.56,0.434,0.0016,1.56
2599.85,-22.889457716445055,-43.32113741309723,2670,1782.56,0.476,0.0016,1.6
2599.85,-22.884036487264332,-43.31166450783011,2635,1782.56,0.439,0.0016,1.72
2599.85,-22.868610664476332,-43.29489435252647,2866,1782.56,0.446,0.0018,1.88
2599.85,-22.856879651215213,-43.318851619904024,2777,1782.56,0.46,0.0019,1.63
2599.85,-22.854665711887623,-43.302775734018006,2797,1782.56,0.475,0.0015,1.7
2599.85,-22.846127183459664,-43.309759813707345,2827,1782.56,0.443,0.0016,1.86
2599.85,-22.846127183459664,-43.309759813707345,2605,1782.56,0.421,0.0016,1.78
2599.85,-22.881649035667248,-43.32184270828055,2808,1782.56,0.495,0.0019,1.71
2599.85,-22.86367394666999,-43.297294159494605,2886,1782.56,0.453,0.0017,1.8
2599.85,-22.884318598970744,-43.32780626507122,2670,1782.56,0.428,0.0017,1.94
2599.85,-22.8749931650182,-43.30265604007292,2845,1782.56,0.428,0.0019,1.68
2599.87,-22.882739662015414,-43.27436970845517,2812,1782.56,0.426,0.0017,1.77
2599.87,-22.87612594106117,-43.30746147147047,2926,1782.56,0.41,0.0016,1.64
2599.87,-22.863117302560145,-43.309960029963165,2657,1782.56,0.468,0.0015,1.72
2599.87,-22.864508830652948,-43.287446509399935,2776,1782.56,0.487,0.0015,1.84
2599.87,-22.88867968991285,-43.33214735888769,2540,1782.56,0.433,0.0016,1.63
2599.87,-22.885269744638116,-43.31286410873418,2895,1782.56,0.478,0.0016,1.52
2599.87,-22.850737790702134,-43.31314228510718,2620,1782.56,0.421,0.0018,1.56
2599.89,-22.869611223913218,-43.29033624211841,2770,1782.56,0.497,0.0019,1.59
2599.89,-22.89470308630807,-43.32551035541433,2536,1782.56,0.414,0.0017,1.51
2599.89,-22.85320099357766,-43.28998429458865,2745,1782.56,0.439,0.0017,1.65
2599.89,-22.869300268927798,-43.332347474286664,2684,1782.56,0.428,0.0016,1.79
2599.89,-22.861914604835324,-43.305383062241894,2778,1782.56,0.469,0.0015,1.83
2599.89,-22.89148264713646,-43.27986645003522,2845,1782.56,0.497,0.0018,1.84
2599.89,-22.861492160766815,-43.30304129907048,2970,1782.56,0.444,0.0018,1.94
2599.89,-22.89214807653393,-43.32199924007791,2753,1782.56,0.414,0.0015,1.88
2599.89,-22.866754144869372,-43.306332011179705,2637,1782.56,0.487,0.0018,1.89
2599.89,-22.887776573581203,-43.28318743141474,2954,1782.56,0.468,0.0015,1.78
2599.89,-22.896364735439438,-43.32828877844426,2611,1782.56,0.435,0.0015,1.97
2599.89,-22.889578146447786,-43.331262264623696,2572,1782.56,0.491,0.0016,1.81
2599.89,-22.876600058653487,-43.294176986899174,2743,1782.56,0.437,0.0018,1.83
2599.89,-22.87380820665509,-43.3308834489832,2724,1782.56,0.402,0.0019,1.86
2599.89,-22.859712993290554,-43.28772006955427,2719,1782.56,0.43,0.0017,1.52
2599.89,-22.867021344732553,-43.307514989302184,2556,1782.56,0.454,0.0016,1.71
2599.89,-22.86692805315821,-43.275210747940264,2788,1782.56,0.499,0.0019,1.62
2599.89,-22.85023684649563,-43.298567292399085,2984,1782.56,0.403,0.0018,1.82
2599.89,-22.859712993290554,-43.28772006955427,2746,1782.56,0.403,0.0019,1.86
2599.9,-22.866575310083032,-43.328896758974054,2530,1782.56,0.475,0.0017,1.83
2599.9,-22.873643934246797,-43.295536094821664,2854,1782.56,0.443,0.0015,1.63
2599.91,-22.869611223913218,-43.29033624211841,2598,1782.56,0.431,0.0016,1.57
2599.91,-22.889858924555448,-43.32333760286029,2855,1782.56,0.481,0.0018,1.84
2599.91,-22.888648404701044,-43.2887463267185,2896,1782.56,0.47,0.0019,1.85
2599.93,-22.88198675812342,-43.27676495959041,2802,1782.56,0.493,0.0017,1.86
2599.93,-22.85080734028682,-43.29206683784505,2803,1782.56,0.422,0.0015,1.82
2599.93,-22.87143458612598,-43.26949400000578,2817,1782.56,0.403,0.0017,1.85
2599.93,-22.858628339397463,-43.29865405889191,2526,1782.56,0.472,0.0017,1.84
2599.93,-22.871213697020938,-43.306677884270364,2745,1782.56,0.499,0.0018,1.67
2599.93,-22.88775419686622,-43.33164779315465,2937,1782.56,0.499,0.0019,1.89
2599.93,-22.881551873077655,-43.333125831061146,2568,1782.56,0.471,0.0016,1.72
2599.94,-22.853402608125048,-43.308619414848714,2928,1782.56,0.479,0.0015,1.61
2599.94,-22.8749931650182,-43.30265604007292,2738,1782.56,0.411,0.0019,1.98
2599.94,-22.88789896745282,-43.321186846750706,2723,1782.56,0.403,0.0017,1.98
2599.94,-22.88733155941451,-43.26987308282541,2962,1782.56,0.482,0.0017,1.85
2599.94,-22.883867251671116,-43.30251603805003,2587,1782.56,0.49,0.0019,1.89
2599.94,-22.855767338153527,-43.3260065586982,2956,1782.56,0.422,0.0015,1.68
2599.94,-22.86762605210021,-43.33652514220015,2954,1782.56,0.461,0.0018,1.71
2599.94,-22.890137375091086,-43.277664054382306,2920,1782.56,0.401,0.0015,1.96
2599.94,-22.867458399570957,-43.268782955277885,2725,1782.56,0.484,0.0019,1.65
2600.01,-22.8747783615419,-43.27590700942373,2969,1782.56,0.414,0.0017,1.51
2600.01,-22.86381140933035,-43.329936562683585,2814,1782.56,0.409,0.0015,1.92
2600.01,-22.865538431199276,-43.291757177954814,2982,1782.56,0.491,0.0018,1.74
2600.01,-22.85821759881364,-43.27393164834267,2742,1782.56,0.456,0.0019,1.5
2600.01,-22.881468185623927,-43.294994976890806,2993,1782.56,0.493,0.0015,1.9
2600.01,-22.85710416701063,-43.304086900341545,2500,1782.56,0.495,0.0018,1.66
2600.01,-22.88656171280685,-43.27530997233421,2997,1782.56,0.457,0.0018,1.84
2600.01,-22.886047324390628,-43.30557136326686,2841,1782.56,0.435,0.0019,1.58
2600.01,-22.87589257716541,-43.28796019074052,2880,1782.56,0.408,0.0017,1.72
2600.01,-22.885118611594255,-43.3058813521704,2883,1782.56,0.433,0.0017,1.82
2600.01,-22.85468622919643,-43.31348299559518,2949,1782.56,0.458,0.0017,1.97
2600.01,-22.873643934246797,-43.295536094821664,2579,1782.56,0.439,0.0019,1.84
2600.01,-22.88624258564699,-43.33053699248448,2657,1782.56,0.401,0.0017,1.87
2600.05,-22.87990539853711,-43.29569371562535,2862,1782.56,0.488,0.0016,1.73
2600.05,-22.875834082414713,-43.27831564801494,2602,1782.56,0.49,0.0017,1.55
2600.05,-22.87223476720097,-43.29336171521947,2627,1782.56,0.437,0.0016,1.99
2600.05,-22.88419073958569,-43.307955209458136,2581,1782.56,0.493,0.0015,1.54
2600.08,-22.85320099357766,-43.28998429458865,2952,1782.56,0.409,0.0019,1.55
2600.08,-22.874961602533563,-43.32510125573787,2950,1782.56,0.475,0.0016,1.59
2600.08,-22.879885961699628,-43.295482481050094,2990,1782.56,0.484,0.0017,1.77
2600.08,-22.863843899174302,-43.328411742592934,2539,1782.56,0.446,0.0018,1.68
2600.08,-22.867920753613166,-43.32942070047525,2983,1782.56,0.416,0.0018,1.96
2600.08,-22.89213563769979,-43.31453725797905,2666,1782.56,0.437,0.0017,1.88
2600.08,-22.881333419710195,-43.321184370785694,2801,1782.56,0.413,0.0019,1.73
2600.09,-22.88931882485539,-43.28966428164412,2541,1782.56,0.408,0.0019,1.7
2600.09,-22.864398382493288,-43.29631040963082,2698,1782.56,0.431,0.0019,1.51
2600.09,-22.85815950122837,-43.305398189772106,2505,1782.56,0.437,0.0015,1.85
2600.09,-22.882295866927176,-43.32450889376895,2675,1782.56,0.474,0.0017,1.88
2600.09,-22.864359769594856,-43.33436283749005,2942,1782.56,0.456,0.0015,1.95
2600.09,-22.87358421777799,-43.317387793603004,2643,1782.56,0.43,0.0019,1.9
2600.09,-22.869091144335815,-43.29810859284284,2922,1782.56,0.412,0.0018,1.94
2600.09,-22.867021344732553,-43.307514989302184,2883,1782.56,0.44,0.0016,1.8
2600.11,-22.897529658460527,-43.318345479199664,2567,1782.56,0.498,0.0016,1.55
2600.11,-22.89055249713112,-43.280109026183055,2640,1782.56,0.481,0.0016,1.81
2600.11,-22.856530040860807,-43.28077437905881,2853,1782.56,0.478,0.0016,1.72
2600.11,-22.887463762016246,-43.279058954052026,2740,1782.56,0.426,0.0018,1.68
2600.11,-22.890123849533225,-43.292946678367834,2913,1782.56,0.459,0.0019,1.83
2600.11,-22.85320099357766,-43.28998429458865,2655,1782.56,0.438,0.0018,1.95
2600.11,-22.89496887400113,-43.315918410614934,2601,1782.56,0.402,0.0018,1.98
2600.11,-22.864249254248662,-43.32248206560194,2717,1782.56,0.47,0.0016,1.62
2600.11,-22.89148264713646,-43.27986645003522,2728,1782.56,0.425,0.0015,1.61
2600.14,-22.87358421777799,-43.317387793603004,2562,1782.56,0.421,0.0018,1.88
2600.14,-22.867920753613166,-43.32942070047525,2767,1782.56,0.467,0.0017,1.89
2600.14,-22.888342059087126,-43.29880050477733,2982,1782.56,0.485,0.0019,1.96
2600.14,-22.861916010114125,-43.30826500979156,2722,1782.56,0.436,0.0019,1.92
2600.14,-22.875639528876057,-43.278947681895616,2799,1782.56,0.406,0.0019,1.87
2600.24,-22.888255012773346,-43.28595440982584,2607,1782.56,0.45,0.0016,1.69
2600.24,-22.882354539195187,-43.334620799942,2768,1782.56,0.463,0.0015,1.79
2600.24,-22.86575303264837,-43.31310777055796,2668,1782.56,0.415,0.0016,1.84
2600.24,-22.865124305239885,-43.331156567654766,2810,1782.56,0.496,0.0017,1.86
2600.24,-22.882010907867286,-43.2955107445172,2632,1782.56,0.488,0.0015,1.85
2600.24,-22.89055249713112,-43.280109026183055,2575,1782.56,0.477,0.0018,1.59
2600.24,-22.861399187668834,-43.2926565648536,2841,1782.56,0.439,0.0015,1.89
2600.24,-22.8787675650818,-43.31412382741355,2656,1782.56,0.481,0.0019,1.78
2600.24,-22.88867968991285,-43.33214735888769,2842,1782.56,0.428,0.0015,1.82
2600.24,-22.894054080357296,-43.322548986091206,2711,1782.56,0.499,0.0016,1.85
2600.24,-22.893061988077097,-43.27244154222657,2621,1782.56,0.438,0.0018,1.54
2600.25,-22.861349365426673,-43.305214149060646,2659,1782.56,0.403,0.0019,1.53
2600.25,-22.894448313775243,-43.32140260734481,2806,1782.56,0.413,0.0017,1.94
2600.25,-22.859089832041434,-43.320169279291335,2682,1782.56,0.453,0.0017,1.99
2600.25,-22.882739662015414,-43.27436970845517,2555,1782.56,0.488,0.0016,1.62
2600.25,-22.89821201384601,-43.32804152699613,2823,1782.56,0.419,0.0017,1.75
2600.25,-22.848466036185997,-43.30108889404392,2658,1782.56,0.454,0.0017,1.87
2600.25,-22.885084361492257,-43.28521909640368,2764,1782.56,0.46,0.0018,1.65
2600.25,-22.862626385621034,-43.3132932690294,2550,1782.56,0.495,0.0016,1.76
2600.25,-22.858555044831977,-43.314251573352315,2956,1782.56,0.404,0.0016,1.64
2600.25,-22.889317434161647,-43.2726372572297,2771,1782.56,0.433,0.0017,1.92
2600.25,-22.886969983847738,-43.30609520493499,2910,1782.56,0.472,0.0016,1.51
2600.25,-22.87174129713043,-43.27980852989895,2742,1782.56,0.456,0.0018,1.82
2600.25,-22.86692805315821,-43.275210747940264,2732,1782.56,0.495,0.0017,1.73
2600.25,-22.875881152367807,-43.27437786519449,2525,1782.56,0.451,0.0017,1.81
2600.25,-22.885084361492257,-43.28521909640368,2652,1782.56,0.46,0.0016,1.72
2600.28,-22.88931882485539,-43.28966428164412,2762,1782.56,0.457,0.0019,1.81
2600.28,-22.875957917710124,-43.325732268114734,2701,1782.56,0.428,0.0018,1.5
2600.28,-22.865621616791085,-43.301637713141396,2555,1782.56,0.401,0.0016,1.8
2600.28,-22.87612594106117,-43.30746147147047,2916,1782.56,0.463,0.0016,1.76
2600.33,-22.883030548301637,-43.3356782256163,2994,1782.56,0.419,0.0015,1.87
2600.33,-22.867759761143397,-43.273330121262525,2962,1782.56,0.445,0.0017,1.67
2600.33,-22.856818133546327,-43.32364807005775,2898,1782.56,0.464,0.0017,1.65
2600.33,-22.873148189917117,-43.31526484181589,2948,1782.56,0.412,0.0015,1.97
2600.33,-22.858555044831977,-43.314251573352315,2536,1782.56,0.406,0.0019,1.82
2600.33,-22.87612144329601,-43.323680871304816,2940,1782.56,0.405,0.0018,1.81
2600.35,-22.865577930445912,-43.335811501369385,2595,1782.56,0.457,0.0017,1.68
2600.35,-22.890302059000735,-43.32757993315172,2838,1782.56,0.46,0.0015,1.64
2600.35,-22.859712993290554,-43.28772006955427,2618,1782.56,0.43,0.0016,1.78
2600.35,-22.87853141539161,-43.29876377217909,2814,1782.56,0.411,0.0017,1.76
2600.35,-22.870064152026032,-43.332426309660676,2594,1782.56,0.498,0.0019,1.5
2600.35,-22.853413249490533,-43.30317161329989,2509,1782.56,0.422,0.0016,1.76
2600.35,-22.864249254248662,-43.32248206560194,2579,1782.56,0.427,0.0017,1.66
2600.35,-22.878082994140353,-43.310192460343124,2878,1782.56,0.412,0.0019,1.7
2600.35,-22.89189318600961,-43.335384174879266,2907,1782.56,0.442,0.0017,1.86
2600.39,-22.859725542708905,-43.2808886018145,2615,1782.56,0.433,0.0016,1.77
2600.39,-22.893196891260317,-43.31705142493954,2695,1782.56,0.447,0.0018,1.82
2600.39,-22.87990539853711,-43.29569371562535,2891,1782.56,0.465,0.0018,1.88
2600.45,-22.864911194900778,-43.31963596032144,2901,1782.56,0.413,0.0017,1.74
2600.45,-22.866156674570156,-43.270982692369834,2724,1782.56,0.493,0.0017,1.5
2600.45,-22.86762605210021,-43.33652514220015,2602,1782.56,0.497,0.0018,1.68
2600.45,-22.896654692875437,-43.28478563615814,2749,1782.56,0.459,0.0018,1.76
2600.45,-22.872590007618545,-43.27535563991996,2723,1782.56,0.483,0.0017,1.72
2600.45,-22.864508830652948,-43.287446509399935,2761,1782.56,0.412,0.0018,1.52
2600.45,-22.873190774124623,-43.32110949394854,2572,1782.56,0.472,0.0015,1.81
2600.45,-22.87167666549464,-43.32423136498003,2926,1782.56,0.495,0.0015,1.95
2600.45,-22.884215047491185,-43.286962960829634,2743,1782.56,0.473,0.0019,1.67
2600.46,-22.85658774011582,-43.29605023595669,2974,1782.56,0.488,0.0019,1.95
2600.46,-22.87223476720097,-43.29336171521947,2879,1782.56,0.477,0.0018,1.56
2600.46,-22.881988610968897,-43.3256408177475,2898,1782.56,0.499,0.0015,1.51
2600.46,-22.888648404701044,-43.2887463267185,2800,1782.56,0.424,0.0019,1.77
2600.46,-22.85832227579783,-43.307138207596104,2944,1782.56,0.464,0.0016,1.87
2600.46,-22.882630072693864,-43.32196619291377,2793,1782.56,0.493,0.0019,1.97
2600.47,-22.858628339397463,-43.29865405889191,2600,1782.56,0.419,0.0016,1.79
2600.47,-22.869194574702586,-43.30490939599209,2886,1782.56,0.466,0.0017,1.83
2600.47,-22.861916010114125,-43.30826500979156,2726,1782.56,0.498,0.0018,1.8
2600.47,-22.876824543770894,-43.27666172746651,2882,1782.56,0.405,0.0018,1.58
2600.47,-22.866032073756877,-43.338131873315504,2894,1782.56,0.488,0.0019,1.83
2600.47,-22.888342059087126,-43.29880050477733,2615,1782.56,0.416,0.0019,1.7
2600.47,-22.87486612122775,-43.279707456444505,2895,1782.56,0.423,0.0019,1.67
2600.47,-22.863143577419685,-43.30771135724236,2875,1782.56,0.411,0.0016,1.83
2600.47,-22.861135040004815,-43.30712425112237,2706,1782.56,0.474,0.0018,1.92
2600.54,-22.87029486590473,-43.33249884454889,2976,1782.56,0.45,0.0018,1.93
2600.54,-22.881551873077655,-43.333125831061146,2971,1782.56,0.459,0.0017,1.56
2600.54,-22.86631276821089,-43.2952438805941,2605,1782.56,0.422,0.0018,1.53
2600.54,-22.875834082414713,-43.27831564801494,2797,1782.56,0.472,0.0015,1.8
2600.55,-22.874010689225567,-43.319107440956024,2710,1782.56,0.491,0.0018,1.51
2600.55,-22.887463762016246,-43.279058954052026,2629,1782.56,0.484,0.0016,1.91
2600.55,-22.855454774937616,-43.33103974650509,2561,1782.56,0.45,0.0019,1.82
2600.55,-22.866754144869372,-43.306332011179705,2558,1782.56,0.444,0.0019,1.67
2600.55,-22.88984031167266,-43.28012659791169,2534,1782.56,0.405,0.0015,1.6
2600.55,-22.8619828521923,-43.32818924833407,2988,1782.56,0.442,0.0015,1.69
2600.55,-22.888114719854006,-43.29496886083367,2826,1782.56,0.4,0.0017,1.56
2600.55,-22.87545953618512,-43.294865125762904,2735,1782.56,0.408,0.0016,1.9
2600.55,-22.874743318166633,-43.31929686313053,2989,1782.56,0.488,0.0017,1.74
2600.55,-22.854745499942936,-43.292818165705725,2677,1782.56,0.404,0.0019,1.59
2600.55,-22.889737591711263,-43.27804566482924,2867,1782.56,0.436,0.0016,1.58
2600.55,-22.87029486590473,-43.33249884454889,2655,1782.56,0.4,0.0017,1.53
2600.55,-22.890123849533225,-43.292946678367834,2815,1782.56,0.478,0.0017,1.64
2600.55,-22.888734687164735,-43.29191620907745,2624,1782.56,0.417,0.0015,1.64
2600.55,-22.884561946601494,-43.27513063556018,2903,1782.56,0.475,0.0019,1.55
2600.63,-22.85256517288689,-43.30131585570806,2539,1782.56,0.478,0.0015,1.89
2600.63,-22.856733691680848,-43.31181063497515,2705,1782.56,0.408,0.0015,1.96
2600.63,-22.89412830948375,-43.27630798894939,2605,1782.56,0.413,0.0015,1.84
2600.64,-22.889129492842276,-43.31751945952847,2716,1782.56,0.421,0.0015,1.5
2600.64,-22.888114719854006,-43.29496886083367,2840,1782.56,0.43,0.0015,1.94
2600.64,-22.862662756127307,-43.280590087419654,2806,1782.56,0.478,0.0019,1.95
2600.64,-22.88198675812342,-43.27676495959041,2950,1782.56,0.413,0.0017,1.91
2600.64,-22.889755566209402,-43.26860091856575,2747,1782.56,0.461,0.0019,1.74
2600.64,-22.883574977580775,-43.33156741874061,2540,1782.56,0.44,0.0015,1.93
2600.64,-22.87908092616878,-43.31852261625576,2924,1782.56,0.417,0.0018,1.78
2600.64,-22.878938327788468,-43.3265110096202,2941,1782.56,0.47,0.0019,1.98
2600.64,-22.857526261962377,-43.273044637111475,2584,1782.56,0.458,0.0017,1.59
2600.64,-22.856733691680848,-43.31181063497515,2810,1782.56,0.404,0.0017,1.92
2600.64,-22.889737591711263,-43.27804566482924,2882,1782.56,0.47,0.0018,1.85
2600.64,-22.861044951138112,-43.30165423832948,2508,1782.56,0.436,0.0018,1.74
2600.75,-22.867950283006152,-43.28254729962418,2776,1782.56,0.456,0.0015,1.56
2600.75,-22.89465966178841,-43.2903759655431,2715,1782.56,0.495,0.0019,1.71
2600.75,-22.88775419686622,-43.33164779315465,2951,1782.56,0.424,0.0018,1.74
2600.75,-22.88145053345863,-43.31795462036982,2996,1782.56,0.421,0.0016,1.73
2600.75,-22.869938702555682,-43.33162323026781,2933,1782.56,0.428,0.0017,1.94
2600.75,-22.87070398097288,-43.30730938443952,2866,1782.56,0.417,0.0016,1.72
2600.75,-22.871285051555724,-43.30257291231742,2522,1782.56,0.496,0.0016,1.54
2600.75,-22.88503249841015,-43.324318816889715,2628,1782.56,0.453,0.0017,1.54
2600.76,-22.874593114721886,-43.29506176950043,2513,1782.56,0.458,0.0015,1.97
2600.76,-22.857826597605097,-43.32478906809303,2988,1782.56,0.462,0.0015,1.81
2600.76,-22.861012965171714,-43.27194657048819,2919,1782.56,0.498,0.0019,1.55
2600.76,-22.883044621550756,-43.27253070149058,2726,1782.56,0.422,0.0018,1.59
2600.76,-22.85557329551781,-43.32777610369661,2970,1782.56,0.49,0.0016,1.79
2600.76,-22.875464277457617,-43.27792316983827,2886,1782.56,0.419,0.0015,1.57
2600.76,-22.874148355983735,-43.30891140765203,2781,1782.56,0.443,0.0015,1.53
2600.76,-22.892895319049963,-43.316131804558516,2652,1782.56,0.439,0.0015,1.58
2600.76,-22.86132513843861,-43.300739072527676,2808,1782.56,0.492,0.0015,1.69
2600.76,-22.88307532763262,-43.29773034317116,2849,1782.56,0.401,0.0018,1.62
2600.76,-22.884732663468814,-43.31628033887517,2865,1782.56,0.41,0.0015,1.7
2600.76,-22.889317434161647,-43.2726372572297,2659,1782.56,0.442,0.0015,1.69
2600.83,-22.866754144869372,-43.306332011179705,2911,1782.56,0.418,0.0017,1.97
2600.83,-22.89107709067145,-43.2828255366687,2851,1782.56,0.458,0.0019,1.85
2600.83,-22.877188204111565,-43.31684001468224,2501,1782.56,0.456,0.0018,1.63
2600.83,-22.889129492842276,-43.31751945952847,2837,1782.56,0.453,0.0018,1.55
2600.83,-22.865124305239885,-43.331156567654766,2981,1782.56,0.43,0.0018,1.96
2600.83,-22.874658912291945,-43.31015627454578,2922,1782.56,0.435,0.0016,1.75
2600.83,-22.882010907867286,-43.2955107445172,2976,1782.56,0.41,0.0017,1.77
2600.83,-22.850535474768858,-43.307920547579656,2932,1782.56,0.49,0.0017,1.8
2600.83,-22.885824772689762,-43.295605298502416,2701,1782.56,0.438,0.0019,1.7
2600.83,-22.870064152026032,-43.332426309660676,2837,1782.56,0.43,0.0016,1.85
2600.83,-22.888149570635296,-43.2739540544441,2539,1782.56,0.454,0.0016,1.54
2600.86,-22.88589617068067,-43.28669426317693,2868,1782.56,0.467,0.0017,1.65
2600.86,-22.859712993290554,-43.28772006955427,2629,1782.56,0.449,0.0017,1.65
2600.86,-22.85209561925868,-43.29621764528502,2992,1782.56,0.433,0.0016,1.94
2600.86,-22.861349365426673,-43.305214149060646,2641,1782.56,0.414,0.0017,1.59
2600.86,-22.874749136095733,-43.280831642689,2921,1782.56,0.488,0.0019,1.58
2600.86,-22.874254158307874,-43.272818042354956,2730,1782.56,0.451,0.0018,1.95
2600.86,-22.87581963627435,-43.27661797543457,2606,1782.56,0.432,0.0015,1.53
2600.86,-22.896654692875437,-43.28478563615814,2561,1782.56,0.492,0.0015,1.82
2600.86,-22.873190774124623,-43.32110949394854,2509,1782.56,0.444,0.0019,1.99
2600.86,-22.88990044773605,-43.27986962630341,2796,1782.56,0.465,0.0016,1.56
2600.86,-22.89866055925909,-43.326964581551024,2979,1782.56,0.483,0.0019,1.98
2600.86,-22.88990044773605,-43.27986962630341,2974,1782.56,0.472,0.0015,1.95
2600.86,-22.87070395523622,-43.28421036286542,2576,1782.56,0.447,0.0019,1.52
2600.86,-22.89107709067145,-43.2828255366687,2988,1782.56,0.426,0.0017,1.95
2600.86,-22.883374036979877,-43.328317281821505,2540,1782.56,0.459,0.0018,1.72
2600.86,-22.874658912291945,-43.31015627454578,2638,1782.56,0.463,0.0019,1.73
2600.86,-22.869616302038466,-43.296865451879185,2509,1782.56,0.43,0.0016,1.91
2600.86,-22.887948219818295,-43.291290460786755,2849,1782.56,0.403,0.0019,1.92
2600.86,-22.866968974005935,-43.2989850526044,2788,1782.56,0.481,0.0019,1.59
2600.86,-22.86144821698873,-43.32954653473449,2940,1782.56,0.413,0.0018,1.62
2600.86,-22.861914604835324,-43.305383062241894,2691,1782.56,0.485,0.0017,1.98
2600.86,-22.882825235894607,-43.300401548289734,2909,1782.56,0.481,0.0019,1.73
2600.86,-22.87177941225251,-43.28417908973632,2614,1782.56,0.424,0.0018,1.81
2600.86,-22.888404163074107,-43.3373153549039,2908,1782.56,0.441,0.0017,1.85
2600.86,-22.865124305239885,-43.331156567654766,2779,1782.56,0.416,0.0018,1.78
2600.86,-22.84534312678508,-43.29636634752985,2878,1782.56,0.401,0.0019,1.82
2600.87,-22.850737790702134,-43.31314228510718,2749,1782.56,0.424,0.0018,1.95
2600.87,-22.89213563769979,-43.31453725797905,2896,1782.56,0.443,0.0019,1.59
2600.87,-22.87817590036917,-43.32492949267456,2891,1782.56,0.414,0.0015,1.93
2600.87,-22.846127183459664,-43.309759813707345,2742,1782.56,0.442,0.0015,1.67
2600.87,-22.865673580592134,-43.29967410467113,2753,1782.56,0.453,0.0018,1.94
2600.87,-22.871774502158384,-43.27347256112669,2647,1782.56,0.452,0.0016,1.83
2600.87,-22.874749136095733,-43.280831642689,2977,1782.56,0.455,0.0019,1.74
2600.87,-22.863011240699805,-43.27912413886022,2896,1782.56,0.409,0.0017,1.98
2600.87,-22.88429130419991,-43.32979618231325,2626,1782.56,0.479,0.0017,1.94
2600.87,-22.859824926994264,-43.333258221906284,2708,1782.56,0.45,0.0018,1.63
2600.92,-22.875721493584145,-43.284464143249885,2751,1782.56,0.416,0.0015,1.53
2600.92,-22.875085854289406,-43.31276047115411,2709,1782.56,0.469,0.0016,1.94
2600.92,-22.85815950122837,-43.305398189772106,2817,1782.56,0.433,0.0019,1.8
2600.92,-22.871209003769785,-43.305739958086846,2566,1782.56,0.443,0.0019,1.97
2600.92,-22.854665711887623,-43.302775734018006,2684,1782.56,0.454,0.0019,1.72
2600.92,-22.881649035667248,-43.32184270828055,2536,1782.56,0.484,0.0016,1.87
2600.92,-22.89200693751013,-43.278113608716396,2901,1782.56,0.407,0.0015,1.89
2600.92,-22.882743437189614,-43.29366959255035,2813,1782.56,0.484,0.0015,1.54
2600.92,-22.866968974005935,-43.2989850526044,2789,1782.56,0.468,0.0015,1.98
2600.92,-22.848589623892043,-43.299859478608504,2957,1782.56,0.477,0.0017,1.73
2600.94,-22.87581963627435,-43.27661797543457,2695,1782.56,0.465,0.0019,1.98
2600.94,-22.89798550404551,-43.28389935640311,2921,1782.56,0.418,0.0017,1.51
2600.94,-22.875992561398327,-43.29201624175736,2837,1782.56,0.462,0.0017,1.72
2600.94,-22.85023684649563,-43.298567292399085,2523,1782.56,0.489,0.0015,1.63
2600.94,-22.86340826042182,-43.31149043301849,2698,1782.56,0.425,0.0016,1.62
2600.94,-22.89055249713112,-43.280109026183055,2726,1782.56,0.464,0.0016,1.72
2600.94,-22.86930710621118,-43.28819467148683,2956,1782.56,0.418,0.0015,1.94
2600.94,-22.863395815787765,-43.32537639837979,2750,1782.56,0.439,0.0017,1.8
2600.94,-22.8787675650818,-43.31412382741355,2847,1782.56,0.441,0.0018,1.92
2600.94,-22.868027495114074,-43.27200289825699,2667,1782.56,0.41,0.0017,1.6
2600.94,-22.894539834845414,-43.31941796101164,2903,1782.56,0.463,0.0018,1.84
2600.94,-22.861735960842314,-43.294302778628925,2685,1782.56,0.459,0.0016,1.55
2600.94,-22.861256893082682,-43.32794826319142,2557,1782.56,0.45,0.0017,1.72
2600.95,-22.881551873077655,-43.333125831061146,2664,1782.56,0.46,0.0018,1.7
2600.95,-22.872518736807113,-43.322314380754484,2942,1782.56,0.42,0.0017,1.7
2600.95,-22.848748598421476,-43.30315598662101,2504,1782.56,0.431,0.0017,1.59
2600.95,-22.870061319264384,-43.33215504327575,2847,1782.56,0.488,0.0016,1.62
2600.95,-22.864508830652948,-43.287446509399935,2946,1782.56,0.435,0.0017,1.6
2600.95,-22.89349781095011,-43.27513011000819,2780,1782.56,0.425,0.0018,1.58
2600.95,-22.88419073958569,-43.307955209458136,2511,1782.56,0.401,0.0016,1.7
2600.95,-22.8747783615419,-43.27590700942373,2878,1782.56,0.498,0.0015,1.78
2600.95,-22.847079298568104,-43.29783874614938,2879,1782.56,0.447,0.0018,1.82
2600.95,-22.86340826042182,-43.31149043301849,2708,1782.56,0.483,0.0019,1.58
2600.95,-22.874937783792504,-43.31494440611707,2776,1782.56,0.477,0.0019,1.94
2600.99,-22.882822150903383,-43.319929977033766,2832,1782.56,0.434,0.0016,1.85
2600.99,-22.883044621550756,-43.27253070149058,2608,1782.56,0.422,0.0015,1.96
2600.99,-22.893061988077097,-43.27244154222657,2726,1782.56,0.42,0.0019,1.6
2600.99,-22.861214375839822,-43.28923371270044,2771,1782.56,0.419,0.0015,1.84
2601.0,-22.882822150903383,-43.319929977033766,2989,1782.56,0.421,0.0016,1.93
2601.0,-22.870440572821785,-43.29706772608022,2618,1782.56,0.469,0.0015,1.91
2601.0,-22.889755566209402,-43.26860091856575,2845,1782.56,0.453,0.0019,1.51
2601.0,-22.88472486045064,-43.29643285206332,2702,1782.56,0.471,0.0018,1.77
2601.0,-22.857826597605097,-43.32478906809303,2920,1782.56,0.433,0.0019,1.58
2601.0,-22.893322125393574,-43.29054330329289,2805,1782.56,0.436,0.0019,1.84
2601.0,-22.86144821698873,-43.32954653473449,2906,1782.56,0.429,0.0017,1.62
2601.0,-22.874805283167667,-43.288730385204914,2632,1782.56,0.43,0.0017,1.58
2601.0,-22.861399187668834,-43.2926565648536,2787,1782.56,0.483,0.0015,1.79
2601.0,-22.846127183459664,-43.309759813707345,2964,1782.56,0.48,0.0015,1.51
2601.0,-22.876785616372743,-43.32135565342095,2535,1782.56,0.412,0.0018,1.64
2601.0,-22.858273209561837,-43.27801793683567,2829,1782.56,0.43,0.0018,1.76
2601.0,-22.882630072693864,-43.32196619291377,2935,1782.56,0.467,0.0017,1.8
2601.0,-22.860481074323943,-43.298868714970894,2907,1782.56,0.481,0.0018,1.68
2601.03,-22.87247873307881,-43.277549008332294,2542,1782.56,0.439,0.0019,1.67
2601.03,-22.863117302560145,-43.309960029963165,2866,1782.56,0.411,0.0018,1.77
2601.03,-22.895007079686994,-43.32139147487483,2641,1782.56,0.426,0.0019,1.82
2601.03,-22.87581963627435,-43.27661797543457,2899,1782.56,0.412,0.0015,1.68
2601.03,-22.857123277620413,-43.29574409973182,2744,1782.56,0.485,0.0018,1.83
2601.03,-22.874148355983735,-43.30891140765203,2853,1782.56,0.42,0.0015,1.89
2601.03,-22.86741089713757,-43.31583023259235,2960,1782.56,0.457,0.0017,1.99
2601.03,-22.8710839047058,-43.28359471863838,2801,1782.56,0.436,0.0017,1.62
2601.03,-22.882986765816558,-43.32365032257002,2839,1782.56,0.428,0.0016,1.96
2601.03,-22.872028940590603,-43.32433855365501,2576,1782.56,0.455,0.0016,1.63
2601.07,-22.87174129713043,-43.27980852989895,2924,1782.56,0.404,0.0017,1.51
2601.07,-22.891804245638014,-43.32012754327931,2949,1782.56,0.483,0.0018,1.68
2601.07,-22.875957917710124,-43.325732268114734,2716,1782.56,0.477,0.0015,1.77
2601.07,-22.89798550404551,-43.28389935640311,2657,1782.56,0.486,0.0016,1.92
2601.07,-22.86486717571422,-43.31091685420294,2698,1782.56,0.477,0.0017,1.96
2601.07,-22.88419594579328,-43.28506952767958,2833,1782.56,0.433,0.0018,1.6
2601.09,-22.86367394666999,-43.297294159494605,2637,1782.56,0.452,0.0016,1.61
2601.09,-22.874743318166633,-43.31929686313053,2872,1782.56,0.429,0.0017,1.59
2601.09,-22.886016004221272,-43.27209761929771,2576,1782.56,0.407,0.0018,1.77
2601.09,-22.866386277370406,-43.327674301085324,2572,1782.56,0.492,0.0016,1.87
2601.09,-22.861135040004815,-43.30712425112237,2919,1782.56,0.476,0.0019,1.53
2601.09,-22.853473621389476,-43.30340894163149,2589,1782.56,0.482,0.0019,1.78
2601.09,-22.88733155941451,-43.26987308282541,2825,1782.56,0.436,0.0017,1.52
2601.09,-22.862695092709878,-43.31100679155802,2960,1782.56,0.429,0.0019,1.65
2601.09,-22.881687513370636,-43.298275699900664,2667,1782.56,0.43,0.0017,1.66
2601.09,-22.856530040860807,-43.28077437905881,2897,1782.56,0.476,0.0015,1.85
2601.09,-22.857526261962377,-43.273044637111475,2859,1782.56,0.431,0.0016,1.57
2601.09,-22.871228999758696,-43.29926589816055,2727,1782.56,0.471,0.0018,1.61
2601.09,-22.866180673539375,-43.29255772244056,2936,1782.56,0.406,0.0017,1.58
2601.09,-22.85830737465635,-43.32041805722513,2557,1782.56,0.454,0.0017,1.55
2601.09,-22.86205585541741,-43.28820058141566,2725,1782.56,0.448,0.0018,1.97
2601.09,-22.869616302038466,-43.296865451879185,2625,1782.56,0.498,0.0018,1.79
2601.09,-22.881551873077655,-43.333125831061146,2729,1782.56,0.497,0.0016,1.69
2601.09,-22.888342059087126,-43.29880050477733,2817,1782.56,0.425,0.0016,1.69
2601.09,-22.869938702555682,-43.33162323026781,2847,1782.56,0.471,0.0019,1.62
2601.09,-22.875121999585705,-43.302579846612964,2846,1782.56,0.486,0.0018,1.88
2601.16,-22.8913494561635,-43.2811121526979,2833,1782.56,0.445,0.0015,1.75
2601.16,-22.897828521923,-43.32076240791066,2863,1782.56,0.406,0.0016,1.93
2601.16,-22.85666281988155,-43.32044612425553,2614,1782.56,0.421,0.0017,1.72
2601.16,-22.883574977580775,-43.33156741874061,2829,1782.56,0.418,0.0017,1.71
2601.16,-22.864860944366388,-43.30886474034251,2531,1782.56,0.482,0.0018,1.68
2601.16,-22.874150589674542,-43.311562199564975,2580,1782.56,0.473,0.0016,1.92
2601.16,-22.891604418991513,-43.32057109748399,2612,1782.56,0.492,0.0019,1.55
2601.16,-22.874743318166633,-43.31929686313053,2510,1782.56,0.469,0.0018,1.87
2601.19,-22.85256517288689,-43.30131585570806,2745,1782.56,0.498,0.0016,1.55
2601.19,-22.86404647579271,-43.29436203736227,2818,1782.56,0.435,0.0015,1.91
2601.19,-22.887948219818295,-43.291290460786755,2522,1782.56,0.489,0.0018,1.8
2601.19,-22.882354539195187,-43.334620799942,2507,1782.56,0.471,0.0016,1.5
2601.19,-22.856211768224753,-43.32841840155298,2876,1782.56,0.402,0.0016,1.86
2601.19,-22.859443527293752,-43.313754846042464,2862,1782.56,0.475,0.0015,1.54
2601.19,-22.869300268927798,-43.332347474286664,2702,1782.56,0.472,0.0016,1.79
2601.19,-22.868027495114074,-43.27200289825699,2850,1782.56,0.444,0.0017,1.81
2601.19,-22.876600058653487,-43.294176986899174,2706,1782.56,0.407,0.0016,1.56
2601.19,-22.855767338153527,-43.3260065586982,2589,1782.56,0.456,0.0017,1.56
2601.19,-22.89055249713112,-43.280109026183055,2765,1782.56,0.454,0.0016,1.71
2601.26,-22.86575303264837,-43.31310777055796,2977,1782.56,0.432,0.0017,1.52
2601.26,-22.869955584691237,-43.32150101062384,2796,1782.56,0.427,0.0019,1.55
2601.26,-22.865621616791085,-43.301637713141396,2809,1782.56,0.464,0.0018,1.84
2601.26,-22.8787675650818,-43.31412382741355,2668,1782.56,0.446,0.0016,1.96
2601.26,-22.887155516722924,-43.305234974339086,2564,1782.56,0.465,0.0016,1.91
2601.26,-22.890123849533225,-43.292946678367834,2736,1782.56,0.473,0.0017,1.55
2601.26,-22.87545953618512,-43.294865125762904,2653,1782.56,0.409,0.0015,1.63
2601.26,-22.86782989029103,-43.276843052385786,2739,1782.56,0.422,0.0019,1.52
2601.28,-22.873643934246797,-43.295536094821664,2985,1782.56,0.482,0.0016,1.59
2601.28,-22.87292101376026,-43.2849722770823,2776,1782.56,0.45,0.0016,1.99
2601.28,-22.89821201384601,-43.32804152699613,2920,1782.56,0.465,0.0015,1.94
2601.28,-22.855767338153527,-43.3260065586982,2876,1782.56,0.402,0.0017,1.76
2601.28,-22.88789896745282,-43.321186846750706,2946,1782.56,0.464,0.0017,1.97
2601.28,-22.888531725301167,-43.284620857361205,2953,1782.56,0.421,0.0016,1.95
2601.28,-22.888404163074107,-43.3373153549039,2962,1782.56,0.428,0.0015,1.67
2601.3,-22.876824543770894,-43.27666172746651,2797,1782.56,0.46,0.0016,1.76
2601.3,-22.859712993290554,-43.28772006955427,2764,1782.56,0.412,0.0016,1.7
2601.3,-22.867920753613166,-43.32942070047525,2809,1782.56,0.425,0.0017,1.92
2601.3,-22.88309767427097,-43.31674920792804,2819,1782.56,0.492,0.0016,1.79
2601.3,-22.8889743107615,-43.28629036608258,2754,1782.56,0.412,0.0018,1.87
2601.3,-22.858037683480056,-43.30275192403924,2545,1782.56,0.429,0.0016,1.88
2601.3,-22.856530040860807,-43.28077437905881,2505,1782.56,0.4,0.0018,1.67
2601.3,-22.87581963627435,-43.27661797543457,2705,1782.56,0.49,0.0019,1.64
2601.3,-22.869611223913218,-43.29033624211841,2966,1782.56,0.458,0.0018,1.82
2601.3,-22.85404247869069,-43.29621015021172,2785,1782.56,0.458,0.0018,1.83
2601.3,-22.895007079686994,-43.32139147487483,2758,1782.56,0.455,0.0015,1.77
2601.3,-22.884709899851885,-43.27213163504,2952,1782.56,0.411,0.0018,1.7
2601.3,-22.85498734811861,-43.30331227430829,2529,1782.56,0.462,0.0015,1.94
2601.34,-22.868163405105054,-43.311604199720115,2910,1782.56,0.483,0.0017,1.98
2601.34,-22.85815950122837,-43.305398189772106,2929,1782.56,0.448,0.0019,1.97
2601.34,-22.85629180486859,-43.3176659458171,2567,1782.56,0.45,0.0019,1.75
2601.34,-22.884732663468814,-43.31628033887517,2731,1782.56,0.432,0.0015,1.71
2601.34,-22.87669317578605,-43.291644222597775,2915,1782.56,0.419,0.0016,1.95
2601.34,-22.87247266811023,-43.29552183360868,2928,1782.56,0.42,0.0015,1.87
2601.34,-22.863415548060487,-43.323317634222505,2518,1782.56,0.427,0.0019,1.71
2601.34,-22.8747783615419,-43.27590700942373,2720,1782.56,0.464,0.0017,1.76
2601.35,-22.89452471477547,-43.29205209489,2565,1782.56,0.406,0.0017,1.99
2601.35,-22.877443928915834,-43.27869169898269,2746,1782.56,0.405,0.0016,1.83
2601.35,-22.868942374687943,-43.27206471105248,2538,1782.56,0.47,0.0015,1.82
2601.35,-22.896364735439438,-43.32828877844426,2531,1782.56,0.446,0.0018,1.74
2601.35,-22.858628339397463,-43.29865405889191,2986,1782.56,0.448,0.0019,1.56
2601.35,-22.856211768224753,-43.32841840155298,2602,1782.56,0.409,0.0015,1.51
2601.35,-22.880238359783807,-43.31131469976535,2740,1782.56,0.438,0.0017,1.62
2601.35,-22.876723085458455,-43.273922116031265,2543,1782.56,0.494,0.0018,1.79
2601.35,-22.858152339578883,-43.331756314736744,2787,1782.56,0.447,0.0018,1.82
2601.37,-22.885726073532716,-43.33563371528077,2597,1782.56,0.48,0.0017,1.68
2601.37,-22.88309767427097,-43.31674920792804,2622,1782.56,0.45,0.0019,1.71
2601.37,-22.889932522081118,-43.281518820240066,2887,1782.56,0.438,0.0019,1.76
2601.37,-22.875721493584145,-43.284464143249885,2774,1782.56,0.412,0.0016,1.77
2601.37,-22.88958552272534,-43.315395404695344,2858,1782.56,0.47,0.0019,1.93
2601.37,-22.866968974005935,-43.2989850526044,2586,1782.56,0.414,0.0015,1.94
2601.37,-22.86367394666999,-43.297294159494605,2558,1782.56,0.423,0.0015,1.69
2601.37,-22.8913494561635,-43.2811121526979,2534,1782.56,0.486,0.0015,1.73
2601.37,-22.880560041804536,-43.29814507974918,2690,1782.56,0.432,0.0017,1.52
2601.47,-22.87380820665509,-43.3308834489832,2688,1782.56,0.477,0.0017,1.86
2601.47,-22.88419073958569,-43.307955209458136,2879,1782.56,0.445,0.0016,1.8
2601.47,-22.881824405437325,-43.276966894965064,2629,1782.56,0.415,0.0019,1.57
2601.47,-22.874591043797622,-43.3249468165468,2821,1782.56,0.401,0.0016,1.72
2601.47,-22.881988610968897,-43.3256408177475,2512,1782.56,0.412,0.0017,1.8
2601.47,-22.88291784427213,-43.279430490656594,2879,1782.56,0.401,0.0017,1.61
2601.47,-22.874712394502676,-43.28282881436501,2931,1782.56,0.401,0.0018,1.95
2601.47,-22.863459854588292,-43.30014903832372,2954,1782.56,0.411,0.0015,1.96
2601.47,-22.88427167832591,-43.32092673906297,2839,1782.56,0.443,0.0016,1.87
2601.51,-22.863143577419685,-43.30771135724236,2819,1782.56,0.475,0.0019,1.88
2601.51,-22.885269744638116,-43.31286410873418,2546,1782.56,0.417,0.0017,1.96
2601.51,-22.865237651956964,-43.335306588392484,2868,1782.56,0.485,0.0016,1.54
2601.51,-22.870440572821785,-43.29706772608022,2895,1782.56,0.4,0.0015,1.55
2601.51,-22.867230008683155,-43.2898652432337,2873,1782.56,0.437,0.0017,1.77
2601.51,-22.865237651956964,-43.335306588392484,2776,1782.56,0.401,0.0015,1.7
2601.51,-22.861214375839822,-43.28923371270044,2500,1782.56,0.456,0.0015,1.62
2601.51,-22.889932522081118,-43.281518820240066,2553,1782.56,0.437,0.0015,1.64
2601.51,-22.875957917710124,-43.325732268114734,2649,1782.56,0.487,0.0016,1.73
2601.51,-22.865577930445912,-43.335811501369385,2664,1782.56,0.493,0.0016,1.59
2601.61,-22.87817590036917,-43.32492949267456,2894,1782.56,0.43,0.0018,1.91
2601.61,-22.889557906957364,-43.27511534523526,2541,1782.56,0.436,0.0017,1.75
2601.61,-22.861399187668834,-43.2926565648536,2679,1782.56,0.425,0.0017,1.67
2601.61,-22.876785616372743,-43.32135565342095,2904,1782.56,0.477,0.0019,1.63
2601.61,-22.87027709556658,-43.32066505001392,2986,1782.56,0.463,0.0015,1.52
2601.61,-22.875121999585705,-43.302579846612964,2882,1782.56,0.428,0.0019,1.95
2601.61,-22.867021344732553,-43.307514989302184,2568,1782.56,0.452,0.0016,1.52
2601.61,-22.87174129713043,-43.27980852989895,2845,1782.56,0.48,0.0015,1.83
2601.61,-22.85203244933537,-43.292673874031166,2532,1782.56,0.414,0.0015,1.59
2601.63,-22.852221122571265,-43.302809078039104,2765,1782.56,0.491,0.0015,1.51
2601.63,-22.85340758185386,-43.301772407423,2567,1782.56,0.449,0.0018,1.67
2601.63,-22.8747783615419,-43.27590700942373,2822,1782.56,0.471,0.0018,1.81
2601.63,-22.89148264713646,-43.27986645003522,2766,1782.56,0.476,0.0019,1.8
2601.63,-22.85658774011582,-43.29605023595669,2801,1782.56,0.437,0.0017,1.69
2601.63,-22.889932522081118,-43.281518820240066,2593,1782.56,0.448,0.0016,1.89
2601.63,-22.886969983847738,-43.30609520493499,2610,1782.56,0.438,0.0019,1.61
2601.67,-22.861012965171714,-43.27194657048819,2784,1782.56,0.457,0.0017,1.85
2601.67,-22.87071304085338,-43.289401165594995,2914,1782.56,0.471,0.0019,1.51
2601.67,-22.852221122571265,-43.302809078039104,2539,1782.56,0.474,0.0016,1.93
2601.67,-22.878082994140353,-43.310192460343124,2984,1782.56,0.498,0.0016,1.52
2601.67,-22.877127088132532,-43.313636642888476,2646,1782.56,0.439,0.0019,1.77
2601.67,-22.867021344732553,-43.307514989302184,2729,1782.56,0.471,0.0015,1.84
2601.67,-22.891804245638014,-43.32012754327931,2832,1782.56,0.428,0.0016,1.72
2601.67,-22.874419027380306,-43.28372126720013,2861,1782.56,0.409,0.0018,1.92
2601.67,-22.889737591711263,-43.27804566482924,2590,1782.56,0.488,0.0017,1.83
2601.67,-22.867920753613166,-43.32942070047525,2702,1782.56,0.409,0.0015,1.5
2601.67,-22.855767338153527,-43.3260065586982,2802,1782.56,0.439,0.0018,1.81
2601.67,-22.876164868609784,-43.286342101979244,2500,1782.56,0.404,0.0018,1.93
2601.67,-22.857942866304892,-43.31413091695249,2754,1782.56,0.464,0.0017,1.86
2601.67,-22.8669795169636,-43.312729395744626,2877,1782.56,0.437,0.0019,1.74
2601.67,-22.866462312864606,-43.31212026897201,2792,1782.56,0.425,0.0017,1.55
2601.67,-22.887776573581203,-43.28318743141474,2700,1782.56,0.496,0.0016,1.72
2601.67,-22.848738373059586,-43.29781761613115,2668,1782.56,0.43,0.0016,1.56
2601.68,-22.858555044831977,-43.314251573352315,2890,1782.56,0.408,0.0018,1.76
2601.68,-22.86493449045638,-43.28912110732493,2745,1782.56,0.462,0.0018,1.7
2601.68,-22.86143205741137,-43.3229601040728,2550,1782.56,0.447,0.0017,1.64
2601.68,-22.88775419686622,-43.33164779315465,2934,1782.56,0.427,0.0015,1.91
2601.68,-22.853413249490533,-43.30317161329989,2951,1782.56,0.451,0.0017,1.79
2601.68,-22.887155516722924,-43.305234974339086,2588,1782.56,0.457,0.0017,1.77
2601.68,-22.857826597605097,-43.32478906809303,2962,1782.56,0.425,0.0019,1.57
2601.68,-22.871285051555724,-43.30257291231742,2786,1782.56,0.416,0.0018,1.97
2601.68,-22.86631276821089,-43.2952438805941,2891,1782.56,0.474,0.0019,1.56
2601.72,-22.875834082414713,-43.27831564801494,2777,1782.56,0.475,0.0016,1.75
2601.72,-22.85945488457674,-43.326512509270515,2698,1782.56,0.43,0.0017,1.92
2601.72,-22.87015350840377,-43.31876750576074,2991,1782.56,0.44,0.0016,1.78
2601.72,-22.8584415454567,-43.30047382902333,2699,1782.56,0.461,0.0019,1.75
2601.72,-22.889457716445055,-43.32113741309723,2750,1782.56,0.4,0.0016,1.52
2601.72,-22.88807446890354,-43.28263784741499,2545,1782.56,0.46,0.0016,1.79
2601.72,-22.862662756127307,-43.280590087419654,2654,1782.56,0.492,0.0015,1.81
2601.72,-22.865538431199276,-43.291757177954814,2753,1782.56,0.492,0.0019,1.98
2601.73,-22.88347249931642,-43.30216835806813,2530,1782.56,0.409,0.0017,1.93
2601.73,-22.858468814441554,-43.287728665178946,2563,1782.56,0.495,0.0015,1.64
2601.73,-22.857123277620413,-43.29574409973182,2979,1782.56,0.498,0.0019,1.85
2601.73,-22.87071304085338,-43.289401165594995,2987,1782.56,0.476,0.0018,1.8
2601.73,-22.865237651956964,-43.335306588392484,2765,1782.56,0.463,0.0019,1.81
2601.73,-22.87070395523622,-43.28421036286542,2986,1782.56,0.422,0.0017,1.84
2601.73,-22.860857134715587,-43.27805752582416,2593,1782.56,0.466,0.0017,1.75
2601.73,-22.878999813424073,-43.324851492304006,2855,1782.56,0.465,0.0018,1.65
2601.73,-22.88294978703814,-43.282994904792325,2964,1782.56,0.443,0.0016,1.88
2601.73,-22.889737591711263,-43.27804566482924,2679,1782.56,0.474,0.0019,1.54
2601.73,-22.887435727179092,-43.27038733570493,2634,1782.56,0.492,0.0018,1.81
2601.73,-22.87486612122775,-43.279707456444505,2985,1782.56,0.41,0.0019,1.97
2601.73,-22.893061988077097,-43.27244154222657,2638,1782.56,0.424,0.0015,1.96
2601.73,-22.865542753893855,-43.27607840214181,2591,1782.56,0.479,0.0016,1.57
2601.73,-22.88520284739984,-43.304851073840815,2916,1782.56,0.422,0.0015,1.99
2601.73,-22.860857134715587,-43.27805752582416,2966,1782.56,0.476,0.0017,1.79
2601.73,-22.865266583287077,-43.32937373118127,2537,1782.56,0.422,0.0019,1.92
2601.73,-22.864359769594856,-43.33436283749005,2543,1782.56,0.412,0.0019,1.58
2601.73,-22.85404247869069,-43.29621015021172,2554,1782.56,0.425,0.0017,1.89
2601.73,-22.88307532763262,-43.29773034317116,2752,1782.56,0.423,0.0017,1.73
2601.73,-22.895625375970848,-43.3260810347732,2807,1782.56,0.498,0.0016,1.61
2601.76,-22.870061319264384,-43.33215504327575,2539,1782.56,0.433,0.0017,1.76
2601.76,-22.871285051555724,-43.30257291231742,2899,1782.56,0.465,0.0017,1.6
2601.76,-22.87070395523622,-43.28421036286542,2685,1782.56,0.447,0.0016,1.59
2601.76,-22.859001569774904,-43.29193429934413,2655,1782.56,0.495,0.0018,1.5
2601.76,-22.891804245638014,-43.32012754327931,2585,1782.56,0.468,0.0016,1.57
2601.76,-22.889557906957364,-43.27511534523526,2875,1782.56,0.401,0.0016,1.57
2601.76,-22.89465966178841,-43.2903759655431,2506,1782.56,0.424,0.0017,1.55
2601.76,-22.88520284739984,-43.304851073840815,2854,1782.56,0.455,0.0016,1.56
2601.77,-22.863888243428022,-43.28576933991444,2597,1782.56,0.474,0.0018,1.83
2601.77,-22.88467040718113,-43.322932403912745,2965,1782.56,0.427,0.0019,1.75
2601.77,-22.863143577419685,-43.30771135724236,2693,1782.56,0.478,0.0018,1.72
2601.77,-22.86498400160477,-43.28216548273183,2614,1782.56,0.439,0.0016,1.77
2601.77,-22.8776379226127,-43.306554287574436,2891,1782.56,0.413,0.0015,1.78
2601.77,-22.88427167832591,-43.32092673906297,2979,1782.56,0.427,0.0016,1.74
2601.77,-22.866695168633957,-43.32761741916098,2535,1782.56,0.413,0.0018,1.91
2601.82,-22.872639053563336,-43.3191439334825,2599,1782.56,0.457,0.0016,1.56
2601.82,-22.888342059087126,-43.29880050477733,2626,1782.56,0.468,0.0018,1.71
2601.82,-22.867021344732553,-43.307514989302184,2549,1782.56,0.472,0.0015,1.57
2601.82,-22.87263357888963,-43.312198126796915,2713,1782.56,0.472,0.0015,1.74
2601.82,-22.883867251671116,-43.30251603805003,2901,1782.56,0.48,0.0019,1.9
2601.83,-22.885726073532716,-43.33563371528077,2681,1782.56,0.496,0.0019,1.97
2601.83,-22.857284868038086,-43.32268854135826,2746,1782.56,0.464,0.0018,1.83
2601.83,-22.863011240699805,-43.27912413886022,2824,1782.56,0.437,0.0017,1.94
2601.83,-22.86711369768245,-43.29231942816386,2826,1782.56,0.467,0.0019,1.53
2601.83,-22.882822150903383,-43.319929977033766,2614,1782.56,0.446,0.0017,1.79
2601.83,-22.88733155941451,-43.26987308282541,2986,1782.56,0.447,0.0015,1.55
2601.83,-22.862128139552905,-43.313939096711664,2867,1782.56,0.47,0.0016,1.52
2601.83,-22.87247266811023,-43.29552183360868,2544,1782.56,0.455,0.0019,1.53
2601.85,-22.87167666549464,-43.32423136498003,2687,1782.56,0.454,0.0016,1.99
2601.85,-22.859280335561404,-43.27687464822287,2574,1782.56,0.409,0.0015,1.9
2601.85,-22.875085854289406,-43.31276047115411,2854,1782.56,0.413,0.0015,1.79
2601.85,-22.86205585541741,-43.28820058141566,2636,1782.56,0.414,0.0015,1.97
2601.85,-22.87853141539161,-43.29876377217909,2528,1782.56,0.466,0.0017,1.93
2601.85,-22.871397972907403,-43.28322139568482,2869,1782.56,0.466,0.0017,1.55
2601.85,-22.883044621550756,-43.27253070149058,2971,1782.56,0.483,0.0016,1.97
2601.85,-22.88309767427097,-43.31674920792804,2661,1782.56,0.402,0.0017,1.88
2601.85,-22.865638580774625,-43.29937150465544,2786,1782.56,0.433,0.0016,1.83
2601.85,-22.863144811151294,-43.30122223728789,2869,1782.56,0.416,0.0015,1.58
2601.85,-22.89107709067145,-43.2828255366687,2955,1782.56,0.425,0.0015,1.93
2601.85,-22.897946430730556,-43.28184756803383,2976,1782.56,0.442,0.0015,1.91
2601.85,-22.87070398097288,-43.30730938443952,2502,1782.56,0.439,0.0017,1.89
2601.85,-22.885226044959932,-43.309720499147424,2798,1782.56,0.444,0.0017,1.77
2601.85,-22.858356114030986,-43.31224354083034,2923,1782.56,0.477,0.0016,1.64
2601.85,-22.878999813424073,-43.324851492304006,2963,1782.56,0.483,0.0016,1.85
2601.85,-22.86411762234615,-43.28076398939773,2522,1782.56,0.412,0.0018,1.66
2601.85,-22.870064152026032,-43.332426309660676,2959,1782.56,0.445,0.0017,1.91
2601.85,-22.85691383798527,-43.32369838040761,2822,1782.56,0.437,0.0019,1.92
2601.85,-22.876600058653487,-43.294176986899174,2682,1782.56,0.461,0.0017,1.8
2601.85,-22.858468814441554,-43.287728665178946,2516,1782.56,0.41,0.0019,1.78
2601.87,-22.87908092616878,-43.31852261625576,2817,1782.56,0.478,0.0017,1.59
2601.87,-22.887942772304914,-43.335016025586654,2675,1782.56,0.433,0.0016,1.6
2601.87,-22.88503249841015,-43.324318816889715,2860,1782.56,0.445,0.0017,1.6
2601.87,-22.894525850349083,-43.281279503578794,2788,1782.56,0.497,0.0019,1.78
2601.87,-22.869804401066734,-43.296421713012066,2877,1782.56,0.402,0.0018,1.99
2601.87,-22.88145053345863,-43.31795462036982,2518,1782.56,0.411,0.0015,1.62
2601.94,-22.871209003769785,-43.305739958086846,2810,1782.56,0.499,0.0015,1.9
2601.94,-22.88775419686622,-43.33164779315465,2889,1782.56,0.416,0.0018,1.9
2601.94,-22.85404247869069,-43.29621015021172,2510,1782.56,0.417,0.0017,1.65
2601.94,-22.868487159399706,-43.30384138737934,2541,1782.56,0.48,0.0018,1.77
2601.94,-22.894539834845414,-43.31941796101164,2992,1782.56,0.401,0.0019,1.91
2601.96,-22.87247873307881,-43.277549008332294,2630,1782.56,0.437,0.0016,1.53
2601.96,-22.893322125393574,-43.29054330329289,2965,1782.56,0.44,0.0015,1.67
2601.96,-22.88294978703814,-43.282994904792325,2943,1782.56,0.491,0.0015,1.89
2601.96,-22.865542753893855,-43.27607840214181,2701,1782.56,0.481,0.0015,1.87
2601.96,-22.862695092709878,-43.31100679155802,2568,1782.56,0.499,0.0015,1.57
2601.96,-22.870076345915614,-43.277950719324274,2625,1782.56,0.479,0.0015,1.84
2601.96,-22.89200693751013,-43.278113608716396,2987,1782.56,0.451,0.0019,1.76
2601.96,-22.86631276821089,-43.2952438805941,2692,1782.56,0.46,0.0019,1.58
2601.96,-22.850737790702134,-43.31314228510718,2667,1782.56,0.454,0.0019,1.53
2601.96,-22.86486717571422,-43.31091685420294,2690,1782.56,0.475,0.0017,1.9
2601.98,-22.88807446890354,-43.28263784741499,2513,1782.56,0.4,0.0016,1.64
2601.98,-22.88551657420369,-43.329699326247216,2708,1782.56,0.485,0.0016,1.79
2601.98,-22.873190774124623,-43.32110949394854,2754,1782.56,0.443,0.0018,1.57
2601.98,-22.865174884082702,-43.28765803844912,2939,1782.56,0.487,0.0019,1.64
2601.98,-22.863395815787765,-43.32537639837979,2747,1782.56,0.461,0.0015,1.83
2602.0,-22.861116383190375,-43.306281424567054,2540,1782.56,0.482,0.0015,1.78
2602.0,-22.85629180486859,-43.3176659458171,2846,1782.56,0.478,0.0017,1.62
2602.0,-22.870076345915614,-43.277950719324274,2906,1782.56,0.434,0.0015,1.79
2602.0,-22.89107709067145,-43.2828255366687,2601,1782.56,0.481,0.0017,1.7
2602.0,-22.861916010114125,-43.30826500979156,2898,1782.56,0.498,0.0016,1.86
2602.0,-22.88609409087955,-43.32311508249367,2790,1782.56,0.419,0.0015,1.57
2602.0,-22.89821201384601,-43.32804152699613,2866,1782.56,0.432,0.0017,1.73
2602.0,-22.86951098217584,-43.273374949206584,2546,1782.56,0.422,0.0019,1.85
2602.0,-22.887942772304914,-43.335016025586654,2696,1782.56,0.499,0.0018,1.54
2602.02,-22.89214807653393,-43.32199924007791,2519,1782.56,0.449,0.0018,1.71
2602.02,-22.895008198056836,-43.33039785933877,2562,1782.56,0.459,0.0016,1.63
2602.02,-22.875231775363595,-43.27410490241185,2608,1782.56,0.461,0.0015,1.73
2602.02,-22.877127088132532,-43.313636642888476,2649,1782.56,0.417,0.0015,1.63
2602.02,-22.89452471477547,-43.29205209489,2878,1782.56,0.494,0.0018,1.95
2602.02,-22.889755566209402,-43.26860091856575,2732,1782.56,0.484,0.0017,1.68
2602.02,-22.881333419710195,-43.321184370785694,2906,1782.56,0.4,0.0015,1.64
2602.02,-22.8923504582542,-43.277742797797735,2594,1782.56,0.416,0.0015,1.69
2602.02,-22.884709899851885,-43.27213163504,2852,1782.56,0.417,0.0016,1.55
2602.02,-22.87859339716551,-43.286876010892534,2559,1782.56,0.426,0.0016,1.52
2602.02,-22.84534312678508,-43.29636634752985,2601,1782.56,0.408,0.0019,1.71
2602.02,-22.866462312864606,-43.31212026897201,2944,1782.56,0.411,0.0015,1.86
2602.02,-22.871774502158384,-43.27347256112669,2969,1782.56,0.499,0.0016,1.88
2602.02,-22.867230008683155,-43.2898652432337,2963,1782.56,0.432,0.0018,1.78
2602.02,-22.878082994140353,-43.310192460343124,2658,1782.56,0.43,0.0018,1.82
2602.02,-22.84534312678508,-43.29636634752985,2885,1782.56,0.491,0.0015,1.68
2602.02,-22.88733155941451,-43.26987308282541,2581,1782.56,0.419,0.0016,1.78
2602.09,-22.868433559223956,-43.291280473480036,2552,1782.56,0.481,0.0016,1.58
2602.09,-22.866695168633957,-43.32761741916098,2898,1782.56,0.435,0.0016,1.66
2602.09,-22.886016004221272,-43.27209761929771,2542,1782.56,0.478,0.0016,1.5
2602.09,-22.874879843682866,-43.312921041067106,2608,1782.56,0.419,0.0015,1.53
2602.09,-22.866295959582743,-43.270612328064914,2670,1782.56,0.45,0.0017,1.64
2602.09,-22.864249254248662,-43.32248206560194,2561,1782.56,0.472,0.0018,1.81
2602.09,-22.88775419686622,-43.33164779315465,2798,1782.56,0.481,0.0019,1.84
2602.09,-22.888925165061927,-43.331746474485364,2800,1782.56,0.407,0.0016,1.57
2602.09,-22.89214807653393,-43.32199924007791,2563,1782.56,0.477,0.0015,1.64
2602.09,-22.86788511315902,-43.26719534948081,2571,1782.56,0.485,0.0019,1.57
2602.13,-22.872518736807113,-43.322314380754484,2915,1782.56,0.414,0.0016,1.9
2602.13,-22.859824926994264,-43.333258221906284,2781,1782.56,0.467,0.0018,1.53
2602.13,-22.86178952014623,-43.307313325016665,2823,1782.56,0.444,0.0017,1.68
2602.13,-22.87581963627435,-43.27661797543457,2636,1782.56,0.472,0.0015,1.83
2602.13,-22.88742514405326,-43.27609989812992,2993,1782.56,0.476,0.0015,1.81
2602.13,-22.876600058653487,-43.294176986899174,2554,1782.56,0.464,0.0019,1.76
2602.13,-22.88309767427097,-43.31674920792804,2686,1782.56,0.431,0.0019,1.55
2602.13,-22.857292338452964,-43.328270454943,2770,1782.56,0.423,0.0015,1.63
2602.13,-22.871406185960076,-43.30176403728605,2830,1782.56,0.469,0.0019,1.99
2602.13,-22.87174129713043,-43.27980852989895,2907,1782.56,0.419,0.0015,1.52
2602.2,-22.895007079686994,-43.32139147487483,2877,1782.56,0.403,0.0017,1.54
2602.2,-22.887707207011417,-43.33610398896485,2634,1782.56,0.495,0.0018,1.99
2602.2,-22.87618256645411,-43.30423725012878,2526,1782.56,0.446,0.0018,1.74
2602.2,-22.88958552272534,-43.315395404695344,2728,1782.56,0.462,0.0016,1.87
2602.2,-22.857826597605097,-43.32478906809303,2872,1782.56,0.458,0.0015,1.83
2602.2,-22.853413249490533,-43.30317161329989,2807,1782.56,0.488,0.0015,1.66
2602.23,-22.87208535551471,-43.292984902810836,2905,1782.56,0.447,0.0015,1.65
2602.23,-22.869733404200566,-43.281761550640105,2608,1782.56,0.434,0.0017,1.82
2602.23,-22.866295959582743,-43.270612328064914,2510,1782.56,0.401,0.0015,1.99
2602.23,-22.863391643148574,-43.28982290627995,2936,1782.56,0.421,0.0017,1.94
2602.23,-22.87308331657023,-43.305089464569086,2612,1782.56,0.483,0.0018,1.74
2602.24,-22.878978779701757,-43.32289371663875,2644,1782.56,0.426,0.0019,1.82
2602.24,-22.88656171280685,-43.27530997233421,2875,1782.56,0.441,0.0018,1.73
2602.24,-22.895008198056836,-43.33039785933877,2911,1782.56,0.45,0.0019,1.99
2602.24,-22.874937783792504,-43.31494440611707,2546,1782.56,0.448,0.0015,1.98
2602.24,-22.870385783458357,-43.292127689221395,2542,1782.56,0.469,0.0019,1.95
2602.24,-22.869061768283025,-43.31704078257435,2557,1782.56,0.421,0.0017,1.85
2602.24,-22.88733155941451,-43.26987308282541,2894,1782.56,0.481,0.0016,1.94
2602.24,-22.876723085458455,-43.273922116031265,2834,1782.56,0.422,0.0015,1.63
2602.24,-22.887942772304914,-43.335016025586654,2531,1782.56,0.468,0.0018,1.61
2602.24,-22.871145094853688,-43.28174662556796,2807,1782.56,0.498,0.0017,1.76
2602.24,-22.85691383798527,-43.32369838040761,2503,1782.56,0.433,0.0016,1.58
2602.24,-22.859280335561404,-43.27687464822287,2692,1782.56,0.41,0.0016,1.7
2602.24,-22.866386277370406,-43.327674301085324,2504,1782.56,0.403,0.0018,1.94
2602.24,-22.873190774124623,-43.32110949394854,2875,1782.56,0.438,0.0017,1.96
2602.27,-22.867364115090226,-43.30119033532758,2817,1782.56,0.435,0.0016,1.65
2602.27,-22.873643934246797,-43.295536094821664,2523,1782.56,0.414,0.0018,1.5
2602.27,-22.862695092709878,-43.31100679155802,2968,1782.56,0.484,0.0017,1.69
2602.27,-22.8787470534882,-43.32230690243902,2745,1782.56,0.445,0.0019,1.61
2602.27,-22.870440572821785,-43.29706772608022,2500,1782.56,0.428,0.0019,1.51
2602.27,-22.87824414614546,-43.32473055741454,2656,1782.56,0.414,0.0016,1.59
2602.27,-22.871822805042193,-43.283667704162596,2775,1782.56,0.442,0.0019,1.52
2602.27,-22.874302246649084,-43.30702553844383,2704,1782.56,0.455,0.0019,1.53
2602.27,-22.867759761143397,-43.273330121262525,2806,1782.56,0.427,0.0016,1.81
2602.29,-22.88864127331701,-43.293615823968004,2629,1782.56,0.499,0.0018,1.69
2602.29,-22.85080734028682,-43.29206683784505,2546,1782.56,0.485,0.0018,1.68
2602.29,-22.891604418991513,-43.32057109748399,2992,1782.56,0.486,0.0018,1.63
2602.29,-22.887790193505836,-43.314164524382306,2845,1782.56,0.446,0.0018,1.55
2602.29,-22.853473621389476,-43.30340894163149,2976,1782.56,0.488,0.0017,1.84
2602.29,-22.87223476720097,-43.29336171521947,2687,1782.56,0.495,0.0016,1.56
2602.31,-22.85557329551781,-43.32777610369661,2626,1782.56,0.48,0.0018,1.75
2602.31,-22.89452471477547,-43.29205209489,2641,1782.56,0.443,0.0015,1.62
2602.31,-22.88789896745282,-43.321186846750706,2543,1782.56,0.493,0.0018,1.87
2602.31,-22.876824543770894,-43.27666172746651,2544,1782.56,0.493,0.0016,1.58
2602.31,-22.868086042102256,-43.27464160371426,2529,1782.56,0.416,0.0015,1.9
2602.31,-22.855536186537016,-43.289990506140114,2783,1782.56,0.44,0.0016,1.56
2602.31,-22.863888243428022,-43.28576933991444,2500,1782.56,0.493,0.0018,1.53
2602.31,-22.86930710621118,-43.28819467148683,2992,1782.56,0.446,0.0016,1.87
2602.31,-22.85936162084503,-43.290536673132685,2652,1782.56,0.416,0.0015,1.65
2602.31,-22.89055249713112,-43.280109026183055,2595,1782.56,0.482,0.0015,1.55
2602.31,-22.89496887400113,-43.315918410614934,2983,1782.56,0.428,0.0017,1.99
2602.31,-22.869647425864212,-43.326493151495754,2535,1782.56,0.43,0.0019,1.74
2602.31,-22.885226044959932,-43.309720499147424,2896,1782.56,0.483,0.0018,1.56
2602.31,-22.86178952014623,-43.307313325016665,2761,1782.56,0.449,0.0015,1.6
2602.31,-22.876990184341754,-43.285103753659,2958,1782.56,0.442,0.0015,1.76
2602.31,-22.875658493568537,-43.27778648299565,2937,1782.56,0.461,0.0016,1.63
2602.31,-22.891801503424844,-43.32398281396972,2965,1782.56,0.482,0.0019,1.89
2602.31,-22.866968974005935,-43.2989850526044,2585,1782.56,0.464,0.0015,1.78
2602.31,-22.866295959582743,-43.270612328064914,2806,1782.56,0.4,0.0017,1.83
2602.36,-22.87174129713043,-43.27980852989895,2677,1782.56,0.415,0.0019,1.88
2602.36,-22.861532363431817,-43.29386874824151,2716,1782.56,0.465,0.0019,1.71
2602.36,-22.868487159399706,-43.30384138737934,2527,1782.56,0.442,0.0016,1.74
2602.36,-22.887790193505836,-43.314164524382306,2769,1782.56,0.413,0.0017,1.58
2602.36,-22.866252864969308,-43.283033295123595,2909,1782.56,0.402,0.0016,1.7
2602.36,-22.87669317578605,-43.291644222597775,2828,1782.56,0.402,0.0015,1.92
2602.36,-22.888035847751507,-43.282718108513784,2676,1782.56,0.47,0.0019,1.53
2602.36,-22.87071304085338,-43.289401165594995,2986,1782.56,0.499,0.0019,1.65
2602.36,-22.869804401066734,-43.296421713012066,2848,1782.56,0.479,0.0016,1.63
2602.36,-22.875639528876057,-43.278947681895616,2554,1782.56,0.429,0.0016,1.6
2602.36,-22.876915571808613,-43.29389117666397,2967,1782.56,0.443,0.0018,1.91
2602.36,-22.889129492842276,-43.31751945952847,2940,1782.56,0.412,0.0016,1.78
2602.43,-22.89412830948375,-43.27630798894939,2967,1782.56,0.41,0.0015,1.51
2602.43,-22.848986959017367,-43.30908106870625,2606,1782.56,0.497,0.0017,1.56
2602.43,-22.89580667279858,-43.3224519112638,2629,1782.56,0.403,0.0015,1.89
2602.43,-22.866695168633957,-43.32761741916098,2933,1782.56,0.47,0.0018,1.55
2602.43,-22.876600058653487,-43.294176986899174,2874,1782.56,0.462,0.0015,1.59
2602.43,-22.863843899174302,-43.328411742592934,2505,1782.56,0.404,0.0016,1.75
2602.43,-22.859443527293752,-43.313754846042464,2745,1782.56,0.496,0.0015,1.73
2602.43,-22.87029486590473,-43.33249884454889,2566,1782.56,0.425,0.0016,1.55
2602.43,-22.876915571808613,-43.29389117666397,2818,1782.56,0.463,0.0015,1.59
2602.43,-22.883609697486193,-43.321985320706766,2947,1782.56,0.41,0.0018,1.65
2602.47,-22.866032073756877,-43.338131873315504,2720,1782.56,0.459,0.0015,1.66
2602.47,-22.879822104591387,-43.325467931915405,2998,1782.56,0.443,0.0016,1.66
2602.47,-22.854665711887623,-43.302775734018006,2850,1782.56,0.446,0.0016,1.64
2602.47,-22.86639865047928,-43.278186064407635,2880,1782.56,0.403,0.0018,1.66
2602.47,-22.884709899851885,-43.27213163504,2589,1782.56,0.424,0.0015,1.54
2602.47,-22.86762605210021,-43.33652514220015,2613,1782.56,0.499,0.0017,1.97
2602.47,-22.88419073958569,-43.307955209458136,2627,1782.56,0.425,0.0018,1.75
2602.47,-22.88294978703814,-43.282994904792325,2588,1782.56,0.409,0.0016,1.61
2602.47,-22.889457716445055,-43.32113741309723,2845,1782.56,0.427,0.0017,1.63
2602.47,-22.8913494561635,-43.2811121526979,2512,1782.56,0.448,0.0016,1.76
2602.47,-22.854654876535424,-43.289472715881146,2995,1782.56,0.452,0.0015,1.78
2602.47,-22.845248759869055,-43.3032342222112,2634,1782.56,0.48,0.0017,1.86
2602.47,-22.856530040860807,-43.28077437905881,2993,1782.56,0.448,0.0019,1.77
2602.47,-22.889932522081118,-43.281518820240066,2579,1782.56,0.411,0.0016,1.56
2602.47,-22.864113655054116,-43.29430874501928,2961,1782.56,0.475,0.0015,1.73
2602.47,-22.871285051555724,-43.30257291231742,2783,1782.56,0.404,0.0017,1.75
2602.47,-22.887985146995945,-43.281412996317925,2620,1782.56,0.46,0.0018,1.92
2602.47,-22.87292101376026,-43.2849722770823,2686,1782.56,0.431,0.0018,1.54
2602.48,-22.886171824278932,-43.29940332776213,2672,1782.56,0.453,0.0017,1.56
2602.48,-22.897828521923,-43.32076240791066,2967,1782.56,0.415,0.0015,1.75
2602.48,-22.882354539195187,-43.334620799942,2553,1782.56,0.488,0.0015,1.85
2602.48,-22.864359769594856,-43.33436283749005,2602,1782.56,0.497,0.0018,1.5
2602.48,-22.87167666549464,-43.32423136498003,2611,1782.56,0.44,0.0018,1.56
2602.48,-22.865391656096406,-43.29681388799275,2553,1782.56,0.405,0.0016,1.75
2602.48,-22.86143205741137,-43.3229601040728,2770,1782.56,0.404,0.0015,1.52
2602.48,-22.876915571808613,-43.29389117666397,2601,1782.56,0.403,0.0017,1.72
2602.48,-22.866695168633957,-43.32761741916098,2504,1782.56,0.494,0.0019,1.88
2602.49,-22.864211710200387,-43.29555600835499,2946,1782.56,0.491,0.0019,1.8
2602.49,-22.84903284183012,-43.300378668090225,2770,1782.56,0.495,0.0019,1.59
2602.49,-22.878978779701757,-43.32289371663875,2588,1782.56,0.487,0.0015,1.64
2602.49,-22.877443928915834,-43.27869169898269,2856,1782.56,0.448,0.0018,1.87
2602.49,-22.89412830948375,-43.27630798894939,2961,1782.56,0.457,0.0017,1.97
2602.49,-22.89580667279858,-43.3224519112638,2577,1782.56,0.462,0.0017,1.94
2602.49,-22.859001569774904,-43.29193429934413,2709,1782.56,0.489,0.0017,1.88
2602.49,-22.85468622919643,-43.31348299559518,2886,1782.56,0.457,0.0016,1.62
2602.49,-22.87578904193713,-43.27884368851319,2921,1782.56,0.499,0.0016,1.79
2602.49,-22.85256517288689,-43.30131585570806,2988,1782.56,0.41,0.0019,1.56
2602.49,-22.871134197001645,-43.3324209229417,2627,1782.56,0.436,0.0017,1.58
2602.49,-22.869733404200566,-43.281761550640105,2634,1782.56,0.499,0.0019,1.64
2602.49,-22.88322984648596,-43.28421464468421,2692,1782.56,0.459,0.0018,1.81
2602.49,-22.86611212503453,-43.29434089636883,2728,1782.56,0.424,0.0017,1.93
2602.49,-22.882986765816558,-43.32365032257002,2505,1782.56,0.405,0.0015,1.84
2602.49,-22.875146291117844,-43.307818458397016,2580,1782.56,0.419,0.0016,1.87
2602.49,-22.885084361492257,-43.28521909640368,2979,1782.56,0.401,0.0019,1.92
2602.49,-22.87380820665509,-43.3308834489832,2675,1782.56,0.476,0.0018,1.54
2602.5,-22.88807446890354,-43.28263784741499,2985,1782.56,0.472,0.0015,1.91
2602.5,-22.86930710621118,-43.28819467148683,2847,1782.56,0.434,0.0015,1.65
2602.5,-22.866754144869372,-43.306332011179705,2666,1782.56,0.411,0.0018,1.57
2602.5,-22.896654692875437,-43.28478563615814,2969,1782.56,0.418,0.0017,1.96
2602.5,-22.874148355983735,-43.30891140765203,2858,1782.56,0.45,0.0019,1.75
2602.5,-22.896364735439438,-43.32828877844426,2984,1782.56,0.429,0.0017,1.81
2602.5,-22.883891562489854,-43.28966294594265,2637,1782.56,0.461,0.0016,1.81
2602.5,-22.857826597605097,-43.32478906809303,2905,1782.56,0.427,0.0017,1.76
2602.5,-22.875957917710124,-43.325732268114734,2887,1782.56,0.477,0.0018,1.52
2602.5,-22.862662756127307,-43.280590087419654,2633,1782.56,0.405,0.0016,1.71
2602.5,-22.862182974883037,-43.30926384783481,2851,1782.56,0.457,0.0018,1.97
2602.51,-22.882010907867286,-43.2955107445172,2864,1782.56,0.454,0.0017,1.69
2602.51,-22.873190774124623,-43.32110949394854,2846,1782.56,0.427,0.0018,1.74
2602.51,-22.865638580774625,-43.29937150465544,2938,1782.56,0.429,0.0019,1.6
2602.51,-22.88733155941451,-43.26987308282541,2561,1782.56,0.403,0.0017,1.62
2602.51,-22.866462312864606,-43.31212026897201,2901,1782.56,0.461,0.0019,1.56
2602.51,-22.88291784427213,-43.279430490656594,2664,1782.56,0.409,0.0018,1.52
2602.51,-22.882743437189614,-43.29366959255035,2708,1782.56,0.446,0.0019,1.96
2602.53,-22.858152339578883,-43.331756314736744,2929,1782.56,0.449,0.0018,1.65
2602.53,-22.88294978703814,-43.282994904792325,2795,1782.56,0.404,0.0019,1.59
2602.53,-22.87578904193713,-43.27884368851319,2786,1782.56,0.454,0.0017,1.8
2602.53,-22.861214375839822,-43.28923371270044,2929,1782.56,0.442,0.0017,1.59
2602.53,-22.86949389367307,-43.289631791960566,2789,1782.56,0.497,0.0017,1.93
2602.53,-22.86782989029103,-43.276843052385786,2999,1782.56,0.401,0.0016,1.6
2602.53,-22.85728372610451,-43.31757331912454,2519,1782.56,0.435,0.0018,1.88
2602.53,-22.863011240699805,-43.27912413886022,2593,1782.56,0.41,0.0019,1.57
2602.56,-22.874010689225567,-43.319107440956024,2910,1782.56,0.423,0.0018,1.78
2602.56,-22.86143205741137,-43.3229601040728,2974,1782.56,0.414,0.0016,1.94
2602.56,-22.870076345915614,-43.277950719324274,2979,1782.56,0.406,0.0018,1.84
2602.56,-22.884732663468814,-43.31628033887517,2948,1782.56,0.462,0.0018,1.97
2602.56,-22.861630139363438,-43.31338349982406,2723,1782.56,0.447,0.0015,1.53
2602.56,-22.852598472381597,-43.30165751803103,2719,1782.56,0.479,0.0019,1.68
2602.56,-22.879885961699628,-43.295482481050094,2665,1782.56,0.433,0.0016,1.55
2602.6,-22.86149760224237,-43.29288947173588,2661,1782.56,0.462,0.0018,1.78
2602.6,-22.88347249931642,-43.30216835806813,2841,1782.56,0.444,0.0019,1.82
2602.6,-22.870956151955397,-43.31321927936711,2610,1782.56,0.419,0.0016,1.8
2602.6,-22.88243702214164,-43.305369543833734,2838,1782.56,0.422,0.0017,1.5
2602.6,-22.868086042102256,-43.27464160371426,2804,1782.56,0.464,0.0016,1.56
2602.6,-22.87167666549464,-43.32423136498003,2744,1782.56,0.451,0.0015,1.52
2602.6,-22.84903284183012,-43.300378668090225,2722,1782.56,0.478,0.0016,1.88
2602.6,-22.888342059087126,-43.29880050477733,2579,1782.56,0.488,0.0017,1.73
2602.6,-22.888734687164735,-43.29191620907745,2684,1782.56,0.426,0.0015,1.88
2602.6,-22.8749931650182,-43.30265604007292,2836,1782.56,0.434,0.0016,1.97
2602.61,-22.87824414614546,-43.32473055741454,2909,1782.56,0.467,0.0018,1.87
2602.61,-22.883044621550756,-43.27253070149058,2802,1782.56,0.43,0.0015,1.62
2602.61,-22.88589617068067,-43.28669426317693,2726,1782.56,0.411,0.0018,1.55
2602.61,-22.85830737465635,-43.32041805722513,2628,1782.56,0.474,0.0017,1.58
2602.61,-22.894539834845414,-43.31941796101164,2678,1782.56,0.482,0.0019,1.78
2602.61,-22.863985115090834,-43.321749567625446,2524,1782.56,0.467,0.0016,1.59
2602.61,-22.86221497512879,-43.30516514856493,2530,1782.56,0.452,0.0016,1.97
2602.61,-22.874658912291945,-43.31015627454578,2934,1782.56,0.452,0.0017,1.88
2602.61,-22.854654876535424,-43.289472715881146,2622,1782.56,0.498,0.0018,1.73
2602.61,-22.87858325346472,-43.27939380830951,2902,1782.56,0.416,0.0019,1.97
2602.61,-22.889578146447786,-43.331262264623696,2560,1782.56,0.423,0.0019,1.64
2602.68,-22.85209561925868,-43.29621764528502,2626,1782.56,0.421,0.0018,1.84
2602.68,-22.8749931650182,-43.30265604007292,2836,1782.56,0.467,0.0016,1.87
2602.68,-22.87292101376026,-43.2849722770823,2943,1782.56,0.403,0.0015,1.72
2602.68,-22.871406185960076,-43.30176403728605,2839,1782.56,0.459,0.0016,1.53
2602.68,-22.85404247869069,-43.29621015021172,2823,1782.56,0.4,0.0018,1.71
2602.68,-22.875121999585705,-43.302579846612964,2788,1782.56,0.479,0.0017,1.75
2602.69,-22.88867968991285,-43.33214735888769,2753,1782.56,0.424,0.0017,1.96
2602.69,-22.865266583287077,-43.32937373118127,2637,1782.56,0.482,0.0019,1.58
2602.69,-22.857942866304892,-43.31413091695249,2780,1782.56,0.426,0.0017,1.86
2602.69,-22.865266583287077,-43.32937373118127,2786,1782.56,0.447,0.0017,1.64
2602.69,-22.870206340591764,-43.278809172268794,2843,1782.56,0.494,0.0016,1.61
2602.69,-22.860617930915378,-43.28970703182598,2586,1782.56,0.492,0.0016,1.83
2602.69,-22.89656803123219,-43.28051317443747,2517,1782.56,0.459,0.0018,1.91
2602.69,-22.866575310083032,-43.328896758974054,2513,1782.56,0.453,0.0018,1.52
2602.69,-22.871822805042193,-43.283667704162596,2953,1782.56,0.492,0.0019,1.83
2602.69,-22.889755566209402,-43.26860091856575,2869,1782.56,0.41,0.0018,1.96
2602.69,-22.894054080357296,-43.322548986091206,2510,1782.56,0.495,0.0015,1.98
2602.69,-22.864911194900778,-43.31963596032144,2739,1782.56,0.486,0.0019,1.82
2602.69,-22.895625375970848,-43.3260810347732,2697,1782.56,0.48,0.0018,1.92
2602.84,-22.870092504796666,-43.29135775802206,2519,1782.56,0.463,0.0018,1.73
2602.84,-22.847079298568104,-43.29783874614938,2513,1782.56,0.419,0.0015,1.53
2602.84,-22.89365822630807,-43.326354297839345,2887,1782.56,0.43,0.0016,1.92
2602.84,-22.89189318600961,-43.335384174879266,2772,1782.56,0.461,0.0019,1.71
2602.84,-22.87486612122775,-43.279707456444505,2608,1782.56,0.46,0.0016,1.61
2602.84,-22.87308331657023,-43.305089464569086,2904,1782.56,0.47,0.0019,1.97
2602.84,-22.856479363937087,-43.29586271323093,2514,1782.56,0.417,0.0016,1.93
2602.87,-22.872028940590603,-43.32433855365501,2544,1782.56,0.414,0.0015,1.59
2602.87,-22.87589257716541,-43.28796019074052,2950,1782.56,0.455,0.0015,1.68
2602.87,-22.883030548301637,-43.3356782256163,2934,1782.56,0.481,0.0017,1.75
2602.87,-22.86411762234615,-43.28076398939773,2904,1782.56,0.454,0.0015,1.91
2602.87,-22.887948219818295,-43.291290460786755,2559,1782.56,0.467,0.0018,1.55
2602.87,-22.87857289987672,-43.29592354266078,2646,1782.56,0.443,0.0018,1.83
2602.87,-22.861532363431817,-43.29386874824151,2765,1782.56,0.411,0.0015,1.62
2602.87,-22.89288154320739,-43.286883687835434,2669,1782.56,0.46,0.0018,1.87
2602.87,-22.85340758185386,-43.301772407423,2818,1782.56,0.414,0.0016,1.72
2602.87,-22.85320099357766,-43.28998429458865,2636,1782.56,0.453,0.0015,1.72
2602.87,-22.873190774124623,-43.32110949394854,2974,1782.56,0.481,0.0016,1.6
2602.89,-22.874150589674542,-43.311562199564975,2969,1782.56,0.449,0.0017,1.54
2602.89,-22.862053710723547,-43.292986026270945,2918,1782.56,0.458,0.0019,1.97
2602.89,-22.85728372610451,-43.31757331912454,2600,1782.56,0.44,0.0018,1.51
2602.89,-22.88419594579328,-43.28506952767958,2628,1782.56,0.468,0.0018,1.85
2602.89,-22.869647425864212,-43.326493151495754,2733,1782.56,0.456,0.0015,1.69
2602.89,-22.874749136095733,-43.280831642689,2967,1782.56,0.401,0.0019,1.99
2602.89,-22.868433559223956,-43.291280473480036,2976,1782.56,0.404,0.0019,1.86
2602.91,-22.874419027380306,-43.28372126720013,2820,1782.56,0.481,0.0019,1.96
2602.91,-22.858468814441554,-43.287728665178946,2586,1782.56,0.431,0.0015,1.89
2602.91,-22.8889743107615,-43.28629036608258,2506,1782.56,0.406,0.0019,1.88
2602.91,-22.87858325346472,-43.27939380830951,2792,1782.56,0.444,0.0019,1.91
2602.91,-22.883044621550756,-43.27253070149058,2523,1782.56,0.427,0.0018,1.83
2602.91,-22.847288088171606,-43.295177229050445,2611,1782.56,0.468,0.0017,1.55
2602.91,-22.884732663468814,-43.31628033887517,2851,1782.56,0.458,0.0018,1.78
2602.91,-22.87858325346472,-43.27939380830951,2715,1782.56,0.438,0.0015,1.73
2602.91,-22.883891562489854,-43.28966294594265,2859,1782.56,0.456,0.0018,1.67
2602.91,-22.861116383190375,-43.306281424567054,2582,1782.56,0.412,0.0017,1.8
2602.91,-22.858628339397463,-43.29865405889191,2704,1782.56,0.464,0.0019,1.64
2602.91,-22.88309767427097,-43.31674920792804,2600,1782.56,0.481,0.0015,1.84
2602.97,-22.85080734028682,-43.29206683784505,2665,1782.56,0.414,0.0016,1.91
2602.97,-22.845248759869055,-43.3032342222112,2804,1782.56,0.467,0.0015,1.9
2602.97,-22.86949389367307,-43.289631791960566,2826,1782.56,0.422,0.0019,1.62
2602.97,-22.853473621389476,-43.30340894163149,2651,1782.56,0.466,0.0015,1.53
2602.97,-22.858037683480056,-43.30275192403924,2579,1782.56,0.415,0.0017,1.86
2602.97,-22.891089403246085,-43.3167834405611,2606,1782.56,0.43,0.0016,1.51
2602.97,-22.856530040860807,-43.28077437905881,2931,1782.56,0.44,0.0016,1.52
2602.97,-22.8710839047058,-43.28359471863838,2990,1782.56,0.486,0.0016,1.95
2602.97,-22.879916050347088,-43.27329730057226,2995,1782.56,0.456,0.0015,1.64
2602.97,-22.88717693601249,-43.303481566569786,2677,1782.56,0.456,0.0019,1.76
2602.97,-22.89365822630807,-43.326354297839345,2544,1782.56,0.416,0.0019,1.88
2602.97,-22.862695092709878,-43.31100679155802,2829,1782.56,0.431,0.0019,1.55
2602.97,-22.8579311397991,-43.32575380126112,2760,1782.56,0.493,0.0015,1.72
2602.97,-22.877831132106472,-43.31106834331362,2865,1782.56,0.421,0.0017,1.91
2602.97,-22.886843205699535,-43.302088601823655,2594,1782.56,0.462,0.0018,1.5
2602.97,-22.889737591711263,-43.27804566482924,2956,1782.56,0.492,0.0016,1.88
2602.97,-22.87027709556658,-43.32066505001392,2800,1782.56,0.46,0.0015,1.85
2602.97,-22.881649035667248,-43.32184270828055,2710,1782.56,0.499,0.0018,1.73
2602.97,-22.86951098217584,-43.273374949206584,2620,1782.56,0.476,0.0019,1.51
2602.97,-22.875721493584145,-43.284464143249885,2850,1782.56,0.486,0.0015,1.95
2602.97,-22.87247873307881,-43.277549008332294,2857,1782.56,0.432,0.0016,1.6
2602.97,-22.88198675812342,-43.27676495959041,2937,1782.56,0.401,0.0015,1.9
2602.97,-22.85629180486859,-43.3176659458171,2732,1782.56,0.426,0.0016,1.64
2602.97,-22.88472486045064,-43.29643285206332,2753,1782.56,0.4,0.0017,1.78
2602.97,-22.85658774011582,-43.29605023595669,2631,1782.56,0.435,0.0017,1.65
2602.97,-22.87669317578605,-43.291644222597775,2732,1782.56,0.487,0.0019,1.69
2602.97,-22.89496887400113,-43.315918410614934,2522,1782.56,0.487,0.0016,1.64
2602.98,-22.874658912291945,-43.31015627454578,2585,1782.56,0.476,0.0019,1.62
2602.98,-22.886843205699535,-43.302088601823655,2615,1782.56,0.452,0.0017,1.64
2602.98,-22.88294978703814,-43.282994904792325,2567,1782.56,0.42,0.0017,1.75
2602.98,-22.87029486590473,-43.33249884454889,2953,1782.56,0.437,0.0016,1.84
2602.98,-22.889457716445055,-43.32113741309723,2808,1782.56,0.429,0.0018,1.77
2602.98,-22.88809210983536,-43.286663944830735,2638,1782.56,0.483,0.0015,1.67
2602.98,-22.88809210983536,-43.286663944830735,2846,1782.56,0.424,0.0015,1.57
2602.98,-22.85830737465635,-43.32041805722513,2909,1782.56,0.497,0.0016,1.56
2602.98,-22.87545953618512,-43.294865125762904,2919,1782.56,0.439,0.0019,1.51
2602.98,-22.874148355983735,-43.30891140765203,2779,1782.56,0.41,0.0015,1.93
2602.98,-22.885726073532716,-43.33563371528077,2541,1782.56,0.428,0.0016,1.74
2602.98,-22.876164868609784,-43.286342101979244,2785,1782.56,0.405,0.0016,1.79
2602.99,-22.88867968991285,-43.33214735888769,2611,1782.56,0.442,0.0015,1.79
2602.99,-22.869647425864212,-43.326493151495754,2669,1782.56,0.407,0.0019,1.73
2602.99,-22.89189318600961,-43.335384174879266,2658,1782.56,0.431,0.0015,1.59
2602.99,-22.862088842466637,-43.27367873862249,2579,1782.56,0.496,0.0019,1.77
2602.99,-22.87249509232537,-43.273899684259206,2554,1782.56,0.497,0.0016,1.98
2602.99,-22.89821201384601,-43.32804152699613,2545,1782.56,0.457,0.0016,1.68
2602.99,-22.884615370405403,-43.336687407352116,2773,1782.56,0.482,0.0016,1.69
2602.99,-22.885824772689762,-43.295605298502416,2577,1782.56,0.483,0.0018,1.78
2602.99,-22.865673580592134,-43.29967410467113,2918,1782.56,0.431,0.0016,1.73
2602.99,-22.887942772304914,-43.335016025586654,2665,1782.56,0.488,0.0017,1.78
2602.99,-22.8685102980563,-43.28049395655852,2936,1782.56,0.467,0.0018,1.74
2602.99,-22.87824414614546,-43.32473055741454,2558,1782.56,0.474,0.0018,1.68
2602.99,-22.864911194900778,-43.31963596032144,2643,1782.56,0.458,0.0018,1.61
2602.99,-22.886789936011343,-43.31585082403175,2872,1782.56,0.407,0.0019,1.51
2602.99,-22.868942374687943,-43.27206471105248,2762,1782.56,0.408,0.0015,1.52
2602.99,-22.878678970104733,-43.2893826947477,2787,1782.56,0.472,0.0016,1.7
2603.05,-22.878978779701757,-43.32289371663875,2866,1782.56,0.473,0.0017,1.78
2603.05,-22.86283564347404,-43.29347467771211,2929,1782.56,0.411,0.0018,1.62
2603.05,-22.890137375091086,-43.277664054382306,2921,1782.56,0.478,0.0019,1.91
2603.05,-22.86782989029103,-43.276843052385786,2810,1782.56,0.403,0.0016,1.65
2603.05,-22.856211768224753,-43.32841840155298,2972,1782.56,0.403,0.0016,1.84
2603.05,-22.8669795169636,-43.312729395744626,2766,1782.56,0.425,0.0019,1.98
2603.05,-22.859443527293752,-43.313754846042464,2711,1782.56,0.425,0.0015,1.86
2603.06,-22.862128139552905,-43.313939096711664,2524,1782.56,0.476,0.0018,1.77
2603.06,-22.857123277620413,-43.29574409973182,2860,1782.56,0.476,0.0015,1.72
2603.06,-22.8923504582542,-43.277742797797735,2715,1782.56,0.499,0.0016,1.63
2603.06,-22.856479363937087,-43.29586271323093,2588,1782.56,0.455,0.0015,1.73
2603.06,-22.884215047491185,-43.286962960829634,2726,1782.56,0.496,0.0018,1.85
2603.15,-22.8593406230216,-43.30664764460924,2948,1782.56,0.475,0.0016,1.93
2603.15,-22.875992561398327,-43.29201624175736,2642,1782.56,0.499,0.0016,1.7
2603.15,-22.861492160766815,-43.30304129907048,2969,1782.56,0.403,0.0016,1.5
2603.15,-22.868487159399706,-43.30384138737934,2688,1782.56,0.447,0.0017,1.58
2603.15,-22.89656803123219,-43.28051317443747,2576,1782.56,0.4,0.0017,1.87
2603.15,-22.856211768224753,-43.32841840155298,2809,1782.56,0.456,0.0018,1.54
2603.15,-22.88984031167266,-43.28012659791169,2860,1782.56,0.474,0.0018,1.69
2603.15,-22.89470308630807,-43.32551035541433,2570,1782.56,0.41,0.0019,1.88
2603.15,-22.858124790649356,-43.28008126775039,2936,1782.56,0.478,0.0016,1.73
2603.15,-22.865124305239885,-43.331156567654766,2623,1782.56,0.434,0.0016,1.53
2603.15,-22.863459854588292,-43.30014903832372,2885,1782.56,0.436,0.0015,1.98
2603.15,-22.86367394666999,-43.297294159494605,2874,1782.56,0.495,0.0018,1.66
2603.15,-22.867230008683155,-43.2898652432337,2782,1782.56,0.452,0.0016,1.7
2603.15,-22.87581963627435,-43.27661797543457,2700,1782.56,0.496,0.0018,1.62
2603.16,-22.875992561398327,-43.29201624175736,2929,1782.56,0.464,0.0015,1.86
2603.16,-22.863415548060487,-43.323317634222505,2964,1782.56,0.497,0.0016,1.56
2603.16,-22.885269744638116,-43.31286410873418,2561,1782.56,0.448,0.0016,1.81
2603.16,-22.868588548508306,-43.32436794455032,2932,1782.56,0.444,0.0019,1.75
2603.16,-22.876723085458455,-43.273922116031265,2944,1782.56,0.454,0.0019,1.98
2603.16,-22.85490725184812,-43.31305508257125,2701,1782.56,0.459,0.0019,1.69
2603.16,-22.89116912448737,-43.26883851674487,2839,1782.56,0.492,0.0015,1.85
2603.16,-22.89365822630807,-43.326354297839345,2878,1782.56,0.48,0.0019,1.55
2603.16,-22.863843899174302,-43.328411742592934,2771,1782.56,0.498,0.0015,1.73
2603.19,-22.865174884082702,-43.28765803844912,2695,1782.56,0.432,0.0019,1.83
2603.19,-22.889737591711263,-43.27804566482924,2699,1782.56,0.461,0.0015,1.59
2603.19,-22.868307585939647,-43.281719632505286,2619,1782.56,0.415,0.0015,1.91
2603.19,-22.85080734028682,-43.29206683784505,2501,1782.56,0.489,0.0019,1.76
2603.19,-22.859725542708905,-43.2808886018145,2955,1782.56,0.446,0.0019,1.82
2603.19,-22.868433559223956,-43.291280473480036,2998,1782.56,0.442,0.0019,1.81
2603.19,-22.87029486590473,-43.33249884454889,2990,1782.56,0.435,0.0015,1.73
2603.19,-22.86143205741137,-43.3229601040728,2618,1782.56,0.444,0.0019,1.92
2603.19,-22.86951098217584,-43.273374949206584,2600,1782.56,0.498,0.0016,1.73
2603.19,-22.878938327788468,-43.3265110096202,2905,1782.56,0.439,0.0017,1.57
2603.19,-22.865124305239885,-43.331156567654766,2727,1782.56,0.408,0.0018,1.73
2603.19,-22.888055757576428,-43.308529388417405,2541,1782.56,0.466,0.0016,1.52
2603.19,-22.853402608125048,-43.308619414848714,2890,1782.56,0.461,0.0019,1.81
2603.19,-22.88520284739984,-43.304851073840815,2579,1782.56,0.443,0.0018,1.83
2603.19,-22.869804401066734,-43.296421713012066,2671,1782.56,0.402,0.0016,1.86
2603.19,-22.870956151955397,-43.31321927936711,2805,1782.56,0.43,0.0016,1.63
2603.19,-22.87589257716541,-43.28796019074052,2701,1782.56,0.451,0.0016,1.56
2603.2,-22.85832227579783,-43.307138207596104,2677,1782.56,0.443,0.0017,1.63
2603.2,-22.857123277620413,-43.29574409973182,2825,1782.56,0.44,0.0018,1.86
2603.2,-22.874937783792504,-43.31494440611707,2866,1782.56,0.469,0.0017,1.61
2603.2,-22.863391643148574,-43.28982290627995,2507,1782.56,0.454,0.0016,1.59
2603.2,-22.888734687164735,-43.29191620907745,2747,1782.56,0.413,0.0016,1.73
2603.2,-22.87853141539161,-43.29876377217909,2957,1782.56,0.45,0.0019,1.71
2603.2,-22.897828521923,-43.32076240791066,2623,1782.56,0.477,0.0018,1.55
2603.22,-22.87612144329601,-43.323680871304816,2753,1782.56,0.464,0.0015,1.75
2603.22,-22.858671261657715,-43.28552993808476,2504,1782.56,0.46,0.0019,1.81
2603.22,-22.874302246649084,-43.30702553844383,2978,1782.56,0.468,0.0016,1.64
2603.22,-22.864508830652948,-43.287446509399935,2857,1782.56,0.42,0.0017,1.91
2603.22,-22.85468622919643,-43.31348299559518,2506,1782.56,0.466,0.0019,1.63
2603.22,-22.89349781095011,-43.27513011000819,2532,1782.56,0.436,0.0015,1.8
2603.22,-22.84903284183012,-43.300378668090225,2627,1782.56,0.473,0.0015,1.75
2603.22,-22.877443928915834,-43.27869169898269,2769,1782.56,0.407,0.0019,1.89
2603.22,-22.865538431199276,-43.291757177954814,2659,1782.56,0.474,0.0017,1.99
2603.22,-22.894525850349083,-43.281279503578794,2892,1782.56,0.48,0.0019,1.58
2603.22,-22.88789896745282,-43.321186846750706,2669,1782.56,0.446,0.0018,1.53
2603.22,-22.85666281988155,-43.32044612425553,2968,1782.56,0.457,0.0015,1.86
2603.22,-22.85658774011582,-43.29605023595669,2643,1782.56,0.41,0.0016,1.6
2603.22,-22.859308857747987,-43.31502500596901,2615,1782.56,0.46,0.0016,1.54
2603.23,-22.865266583287077,-43.32937373118127,2621,1782.56,0.492,0.0019,1.87
2603.23,-22.88427167832591,-43.32092673906297,2738,1782.56,0.489,0.0019,1.69
2603.23,-22.8593406230216,-43.30664764460924,2987,1782.56,0.404,0.0015,1.72
2603.23,-22.89452471477547,-43.29205209489,2971,1782.56,0.423,0.0016,1.86
2603.23,-22.870459567523028,-43.29559138021254,2874,1782.56,0.462,0.0015,1.97
2603.23,-22.895625375970848,-43.3260810347732,2748,1782.56,0.441,0.0015,1.7
2603.25,-22.86540222513423,-43.27693918854471,2913,1782.56,0.493,0.0018,1.92
2603.25,-22.89288154320739,-43.286883687835434,2593,1782.56,0.418,0.0016,1.87
2603.25,-22.87669317578605,-43.291644222597775,2805,1782.56,0.427,0.0019,1.72
2603.25,-22.86283564347404,-43.29347467771211,2982,1782.56,0.451,0.0017,1.94
2603.25,-22.86370154201032,-43.275263209670356,2936,1782.56,0.401,0.0017,1.72
2603.25,-22.8669795169636,-43.312729395744626,2649,1782.56,0.499,0.0016,1.56
2603.25,-22.861044951138112,-43.30165423832948,2810,1782.56,0.449,0.0018,1.56
2603.25,-22.877127088132532,-43.313636642888476,2984,1782.56,0.433,0.0019,1.78
2603.25,-22.88140571261693,-43.31563277652367,2546,1782.56,0.455,0.0019,1.87
2603.25,-22.874419027380306,-43.28372126720013,2931,1782.56,0.451,0.0016,1.51
2603.25,-22.86149760224237,-43.29288947173588,2623,1782.56,0.482,0.0016,1.92
2603.25,-22.885824772689762,-43.295605298502416,2809,1782.56,0.407,0.0018,1.67
2603.26,-22.8593406230216,-43.30664764460924,2741,1782.56,0.429,0.0018,1.86
2603.26,-22.86206484465799,-43.29854747951345,2740,1782.56,0.408,0.0019,1.8
2603.26,-22.864359769594856,-43.33436283749005,2715,1782.56,0.482,0.0015,1.92
2603.26,-22.895625375970848,-43.3260810347732,2581,1782.56,0.469,0.0017,1.86
2603.26,-22.863395815787765,-43.32537639837979,2660,1782.56,0.431,0.0017,1.63
2603.26,-22.871285051555724,-43.30257291231742,2910,1782.56,0.494,0.0017,1.66
2603.26,-22.869300268927798,-43.332347474286664,2948,1782.56,0.485,0.0018,1.8
2603.26,-22.855767338153527,-43.3260065586982,2717,1782.56,0.482,0.0015,1.7
2603.26,-22.886171824278932,-43.29940332776213,2751,1782.56,0.4,0.0016,1.53
2603.26,-22.865391656096406,-43.29681388799275,2995,1782.56,0.416,0.0016,1.91
2603.26,-22.871134197001645,-43.3324209229417,2565,1782.56,0.473,0.0015,1.63
2603.28,-22.856479363937087,-43.29586271323093,2600,1782.56,0.417,0.0018,1.86
2603.28,-22.882822150903383,-43.319929977033766,2760,1782.56,0.412,0.0016,1.55
2603.28,-22.85340758185386,-43.301772407423,2851,1782.56,0.475,0.0019,1.57
2603.28,-22.887155516722924,-43.305234974339086,2711,1782.56,0.499,0.0019,1.9
2603.28,-22.86144821698873,-43.32954653473449,2942,1782.56,0.449,0.0019,1.64
2603.33,-22.8923504582542,-43.277742797797735,2674,1782.56,0.404,0.0016,1.68
2603.33,-22.89580667279858,-43.3224519112638,2734,1782.56,0.432,0.0016,1.61
2603.33,-22.85468622919643,-43.31348299559518,2851,1782.56,0.429,0.0015,1.93
2603.33,-22.859725542708905,-43.2808886018145,2521,1782.56,0.464,0.0016,1.99
2603.33,-22.875231775363595,-43.27410490241185,2604,1782.56,0.412,0.0016,1.5
2603.33,-22.85691383798527,-43.32369838040761,2682,1782.56,0.435,0.0015,1.77
2603.33,-22.852551776113255,-43.311440720736606,2556,1782.56,0.426,0.0018,1.98
2603.33,-22.87612144329601,-43.323680871304816,2971,1782.56,0.465,0.0019,1.72
2603.33,-22.88138736370065,-43.28312116559284,2925,1782.56,0.475,0.0017,1.83
2603.33,-22.883044621550756,-43.27253070149058,2833,1782.56,0.467,0.0019,1.71
2603.33,-22.863395815787765,-43.32537639837979,2735,1782.56,0.477,0.0018,1.56
2603.37,-22.87858325346472,-43.27939380830951,2563,1782.56,0.427,0.0018,1.59
2603.37,-22.88809210983536,-43.286663944830735,2761,1782.56,0.417,0.0015,1.72
2603.37,-22.86949389367307,-43.289631791960566,2518,1782.56,0.474,0.0019,1.92
2603.37,-22.866156674570156,-43.270982692369834,2525,1782.56,0.42,0.0019,1.55
2603.37,-22.881551873077655,-43.333125831061146,2755,1782.56,0.449,0.0018,1.8
2603.37,-22.869938702555682,-43.33162323026781,2512,1782.56,0.402,0.0019,1.85
2603.37,-22.8579311397991,-43.32575380126112,2584,1782.56,0.422,0.0019,1.78
2603.4,-22.8747783615419,-43.27590700942373,2863,1782.56,0.41,0.0015,1.69
2603.4,-22.88809210983536,-43.286663944830735,2799,1782.56,0.454,0.0016,1.92
2603.4,-22.866754144869372,-43.306332011179705,2917,1782.56,0.448,0.0019,1.53
2603.4,-22.850737790702134,-43.31314228510718,2754,1782.56,0.444,0.0015,1.52
2603.4,-22.870459567523028,-43.29559138021254,2846,1782.56,0.484,0.0018,1.98
2603.4,-22.882162080687223,-43.31894566364465,2863,1782.56,0.422,0.0016,1.73
2603.4,-22.874522011482487,-43.28315346692239,2964,1782.56,0.442,0.0018,1.84
2603.4,-22.885084361492257,-43.28521909640368,2867,1782.56,0.489,0.0015,1.63
2603.4,-22.894054080357296,-43.322548986091206,2909,1782.56,0.405,0.0019,1.64
2603.4,-22.887948219818295,-43.291290460786755,2778,1782.56,0.45,0.0017,1.96
2603.41,-22.866156674570156,-43.270982692369834,2832,1782.56,0.449,0.0019,1.72
2603.41,-22.88294978703814,-43.282994904792325,2688,1782.56,0.416,0.0018,1.71
2603.41,-22.858468814441554,-43.287728665178946,2915,1782.56,0.496,0.0016,1.64
2603.41,-22.852551776113255,-43.311440720736606,2936,1782.56,0.461,0.0017,1.97
2603.41,-22.87071304085338,-43.289401165594995,2785,1782.56,0.454,0.0018,1.98
2603.41,-22.882162080687223,-43.31894566364465,2617,1782.56,0.428,0.0015,1.77
2603.41,-22.89798550404551,-43.28389935640311,2867,1782.56,0.453,0.0018,1.55
2603.41,-22.889578146447786,-43.331262264623696,2668,1782.56,0.495,0.0015,1.8
2603.41,-22.89580667279858,-43.3224519112638,2523,1782.56,0.426,0.0016,1.9
2603.41,-22.857123277620413,-43.29574409973182,2632,1782.56,0.404,0.0018,1.71
2603.41,-22.89200693751013,-43.278113608716396,2608,1782.56,0.446,0.0018,1.7
2603.41,-22.861399187668834,-43.2926565648536,2656,1782.56,0.448,0.0017,1.75
2603.41,-22.8923504582542,-43.277742797797735,2810,1782.56,0.472,0.0015,1.91
2603.41,-22.881551873077655,-43.333125831061146,2511,1782.56,0.414,0.0016,1.85
2603.42,-22.8913494561635,-43.2811121526979,2987,1782.56,0.467,0.0018,1.68
2603.42,-22.861710046858633,-43.278467531094556,2683,1782.56,0.453,0.0016,1.87
2603.42,-22.876723085458455,-43.273922116031265,2902,1782.56,0.418,0.0017,1.67
2603.42,-22.890137375091086,-43.277664054382306,2935,1782.56,0.421,0.0017,1.61
2603.42,-22.856530040860807,-43.28077437905881,2734,1782.56,0.448,0.0016,1.92
2603.42,-22.88789896745282,-43.321186846750706,2562,1782.56,0.411,0.0016,1.92
2603.42,-22.89798550404551,-43.28389935640311,2872,1782.56,0.463,0.0018,1.68
2603.45,-22.893196891260317,-43.31705142493954,2570,1782.56,0.497,0.0018,1.88
2603.45,-22.88145053345863,-43.31795462036982,2972,1782.56,0.412,0.0018,1.91
2603.45,-22.866968974005935,-43.2989850526044,2556,1782.56,0.42,0.0019,1.63
2603.45,-22.89055249713112,-43.280109026183055,2846,1782.56,0.473,0.0015,1.57
2603.45,-22.876990184341754,-43.285103753659,2567,1782.56,0.484,0.0017,1.99
2603.45,-22.882295866927176,-43.32450889376895,2536,1782.56,0.427,0.0016,1.96
2603.45,-22.865577930445912,-43.335811501369385,2949,1782.56,0.484,0.0016,1.82
2603.45,-22.888970419873544,-43.276900447868826,2820,1782.56,0.451,0.0019,1.59
2603.45,-22.870076345915614,-43.277950719324274,2694,1782.56,0.436,0.0019,1.85
2603.45,-22.874712394502676,-43.28282881436501,2647,1782.56,0.413,0.0017,1.58
2603.45,-22.869647425864212,-43.326493151495754,2864,1782.56,0.444,0.0017,1.89
2603.45,-22.87581963627435,-43.27661797543457,2835,1782.56,0.431,0.0017,1.65
2603.45,-22.86741089713757,-43.31583023259235,2735,1782.56,0.402,0.0018,1.92
2603.45,-22.884732663468814,-43.31628033887517,2951,1782.56,0.434,0.0017,1.81
2603.45,-22.87263357888963,-43.312198126796915,2740,1782.56,0.409,0.0019,1.91
2603.45,-22.856530040860807,-43.28077437905881,2672,1782.56,0.431,0.0015,1.62
2603.46,-22.867021344732553,-43.307514989302184,2764,1782.56,0.453,0.0018,1.83
2603.46,-22.86132513843861,-43.300739072527676,2726,1782.56,0.443,0.0019,1.5
2603.46,-22.874150589674542,-43.311562199564975,2702,1782.56,0.421,0.0018,1.83
2603.46,-22.888925165061927,-43.331746474485364,2739,1782.56,0.418,0.0016,1.56
2603.46,-22.878082994140353,-43.310192460343124,2526,1782.56,0.461,0.0017,1.93
2603.46,-22.895625375970848,-43.3260810347732,2508,1782.56,0.424,0.0017,1.99
2603.46,-22.875639528876057,-43.278947681895616,2951,1782.56,0.478,0.0018,1.54
2603.46,-22.89798550404551,-43.28389935640311,2788,1782.56,0.488,0.0017,1.85
2603.46,-22.861349365426673,-43.305214149060646,2666,1782.56,0.474,0.0018,1.68
2603.51,-22.874254158307874,-43.272818042354956,2930,1782.56,0.483,0.0016,1.5
2603.51,-22.87612594106117,-43.30746147147047,2999,1782.56,0.479,0.0019,1.8
2603.51,-22.875464277457617,-43.27792316983827,2584,1782.56,0.458,0.0016,1.69
2603.51,-22.868027495114074,-43.27200289825699,2531,1782.56,0.482,0.0017,1.61
2603.51,-22.854654876535424,-43.289472715881146,2581,1782.56,0.486,0.0016,1.54
2603.51,-22.884215047491185,-43.286962960829634,2774,1782.56,0.468,0.0019,1.94
2603.51,-22.87167666549464,-43.32423136498003,2925,1782.56,0.47,0.0019,1.67
2603.51,-22.88742514405326,-43.27609989812992,2978,1782.56,0.46,0.0019,1.92
2603.51,-22.861340447661618,-43.31260812808475,2549,1782.56,0.463,0.0015,1.75
2603.51,-22.88427167832591,-43.32092673906297,2736,1782.56,0.441,0.0016,1.55
2603.59,-22.88145053345863,-43.31795462036982,2654,1782.56,0.458,0.0016,1.82
2603.59,-22.872639053563336,-43.3191439334825,2915,1782.56,0.423,0.0015,1.79
2603.59,-22.85666281988155,-43.32044612425553,2668,1782.56,0.452,0.0015,1.89
2603.59,-22.881333419710195,-43.321184370785694,2793,1782.56,0.493,0.0015,1.96
2603.59,-22.87612594106117,-43.30746147147047,2788,1782.56,0.416,0.0019,1.5
2603.59,-22.862088842466637,-43.27367873862249,2777,1782.56,0.415,0.0015,1.71
2603.59,-22.861399187668834,-43.2926565648536,2832,1782.56,0.484,0.0018,1.85
2603.6,-22.87669317578605,-43.291644222597775,2832,1782.56,0.428,0.0017,1.56
2603.6,-22.873190774124623,-43.32110949394854,2573,1782.56,0.438,0.0016,1.99
2603.6,-22.85320099357766,-43.28998429458865,2956,1782.56,0.442,0.0019,1.51
2603.6,-22.86788511315902,-43.26719534948081,2700,1782.56,0.469,0.0015,1.87
2603.6,-22.852221122571265,-43.302809078039104,2576,1782.56,0.444,0.0019,1.7
2603.62,-22.885118611594255,-43.3058813521704,2916,1782.56,0.449,0.0019,1.9
2603.62,-22.88807446890354,-43.28263784741499,2588,1782.56,0.401,0.0016,1.95
2603.62,-22.872639053563336,-43.3191439334825,2873,1782.56,0.464,0.0017,1.52
2603.62,-22.869804401066734,-43.296421713012066,2649,1782.56,0.458,0.0018,1.77
2603.62,-22.88809210983536,-43.286663944830735,2760,1782.56,0.428,0.0016,1.96
2603.64,-22.897529658460527,-43.318345479199664,2781,1782.56,0.442,0.0015,1.82
2603.64,-22.85468622919643,-43.31348299559518,2994,1782.56,0.487,0.0017,1.54
2603.64,-22.86144821698873,-43.32954653473449,2957,1782.56,0.468,0.0017,1.61
2603.64,-22.868163405105054,-43.311604199720115,2661,1782.56,0.429,0.0018,1.96
2603.64,-22.89213563769979,-43.31453725797905,2532,1782.56,0.429,0.0017,1.81
2603.64,-22.865174884082702,-43.28765803844912,2558,1782.56,0.447,0.0015,1.95
2603.64,-22.89496887400113,-43.315918410614934,2706,1782.56,0.465,0.0016,1.5
2603.64,-22.84534312678508,-43.29636634752985,2658,1782.56,0.488,0.0017,1.88
2603.64,-22.855454774937616,-43.33103974650509,2640,1782.56,0.4,0.0017,1.76
2603.64,-22.869793334924008,-43.293918449790546,2770,1782.56,0.459,0.0015,1.64
2603.64,-22.865673580592134,-43.29967410467113,2839,1782.56,0.441,0.0015,1.93
2603.64,-22.855454774937616,-43.33103974650509,2548,1782.56,0.495,0.0015,1.57
2603.64,-22.863888243428022,-43.28576933991444,2664,1782.56,0.422,0.0016,1.65
2603.64,-22.8685102980563,-43.28049395655852,2532,1782.56,0.447,0.0017,1.75
2603.64,-22.864860944366388,-43.30886474034251,2871,1782.56,0.477,0.0016,1.84
2603.66,-22.872028940590603,-43.32433855365501,2576,1782.56,0.447,0.0019,1.82
2603.66,-22.887155516722924,-43.305234974339086,2886,1782.56,0.422,0.0019,1.63
2603.66,-22.88291784427213,-43.279430490656594,2563,1782.56,0.451,0.0017,1.57
2603.66,-22.86144821698873,-43.32954653473449,2788,1782.56,0.445,0.0018,1.76
2603.66,-22.87545953618512,-43.294865125762904,2646,1782.56,0.496,0.0018,1.73
2603.66,-22.89912367879457,-43.2891889620023,2792,1782.56,0.441,0.0019,1.76
2603.66,-22.89200525941612,-43.28187526446192,2653,1782.56,0.462,0.0015,1.93
2603.7,-22.868588548508306,-43.32436794455032,2608,1782.56,0.442,0.0016,1.66
2603.7,-22.870257745721055,-43.29604893570869,2855,1782.56,0.409,0.0018,1.65
2603.7,-22.89350124787708,-43.33173002529052,2622,1782.56,0.44,0.0017,1.83
2603.7,-22.85728372610451,-43.31757331912454,2652,1782.56,0.436,0.0016,1.61
2603.7,-22.869955584691237,-43.32150101062384,2655,1782.56,0.494,0.0018,1.62
2603.7,-22.852607422648404,-43.298626277056655,2502,1782.56,0.495,0.0015,1.86
2603.7,-22.862088842466637,-43.27367873862249,2653,1782.56,0.464,0.0019,1.94
2603.7,-22.877044057031124,-43.32585217379867,2622,1782.56,0.444,0.0019,1.66
2603.7,-22.88138736370065,-43.28312116559284,2967,1782.56,0.429,0.0019,1.9
2603.7,-22.862182974883037,-43.30926384783481,2541,1782.56,0.459,0.0017,1.5
2603.7,-22.888734687164735,-43.29191620907745,2686,1782.56,0.414,0.0016,1.73
2603.7,-22.864860944366388,-43.30886474034251,2892,1782.56,0.436,0.0016,1.84
2603.72,-22.893322125393574,-43.29054330329289,2773,1782.56,0.46,0.0018,1.79
2603.72,-22.885270044065155,-43.31713716374416,2793,1782.56,0.488,0.0019,1.89
2603.72,-22.866032073756877,-43.338131873315504,2751,1782.56,0.492,0.0019,1.61
2603.72,-22.868433559223956,-43.291280473480036,2911,1782.56,0.403,0.0019,1.68
2603.72,-22.885270044065155,-43.31713716374416,2989,1782.56,0.424,0.0019,1.8
2603.72,-22.887435727179092,-43.27038733570493,2798,1782.56,0.473,0.0016,1.63
2603.72,-22.864249254248662,-43.32248206560194,2876,1782.56,0.475,0.0015,1.59
2603.72,-22.889755566209402,-43.26860091856575,2978,1782.56,0.474,0.0017,1.81
2603.72,-22.88472486045064,-43.29643285206332,2556,1782.56,0.459,0.0017,1.76
2603.72,-22.876824543770894,-43.27666172746651,2583,1782.56,0.419,0.0015,1.82
2603.72,-22.88243702214164,-43.305369543833734,2767,1782.56,0.409,0.0015,1.5
2603.81,-22.885226044959932,-43.309720499147424,2609,1782.56,0.465,0.0018,1.72
2603.81,-22.8580219822232,-43.32874338434754,2733,1782.56,0.403,0.0019,1.98
2603.81,-22.860857134715587,-43.27805752582416,2994,1782.56,0.404,0.0017,1.56
2603.81,-22.848986959017367,-43.30908106870625,2903,1782.56,0.411,0.0016,1.8
2603.81,-22.895007079686994,-43.32139147487483,2512,1782.56,0.44,0.0018,1.52
2603.81,-22.874419027380306,-43.28372126720013,2629,1782.56,0.424,0.0016,1.89
2603.81,-22.897529658460527,-43.318345479199664,2794,1782.56,0.487,0.0017,1.84
2603.81,-22.87358421777799,-43.317387793603004,2927,1782.56,0.432,0.0016,1.94
2603.81,-22.882354539195187,-43.334620799942,2748,1782.56,0.429,0.0015,1.9
2603.81,-22.849463791266736,-43.299533807688285,2922,1782.56,0.455,0.0018,1.86
2603.81,-22.854665711887623,-43.302775734018006,2747,1782.56,0.422,0.0018,1.97
2603.81,-22.870076345915614,-43.277950719324274,2854,1782.56,0.49,0.0015,1.57
2603.82,-22.871719493758746,-43.27828847121003,2981,1782.56,0.488,0.0016,1.58
2603.82,-22.88419594579328,-43.28506952767958,2994,1782.56,0.416,0.0019,1.69
2603.82,-22.862662756127307,-43.280590087419654,2854,1782.56,0.496,0.0017,1.73
2603.82,-22.887707207011417,-43.33610398896485,2990,1782.56,0.411,0.0016,1.91
2603.82,-22.86367394666999,-43.297294159494605,2956,1782.56,0.475,0.0015,1.74
2603.82,-22.87249509232537,-43.273899684259206,2942,1782.56,0.494,0.0019,1.53
2603.82,-22.864860944366388,-43.30886474034251,2612,1782.56,0.448,0.0017,1.71
2603.82,-22.89912367879457,-43.2891889620023,2623,1782.56,0.448,0.0019,1.59
2603.82,-22.875834082414713,-43.27831564801494,2901,1782.56,0.427,0.0018,1.53
2603.89,-22.870459567523028,-43.29559138021254,2548,1782.56,0.434,0.0018,1.58
2603.89,-22.876824543770894,-43.27666172746651,2822,1782.56,0.484,0.0017,1.57
2603.89,-22.87612594106117,-43.30746147147047,2984,1782.56,0.479,0.0017,1.96
2603.89,-22.88717693601249,-43.303481566569786,2615,1782.56,0.484,0.0019,1.63
2603.89,-22.85209561925868,-43.29621764528502,2650,1782.56,0.473,0.0018,1.54
2603.89,-22.864911194900778,-43.31963596032144,2831,1782.56,0.412,0.0017,1.64
2603.89,-22.867950283006152,-43.28254729962418,2929,1782.56,0.42,0.0015,1.71
2603.89,-22.870206340591764,-43.278809172268794,2862,1782.56,0.437,0.0019,1.9
2603.89,-22.85340758185386,-43.301772407423,2613,1782.56,0.478,0.0016,1.67
2603.89,-22.87758754724252,-43.277893181698815,2902,1782.56,0.476,0.0018,1.65
2603.89,-22.87581963627435,-43.27661797543457,2939,1782.56,0.403,0.0016,1.84
2603.89,-22.866575310083032,-43.328896758974054,2524,1782.56,0.496,0.0019,1.63
2603.93,-22.85821759881364,-43.27393164834267,2511,1782.56,0.466,0.0015,1.93
2603.93,-22.887463762016246,-43.279058954052026,2961,1782.56,0.485,0.0017,1.64
2603.93,-22.88198675812342,-43.27676495959041,2863,1782.56,0.466,0.0018,1.74
2603.93,-22.852221122571265,-43.302809078039104,2809,1782.56,0.434,0.0018,1.7
2603.93,-22.896652938121445,-43.287712982795526,2911,1782.56,0.468,0.0019,1.88
2603.93,-22.861340447661618,-43.31260812808475,2988,1782.56,0.419,0.0016,1.91
2603.93,-22.85557329551781,-43.32777610369661,2500,1782.56,0.464,0.0017,1.97
2603.93,-22.886843205699535,-43.302088601823655,2952,1782.56,0.471,0.0015,1.74
2603.93,-22.877831132106472,-43.31106834331362,2946,1782.56,0.467,0.0015,1.65
2603.93,-22.870385783458357,-43.292127689221395,2953,1782.56,0.492,0.0016,1.67
2603.93,-22.857152785021295,-43.28769390181108,2924,1782.56,0.413,0.0016,1.68
2603.93,-22.85340758185386,-43.301772407423,2954,1782.56,0.434,0.0017,1.91
2603.93,-22.881988610968897,-43.3256408177475,2679,1782.56,0.448,0.0016,1.89
2603.94,-22.890074402587583,-43.28066188235112,2537,1782.56,0.494,0.0017,1.81
2603.94,-22.85404247869069,-43.29621015021172,2561,1782.56,0.459,0.0016,1.97
2603.94,-22.848748598421476,-43.30315598662101,2615,1782.56,0.474,0.0016,1.68
2603.94,-22.89213563769979,-43.31453725797905,2801,1782.56,0.43,0.0017,1.67
2603.94,-22.859712993290554,-43.28772006955427,2665,1782.56,0.469,0.0015,1.78
2603.94,-22.871209003769785,-43.305739958086846,2669,1782.56,0.477,0.0015,1.91
2603.94,-22.85203244933537,-43.292673874031166,2535,1782.56,0.416,0.0016,1.5
2603.94,-22.865538431199276,-43.291757177954814,2558,1782.56,0.417,0.0018,1.65
2603.94,-22.856454885914935,-43.28119881115064,2594,1782.56,0.483,0.0017,1.8
2603.94,-22.876915571808613,-43.29389117666397,2882,1782.56,0.4,0.0019,1.73
2603.97,-22.85203244933537,-43.292673874031166,2649,1782.56,0.468,0.0018,1.95
2603.97,-22.870257745721055,-43.29604893570869,2808,1782.56,0.481,0.0015,1.59
2603.97,-22.87247873307881,-43.277549008332294,2852,1782.56,0.464,0.0018,1.76
2603.97,-22.87824414614546,-43.32473055741454,2719,1782.56,0.405,0.0016,1.57
2603.97,-22.880560041804536,-43.29814507974918,2999,1782.56,0.416,0.0018,1.93
2603.97,-22.87247873307881,-43.277549008332294,2873,1782.56,0.467,0.0019,1.89
2603.97,-22.87174129713043,-43.27980852989895,2594,1782.56,0.432,0.0017,1.58
2603.97,-22.87578904193713,-43.27884368851319,2943,1782.56,0.42,0.0018,1.88
2603.97,-22.89365822630807,-43.326354297839345,2728,1782.56,0.481,0.0018,1.58
2603.98,-22.89912367879457,-43.2891889620023,2519,1782.56,0.49,0.0015,1.92
2603.98,-22.861340447661618,-43.31260812808475,2513,1782.56,0.474,0.0015,1.75
2603.98,-22.876164868609784,-43.286342101979244,2754,1782.56,0.47,0.0018,1.82
2603.98,-22.867917985966464,-43.31159846022739,2925,1782.56,0.42,0.0017,1.78
2603.98,-22.853473621389476,-43.30340894163149,2826,1782.56,0.481,0.0015,1.91
2603.98,-22.88472486045064,-43.29643285206332,2602,1782.56,0.489,0.0019,1.78
2603.98,-22.869938702555682,-43.33162323026781,2627,1782.56,0.413,0.0017,1.75
2603.98,-22.85752838383372,-43.320576888305446,2573,1782.56,0.42,0.0019,1.55
2603.98,-22.875121999585705,-43.302579846612964,2697,1782.56,0.453,0.0015,1.89
2603.98,-22.869611223913218,-43.29033624211841,2757,1782.56,0.474,0.0017,1.91
2603.98,-22.8579311397991,-43.32575380126112,2616,1782.56,0.422,0.0017,1.7
2603.98,-22.87859339716551,-43.286876010892534,2756,1782.56,0.41,0.0015,1.7
2603.98,-22.865391656096406,-43.29681388799275,2727,1782.56,0.464,0.0019,1.63
2603.98,-22.89177809869233,-43.28695883070058,2711,1782.56,0.49,0.0016,1.77
2603.98,-22.89288154320739,-43.286883687835434,2824,1782.56,0.489,0.0019,1.92
2603.98,-22.874805283167667,-43.288730385204914,2690,1782.56,0.434,0.0015,1.93
2603.98,-22.864398382493288,-43.29631040963082,2899,1782.56,0.454,0.0016,1.81
2603.98,-22.854654876535424,-43.289472715881146,2831,1782.56,0.443,0.0017,1.78
2603.98,-22.888531725301167,-43.284620857361205,2779,1782.56,0.477,0.0016,1.94
2603.98,-22.89213563769979,-43.31453725797905,2738,1782.56,0.42,0.0017,1.95
2604.02,-22.848748598421476,-43.30315598662101,2587,1782.56,0.467,0.0016,1.75
2604.02,-22.867759761143397,-43.273330121262525,2515,1782.56,0.494,0.0019,1.8
2604.02,-22.885269744638116,-43.31286410873418,2956,1782.56,0.431,0.0019,1.79
2604.02,-22.866695168633957,-43.32761741916098,2601,1782.56,0.473,0.0016,1.87
2604.02,-22.88138736370065,-43.28312116559284,2700,1782.56,0.496,0.0019,1.98
2604.02,-22.895625375970848,-43.3260810347732,2972,1782.56,0.492,0.0015,1.72
2604.02,-22.886732583417785,-43.33823308647097,2748,1782.56,0.493,0.0018,1.73
2604.02,-22.88150700142016,-43.27882017150691,2871,1782.56,0.411,0.0015,1.84
2604.08,-22.85404247869069,-43.29621015021172,2526,1782.56,0.49,0.0018,1.92
2604.08,-22.84903284183012,-43.300378668090225,2538,1782.56,0.45,0.0015,1.59
2604.08,-22.856879651215213,-43.318851619904024,2856,1782.56,0.432,0.0016,1.57
2604.08,-22.874302246649084,-43.30702553844383,2726,1782.56,0.42,0.0016,1.55
2604.08,-22.87247873307881,-43.277549008332294,2856,1782.56,0.437,0.0015,1.9
2604.08,-22.869733404200566,-43.281761550640105,2704,1782.56,0.422,0.0017,1.79
2604.08,-22.86486717571422,-43.31091685420294,2620,1782.56,0.432,0.0016,1.57
2604.08,-22.890123849533225,-43.292946678367834,2520,1782.56,0.469,0.0015,1.94
2604.08,-22.8584415454567,-43.30047382902333,2773,1782.56,0.468,0.0018,1.73
2604.08,-22.874591043797622,-43.3249468165468,2683,1782.56,0.486,0.0015,1.7
2604.08,-22.866252864969308,-43.283033295123595,2830,1782.56,0.463,0.0016,1.92
2604.08,-22.86404647579271,-43.29436203736227,2849,1782.56,0.467,0.0019,1.79
2604.08,-22.857942866304892,-43.31413091695249,2769,1782.56,0.474,0.0019,1.5
2604.08,-22.85691383798527,-43.32369838040761,2528,1782.56,0.458,0.0019,1.58
2604.08,-22.874937783792504,-43.31494440611707,2750,1782.56,0.497,0.0017,1.71
2604.11,-22.86493449045638,-43.28912110732493,2947,1782.56,0.464,0.0015,1.67
2604.11,-22.8579311397991,-43.32575380126112,2630,1782.56,0.459,0.0016,1.75
2604.11,-22.878082994140353,-43.310192460343124,2751,1782.56,0.431,0.0018,1.99
2604.11,-22.881551873077655,-43.333125831061146,2578,1782.56,0.466,0.0015,1.91
2604.11,-22.874419027380306,-43.28372126720013,2594,1782.56,0.481,0.0017,1.92
2604.11,-22.875464277457617,-43.27792316983827,2811,1782.56,0.448,0.0015,1.55
2604.11,-22.872590007618545,-43.27535563991996,2872,1782.56,0.492,0.0017,1.89
2604.11,-22.882159172943954,-43.32345251271192,2886,1782.56,0.475,0.0017,1.69
2604.11,-22.86404647579271,-43.29436203736227,2760,1782.56,0.438,0.0018,1.5
2604.11,-22.873643934246797,-43.295536094821664,2639,1782.56,0.496,0.0016,1.82
2604.11,-22.88243702214164,-43.305369543833734,2538,1782.56,0.459,0.0015,1.74
2604.12,-22.876824543770894,-43.27666172746651,2986,1782.56,0.486,0.0018,1.81
2604.12,-22.886789936011343,-43.31585082403175,2899,1782.56,0.487,0.0016,1.64
2604.12,-22.883044621550756,-43.27253070149058,2996,1782.56,0.473,0.0018,1.68
2604.12,-22.8776379226127,-43.306554287574436,2673,1782.56,0.407,0.0015,1.5
2604.12,-22.864359769594856,-43.33436283749005,2672,1782.56,0.429,0.0017,1.92
2604.12,-22.86221497512879,-43.30516514856493,2601,1782.56,0.486,0.0017,1.84
2604.12,-22.87015350840377,-43.31876750576074,2872,1782.56,0.439,0.0019,1.82
2604.12,-22.872028940590603,-43.32433855365501,2542,1782.56,0.481,0.0016,1.82
2604.15,-22.876346337075056,-43.31832463409336,2550,1782.56,0.456,0.0016,1.62
2604.15,-22.846127183459664,-43.309759813707345,2942,1782.56,0.412,0.0019,1.63
2604.15,-22.87070395523622,-43.28421036286542,2897,1782.56,0.479,0.0019,1.78
2604.15,-22.87071304085338,-43.289401165594995,2660,1782.56,0.452,0.0015,1.53
2604.15,-22.861340447661618,-43.31260812808475,2581,1782.56,0.492,0.0017,1.56
2604.15,-22.88520284739984,-43.304851073840815,2509,1782.56,0.401,0.0019,1.6
2604.15,-22.893196891260317,-43.31705142493954,2822,1782.56,0.434,0.0019,1.67
2604.21,-22.876723085458455,-43.273922116031265,2913,1782.56,0.417,0.0018,1.92
2604.21,-22.84903284183012,-43.300378668090225,2918,1782.56,0.425,0.0017,1.95
2604.21,-22.86741089713757,-43.31583023259235,2806,1782.56,0.464,0.0019,1.52
2604.21,-22.88347249931642,-43.30216835806813,2863,1782.56,0.499,0.0017,1.62
2604.21,-22.878938327788468,-43.3265110096202,2988,1782.56,0.471,0.0019,1.56
2604.21,-22.852221122571265,-43.302809078039104,2662,1782.56,0.413,0.0015,1.87
2604.21,-22.8710839047058,-43.28359471863838,2697,1782.56,0.411,0.0019,1.91
2604.21,-22.861492160766815,-43.30304129907048,2768,1782.56,0.473,0.0019,1.7
2604.21,-22.885270044065155,-43.31713716374416,2900,1782.56,0.448,0.0016,1.76
2604.21,-22.845248759869055,-43.3032342222112,2992,1782.56,0.486,0.0019,1.98
2604.21,-22.889755566209402,-43.26860091856575,2970,1782.56,0.403,0.0015,1.78
2604.21,-22.87589257716541,-43.28796019074052,2967,1782.56,0.472,0.0019,1.61
2604.21,-22.86540222513423,-43.27693918854471,2719,1782.56,0.499,0.0019,1.57
2604.22,-22.888925165061927,-43.331746474485364,2785,1782.56,0.436,0.0017,1.98
2604.22,-22.858555044831977,-43.314251573352315,2566,1782.56,0.488,0.0015,1.77
2604.22,-22.875121999585705,-43.302579846612964,2558,1782.56,0.485,0.0017,1.77
2604.22,-22.886016004221272,-43.27209761929771,2985,1782.56,0.402,0.0017,1.72
2604.22,-22.89055249713112,-43.280109026183055,2694,1782.56,0.473,0.0018,1.75
2604.22,-22.87167666549464,-43.32423136498003,2874,1782.56,0.482,0.0016,1.8
2604.22,-22.874879843682866,-43.312921041067106,2899,1782.56,0.484,0.0015,1.63
2604.22,-22.847288088171606,-43.295177229050445,2716,1782.56,0.424,0.0016,1.96
2604.22,-22.85710416701063,-43.304086900341545,2924,1782.56,0.416,0.0019,1.81
2604.22,-22.864860944366388,-43.30886474034251,2727,1782.56,0.426,0.0017,1.94
2604.25,-22.87908092616878,-43.31852261625576,2577,1782.56,0.472,0.0016,1.91
2604.25,-22.880560041804536,-43.29814507974918,2600,1782.56,0.47,0.0017,1.83
2604.25,-22.882986765816558,-43.32365032257002,2736,1782.56,0.427,0.0017,1.65
2604.25,-22.891804245638014,-43.32012754327931,2968,1782.56,0.433,0.0016,1.85
2604.25,-22.869804401066734,-43.296421713012066,2803,1782.56,0.452,0.0017,1.63
2604.25,-22.891604418991513,-43.32057109748399,2840,1782.56,0.499,0.0019,1.9
2604.25,-22.87223476720097,-43.29336171521947,2883,1782.56,0.427,0.0015,1.89
2604.25,-22.89021611070215,-43.328895411526545,2600,1782.56,0.458,0.0019,1.82
2604.25,-22.89200525941612,-43.28187526446192,2875,1782.56,0.476,0.0016,1.84
2604.25,-22.87208535551471,-43.292984902810836,2833,1782.56,0.486,0.0017,1.53
2604.31,-22.868942374687943,-43.27206471105248,2733,1782.56,0.486,0.0017,1.51
2604.31,-22.85728372610451,-43.31757331912454,2663,1782.56,0.412,0.0019,1.57
2604.31,-22.869733404200566,-43.281761550640105,2588,1782.56,0.416,0.0018,1.79
2604.31,-22.894539834845414,-43.31941796101164,2905,1782.56,0.475,0.0016,1.79
2604.31,-22.897828521923,-43.32076240791066,2820,1782.56,0.492,0.0017,1.62
2604.31,-22.865542753893855,-43.27607840214181,2848,1782.56,0.463,0.0019,1.5
2604.31,-22.87858325346472,-43.27939380830951,2898,1782.56,0.487,0.0016,1.92
2604.31,-22.863011240699805,-43.27912413886022,2748,1782.56,0.47,0.0016,1.74
2604.31,-22.88294978703814,-43.282994904792325,2560,1782.56,0.441,0.0017,1.92
2604.31,-22.882010907867286,-43.2955107445172,2507,1782.56,0.433,0.0015,1.68
2604.31,-22.848466036185997,-43.30108889404392,2810,1782.56,0.498,0.0016,1.97
2604.31,-22.868610664476332,-43.29489435252647,2571,1782.56,0.425,0.0017,1.5
2604.31,-22.848738373059586,-43.29781761613115,2938,1782.56,0.4,0.0016,1.82
2604.32,-22.868307585939647,-43.281719632505286,2931,1782.56,0.413,0.0018,1.82
2604.32,-22.876164868609784,-43.286342101979244,2797,1782.56,0.44,0.0017,1.65
2604.32,-22.863391643148574,-43.28982290627995,2899,1782.56,0.422,0.0016,1.5
2604.32,-22.854654876535424,-43.289472715881146,2858,1782.56,0.416,0.0017,1.84
2604.32,-22.856268461025326,-43.28601419506252,2749,1782.56,0.43,0.0016,1.9
2604.32,-22.87208535551471,-43.292984902810836,2901,1782.56,0.431,0.0019,1.55
2604.32,-22.84903284183012,-43.300378668090225,2523,1782.56,0.418,0.0016,1.74
2604.32,-22.858555044831977,-43.314251573352315,2977,1782.56,0.412,0.0015,1.66
2604.32,-22.877127088132532,-43.313636642888476,2918,1782.56,0.454,0.0018,1.57
2604.32,-22.893196891260317,-43.31705142493954,2857,1782.56,0.445,0.0019,1.55
2604.32,-22.88523434193414,-43.29969354906425,2631,1782.56,0.439,0.0016,1.63
2604.32,-22.848986959017367,-43.30908106870625,2516,1782.56,0.496,0.0015,1.74
2604.32,-22.875464277457617,-43.27792316983827,2518,1782.56,0.402,0.0017,1.73
2604.35,-22.88309767427097,-43.31674920792804,2624,1782.56,0.483,0.0015,1.97
2604.35,-22.884561946601494,-43.27513063556018,2564,1782.56,0.472,0.0018,1.79
2604.35,-22.89470308630807,-43.32551035541433,2724,1782.56,0.484,0.0019,1.98
2604.35,-22.86132513843861,-43.300739072527676,2853,1782.56,0.403,0.0017,1.68
2604.35,-22.875639528876057,-43.278947681895616,2838,1782.56,0.432,0.0018,1.57
2604.35,-22.86575303264837,-43.31310777055796,2936,1782.56,0.465,0.0018,1.8
2604.37,-22.87292101376026,-43.2849722770823,2952,1782.56,0.47,0.0017,1.84
2604.37,-22.876785616372743,-43.32135565342095,2851,1782.56,0.433,0.0019,1.54
2604.37,-22.869061768283025,-43.31704078257435,2823,1782.56,0.468,0.0015,1.96
2604.37,-22.881468185623927,-43.294994976890806,2755,1782.56,0.435,0.0019,1.62
2604.37,-22.87858325346472,-43.27939380830951,2597,1782.56,0.465,0.0018,1.79
2604.37,-22.8749931650182,-43.30265604007292,2878,1782.56,0.448,0.0019,1.7
2604.37,-22.87990539853711,-43.29569371562535,2767,1782.56,0.451,0.0015,1.74
2604.37,-22.85629180486859,-43.3176659458171,2820,1782.56,0.419,0.0019,1.78
2604.42,-22.861735960842314,-43.294302778628925,2770,1782.56,0.426,0.0019,1.76
2604.42,-22.862053710723547,-43.292986026270945,2999,1782.56,0.439,0.0019,1.86
2604.42,-22.882739662015414,-43.27436970845517,2748,1782.56,0.487,0.0016,1.84
2604.42,-22.865542753893855,-43.27607840214181,2948,1782.56,0.41,0.0015,1.7
2604.42,-22.858124790649356,-43.28008126775039,2659,1782.56,0.438,0.0016,1.84
2604.42,-22.878938327788468,-43.3265110096202,2531,1782.56,0.436,0.0017,1.58
2604.42,-22.870956151955397,-43.31321927936711,2938,1782.56,0.471,0.0019,1.95
2604.42,-22.859443527293752,-43.313754846042464,2875,1782.56,0.491,0.0015,1.56
2604.42,-22.871719493758746,-43.27828847121003,2869,1782.56,0.484,0.0015,1.83
2604.43,-22.847288088171606,-43.295177229050445,2740,1782.56,0.496,0.0016,1.68
2604.43,-22.87990539853711,-43.29569371562535,2702,1782.56,0.47,0.0018,1.81
2604.43,-22.856733691680848,-43.31181063497515,2864,1782.56,0.427,0.0017,1.51
2604.43,-22.873148189917117,-43.31526484181589,2701,1782.56,0.494,0.0015,1.9
2604.43,-22.86639865047928,-43.278186064407635,2714,1782.56,0.467,0.0016,1.86
2604.43,-22.867230008683155,-43.2898652432337,2923,1782.56,0.421,0.0017,1.65
2604.45,-22.865621616791085,-43.301637713141396,2688,1782.56,0.481,0.0015,1.97
2604.45,-22.866156674570156,-43.270982692369834,2825,1782.56,0.428,0.0017,1.51
2604.45,-22.86540222513423,-43.27693918854471,2582,1782.56,0.495,0.0019,1.62
2604.45,-22.881551873077655,-43.333125831061146,2671,1782.56,0.485,0.0016,1.82
2604.5,-22.869300268927798,-43.332347474286664,2636,1782.56,0.454,0.0015,1.71
2604.5,-22.879822104591387,-43.325467931915405,2669,1782.56,0.467,0.0018,1.83
2604.5,-22.887790193505836,-43.314164524382306,2666,1782.56,0.48,0.0019,1.94
2604.5,-22.88138736370065,-43.28312116559284,2536,1782.56,0.48,0.0015,1.79
2604.5,-22.880238359783807,-43.31131469976535,2618,1782.56,0.423,0.0017,1.5
2604.5,-22.886047324390628,-43.30557136326686,2984,1782.56,0.419,0.0019,1.82
2604.5,-22.861399187668834,-43.2926565648536,2606,1782.56,0.42,0.0017,1.52
2604.5,-22.878938327788468,-43.3265110096202,2913,1782.56,0.458,0.0016,1.62
2604.5,-22.865683622380516,-43.310260791624906,2507,1782.56,0.4,0.0019,1.86
2604.5,-22.88198675812342,-43.27676495959041,2829,1782.56,0.435,0.0015,1.97
2604.5,-22.86957388783563,-43.31016904625865,2881,1782.56,0.496,0.0019,1.71
2604.5,-22.857942866304892,-43.31413091695249,2944,1782.56,0.434,0.0015,1.99
2604.51,-22.897828521923,-43.32076240791066,2609,1782.56,0.444,0.0015,1.68
2604.51,-22.847079298568104,-43.29783874614938,2732,1782.56,0.433,0.0018,1.58
2604.53,-22.862757124028064,-43.283703794161326,2680,1782.56,0.414,0.0016,1.78
2604.53,-22.87545953618512,-43.294865125762904,2598,1782.56,0.49,0.0019,1.97
2604.53,-22.865621616791085,-43.301637713141396,2836,1782.56,0.459,0.0018,1.75
2604.53,-22.867950283006152,-43.28254729962418,2760,1782.56,0.487,0.0016,1.57
2604.53,-22.890302059000735,-43.32757993315172,2862,1782.56,0.494,0.0018,1.61
2604.53,-22.88520284739984,-43.304851073840815,2928,1782.56,0.444,0.0018,1.77
2604.53,-22.894539834845414,-43.31941796101164,2986,1782.56,0.482,0.0016,1.68
2604.54,-22.86132513843861,-43.300739072527676,2585,1782.56,0.407,0.0018,1.93
2604.54,-22.861018318152656,-43.321304264919114,2667,1782.56,0.439,0.0016,1.64
2604.54,-22.861916010114125,-43.30826500979156,2529,1782.56,0.497,0.0019,1.75
2604.54,-22.850737790702134,-43.31314228510718,2964,1782.56,0.4,0.0019,1.89
2604.54,-22.889932522081118,-43.281518820240066,2857,1782.56,0.448,0.0019,1.58
2604.54,-22.881649035667248,-43.32184270828055,2931,1782.56,0.467,0.0015,1.56
2604.54,-22.862662756127307,-43.280590087419654,2704,1782.56,0.483,0.0017,1.75
2604.54,-22.89365822630807,-43.326354297839345,2962,1782.56,0.438,0.0018,1.75
2604.54,-22.874655271160172,-43.31538291312141,2893,1782.56,0.409,0.0015,1.98
2604.56,-22.87167666549464,-43.32423136498003,2688,1782.56,0.457,0.0018,1.99
2604.56,-22.876541212193533,-43.32981029734441,2846,1782.56,0.459,0.0015,1.69
2604.56,-22.86132513843861,-43.300739072527676,2581,1782.56,0.409,0.0015,1.64
2604.56,-22.848466036185997,-43.30108889404392,2875,1782.56,0.499,0.0018,1.97
2604.56,-22.857290769753895,-43.328348659412804,2680,1782.56,0.442,0.0017,1.65
2604.56,-22.868588548508306,-43.32436794455032,2548,1782.56,0.402,0.0019,1.62
2604.56,-22.888531725301167,-43.284620857361205,2894,1782.56,0.444,0.0019,1.75
2604.56,-22.846127183459664,-43.309759813707345,2690,1782.56,0.485,0.0016,1.53
2604.56,-22.89821201384601,-43.32804152699613,2625,1782.56,0.465,0.0019,1.52
2604.65,-22.863143577419685,-43.30771135724236,2644,1782.56,0.447,0.0017,1.67
2604.65,-22.882010907867286,-43.2955107445172,2625,1782.56,0.434,0.0018,1.67
2604.65,-22.85023684649563,-43.298567292399085,2531,1782.56,0.441,0.0016,1.52
2604.65,-22.857152785021295,-43.28769390181108,2726,1782.56,0.427,0.0017,1.67
2604.65,-22.86949389367307,-43.289631791960566,2571,1782.56,0.487,0.0017,1.78
2604.65,-22.87249509232537,-43.273899684259206,2603,1782.56,0.428,0.0016,1.96
2604.65,-22.869194574702586,-43.30490939599209,2868,1782.56,0.4,0.0016,1.74
2604.65,-22.878978779701757,-43.32289371663875,2572,1782.56,0.402,0.0019,1.51
2604.65,-22.86370154201032,-43.275263209670356,2567,1782.56,0.48,0.0015,1.93
2604.65,-22.852607422648404,-43.298626277056655,2581,1782.56,0.484,0.0019,1.59
2604.65,-22.889755566209402,-43.26860091856575,2519,1782.56,0.485,0.0018,1.5
2604.65,-22.861710046858633,-43.278467531094556,2705,1782.56,0.45,0.0017,1.76
2604.65,-22.85710416701063,-43.304086900341545,2568,1782.56,0.426,0.0016,1.96
2604.75,-22.866032073756877,-43.338131873315504,2540,1782.56,0.438,0.0018,1.98
2604.75,-22.882295866927176,-43.32450889376895,2664,1782.56,0.414,0.0015,1.79
2604.75,-22.887435727179092,-43.27038733570493,2816,1782.56,0.472,0.0017,1.91
2604.75,-22.85691383798527,-43.32369838040761,2628,1782.56,0.438,0.0015,1.8
2604.75,-22.8685102980563,-43.28049395655852,2709,1782.56,0.461,0.0018,1.93
2604.75,-22.859443527293752,-43.313754846042464,2560,1782.56,0.413,0.0017,1.74
2604.75,-22.862695092709878,-43.31100679155802,2623,1782.56,0.486,0.0016,1.76
2604.75,-22.885726073532716,-43.33563371528077,2864,1782.56,0.401,0.0017,1.7
2604.75,-22.887790193505836,-43.314164524382306,2875,1782.56,0.481,0.0016,1.71
2604.75,-22.865391656096406,-43.29681388799275,2753,1782.56,0.418,0.0019,1.63
2604.75,-22.870076345915614,-43.277950719324274,2914,1782.56,0.457,0.0017,1.99
2604.75,-22.863391643148574,-43.28982290627995,2866,1782.56,0.49,0.0018,1.69
2604.76,-22.869061768283025,-43.31704078257435,2651,1782.56,0.494,0.0016,1.64
2604.76,-22.849064033953866,-43.30009229678292,2775,1782.56,0.497,0.0016,1.96
2604.76,-22.865683622380516,-43.310260791624906,2975,1782.56,0.494,0.0019,1.94
2604.76,-22.856530040860807,-43.28077437905881,2578,1782.56,0.441,0.0016,1.62
2604.76,-22.849064033953866,-43.30009229678292,2812,1782.56,0.435,0.0015,1.97
2604.76,-22.88294978703814,-43.282994904792325,2617,1782.56,0.416,0.0019,1.6
2604.76,-22.85209561925868,-43.29621764528502,2559,1782.56,0.494,0.0018,1.66
2604.76,-22.875121999585705,-43.302579846612964,2675,1782.56,0.402,0.0018,1.63
2604.76,-22.859308857747987,-43.31502500596901,2709,1782.56,0.466,0.0018,1.92
2604.79,-22.89465966178841,-43.2903759655431,2950,1782.56,0.445,0.0018,1.78
2604.79,-22.881649035667248,-43.32184270828055,2575,1782.56,0.401,0.0017,1.72
2604.79,-22.85320099357766,-43.28998429458865,2713,1782.56,0.478,0.0016,1.66
2604.79,-22.85815950122837,-43.305398189772106,2858,1782.56,0.488,0.0018,1.89
2604.79,-22.89821201384601,-43.32804152699613,2739,1782.56,0.438,0.0015,1.9
2604.79,-22.866754144869372,-43.306332011179705,2517,1782.56,0.457,0.0017,1.98
2604.79,-22.86144821698873,-43.32954653473449,2537,1782.56,0.49,0.0017,1.76
2604.79,-22.883374036979877,-43.328317281821505,2878,1782.56,0.471,0.0017,1.63
2604.79,-22.864398382493288,-43.29631040963082,2799,1782.56,0.45,0.0015,1.51
2604.79,-22.85203244933537,-43.292673874031166,2983,1782.56,0.408,0.0015,1.69
2604.79,-22.864249254248662,-43.32248206560194,2508,1782.56,0.448,0.0019,1.68
2604.84,-22.88775419686622,-43.33164779315465,2780,1782.56,0.406,0.0015,1.89
2604.84,-22.854665711887623,-43.302775734018006,2842,1782.56,0.48,0.0016,1.64
2604.84,-22.870459567523028,-43.29559138021254,2556,1782.56,0.443,0.0016,1.87
2604.84,-22.852607422648404,-43.298626277056655,2680,1782.56,0.44,0.0016,1.83
2604.84,-22.86493449045638,-43.28912110732493,2937,1782.56,0.4,0.0018,1.9
2604.84,-22.877443928915834,-43.27869169898269,2917,1782.56,0.469,0.0016,1.64
2604.84,-22.88150700142016,-43.27882017150691,2972,1782.56,0.442,0.0016,1.58
2604.84,-22.8685102980563,-43.28049395655852,2783,1782.56,0.4,0.0016,1.72
2604.84,-22.861256893082682,-43.32794826319142,2954,1782.56,0.428,0.0015,1.51
2604.87,-22.877443928915834,-43.27869169898269,2784,1782.56,0.48,0.0018,1.52
2604.87,-22.875881152367807,-43.27437786519449,2835,1782.56,0.487,0.0019,1.63
2604.87,-22.87167666549464,-43.32423136498003,2676,1782.56,0.473,0.0016,1.99
2604.87,-22.890123849533225,-43.292946678367834,2936,1782.56,0.413,0.0018,1.66
2604.87,-22.8749931650182,-43.30265604007292,2897,1782.56,0.495,0.0019,1.61
2604.87,-22.887985146995945,-43.281412996317925,2877,1782.56,0.491,0.0016,1.77
2604.87,-22.859712993290554,-43.28772006955427,2523,1782.56,0.446,0.0019,1.79
2604.87,-22.89349781095011,-43.27513011000819,2817,1782.56,0.427,0.0018,1.93
2604.89,-22.857826597605097,-43.32478906809303,2815,1782.56,0.457,0.0016,1.58
2604.89,-22.874655271160172,-43.31538291312141,2611,1782.56,0.413,0.0018,1.56
2604.89,-22.895007079686994,-43.32139147487483,2567,1782.56,0.483,0.0015,1.82
2604.89,-22.864249254248662,-43.32248206560194,2944,1782.56,0.488,0.0015,1.66
2604.89,-22.872028940590603,-43.32433855365501,2814,1782.56,0.46,0.0016,1.92
2604.9,-22.883044621550756,-43.27253070149058,2635,1782.56,0.432,0.0016,1.94
2604.9,-22.888114719854006,-43.29496886083367,2681,1782.56,0.49,0.0016,1.76
2604.9,-22.883891562489854,-43.28966294594265,2597,1782.56,0.421,0.0018,1.79
2604.9,-22.863391643148574,-43.28982290627995,2642,1782.56,0.492,0.0018,1.5
2604.9,-22.882630072693864,-43.32196619291377,2609,1782.56,0.463,0.0018,1.87
2604.9,-22.87380820665509,-43.3308834489832,2965,1782.56,0.434,0.0015,1.82
2604.9,-22.887948219818295,-43.291290460786755,2769,1782.56,0.455,0.0015,1.71
2604.9,-22.863144811151294,-43.30122223728789,2521,1782.56,0.448,0.0018,1.62
2604.9,-22.858037683480056,-43.30275192403924,2691,1782.56,0.459,0.0018,1.5
2604.9,-22.869616302038466,-43.296865451879185,2851,1782.56,0.469,0.0016,1.9
2604.9,-22.861349365426673,-43.305214149060646,2774,1782.56,0.414,0.0015,1.62
2604.9,-22.889858924555448,-43.32333760286029,2730,1782.56,0.407,0.0015,1.55
2604.9,-22.866032073756877,-43.338131873315504,2750,1782.56,0.459,0.0017,1.68
2604.9,-22.885726073532716,-43.33563371528077,2707,1782.56,0.448,0.0015,1.86
2604.9,-22.859443527293752,-43.313754846042464,2561,1782.56,0.434,0.0018,1.78
2604.9,-22.8584415454567,-43.30047382902333,2931,1782.56,0.477,0.0019,1.6
2604.9,-22.88609409087955,-43.32311508249367,2699,1782.56,0.448,0.0019,1.67
2604.9,-22.872231186627943,-43.33368539327478,2648,1782.56,0.452,0.0017,1.93
2604.9,-22.867021344732553,-43.307514989302184,2710,1782.56,0.462,0.0016,1.76
2604.9,-22.862053710723547,-43.292986026270945,2689,1782.56,0.457,0.0017,1.92
2604.9,-22.85340758185386,-43.301772407423,2573,1782.56,0.4,0.0018,1.93
2604.94,-22.87177941225251,-43.28417908973632,2739,1782.56,0.409,0.0017,1.52
2604.94,-22.87853141539161,-43.29876377217909,2987,1782.56,0.483,0.0016,1.98
2604.94,-22.89349781095011,-43.27513011000819,2792,1782.56,0.442,0.0019,1.66
2604.94,-22.856733691680848,-43.31181063497515,2572,1782.56,0.434,0.0015,1.88
2604.94,-22.85498734811861,-43.30331227430829,2773,1782.56,0.465,0.0015,1.66
2604.94,-22.8584415454567,-43.30047382902333,2799,1782.56,0.428,0.0018,1.88
2604.94,-22.88243702214164,-43.305369543833734,2905,1782.56,0.414,0.0015,1.88
2604.94,-22.89148264713646,-43.27986645003522,2523,1782.56,0.469,0.0019,1.55
2604.94,-22.84903284183012,-43.300378668090225,2938,1782.56,0.438,0.0017,1.6
2604.94,-22.87208535551471,-43.292984902810836,2637,1782.56,0.451,0.0018,1.55
2604.94,-22.85821759881364,-43.27393164834267,2696,1782.56,0.415,0.0018,1.93
2604.94,-22.88150700142016,-43.27882017150691,2865,1782.56,0.466,0.0019,1.56
2604.97,-22.874743318166633,-43.31929686313053,2896,1782.56,0.418,0.0019,1.78
2604.97,-22.872028940590603,-43.32433855365501,2760,1782.56,0.454,0.0016,1.95
2604.97,-22.878082994140353,-43.310192460343124,2508,1782.56,0.489,0.0017,1.51
2604.97,-22.884709899851885,-43.27213163504,2642,1782.56,0.444,0.0019,1.94
2604.97,-22.867920753613166,-43.32942070047525,2621,1782.56,0.47,0.0015,1.6
2604.97,-22.88958552272534,-43.315395404695344,2707,1782.56,0.411,0.0018,1.91
2604.97,-22.874743318166633,-43.31929686313053,2893,1782.56,0.49,0.0017,1.64
2604.97,-22.87578904193713,-43.27884368851319,2909,1782.56,0.446,0.0019,1.71
2604.97,-22.874492997743786,-43.312444693851766,2918,1782.56,0.489,0.0017,1.78
2604.97,-22.873643934246797,-43.295536094821664,2709,1782.56,0.415,0.0017,1.67
2604.97,-22.887707207011417,-43.33610398896485,2561,1782.56,0.436,0.0018,1.79
2604.97,-22.861735960842314,-43.294302778628925,2619,1782.56,0.477,0.0015,1.98
2604.97,-22.89866055925909,-43.326964581551024,2909,1782.56,0.471,0.0015,1.88
2604.97,-22.87027709556658,-43.32066505001392,2878,1782.56,0.422,0.0018,1.88
2604.97,-22.8579311397991,-43.32575380126112,2726,1782.56,0.489,0.0015,1.89
2605.05,-22.85936162084503,-43.290536673132685,2852,1782.56,0.429,0.0019,1.6
2605.05,-22.88984031167266,-43.28012659791169,2881,1782.56,0.452,0.0018,1.79
2605.05,-22.875231775363595,-43.27410490241185,2766,1782.56,0.431,0.0017,1.71
2605.05,-22.877188204111565,-43.31684001468224,2719,1782.56,0.41,0.0017,1.71
2605.05,-22.863888243428022,-43.28576933991444,2793,1782.56,0.486,0.0016,1.7
2605.05,-22.870257745721055,-43.29604893570869,2712,1782.56,0.465,0.0018,1.52
2605.05,-22.89798550404551,-43.28389935640311,2748,1782.56,0.452,0.0019,1.69
2605.05,-22.8787675650818,-43.31412382741355,2557,1782.56,0.495,0.0015,1.61
2605.06,-22.87618256645411,-43.30423725012878,2891,1782.56,0.436,0.0015,1.61
2605.06,-22.88958552272534,-43.315395404695344,2716,1782.56,0.4,0.0015,1.54
2605.06,-22.87857289987672,-43.29592354266078,2680,1782.56,0.449,0.0018,1.78
2605.06,-22.875515460916926,-43.31069020128653,2513,1782.56,0.48,0.0017,1.57
2605.06,-22.870440572821785,-43.29706772608022,2625,1782.56,0.496,0.0019,1.61
2605.1,-22.885118611594255,-43.3058813521704,2710,1782.56,0.457,0.0016,1.77
2605.1,-22.87578904193713,-43.27884368851319,2894,1782.56,0.471,0.0018,1.78
2605.1,-22.87358421777799,-43.317387793603004,2878,1782.56,0.476,0.0018,1.52
2605.1,-22.888970419873544,-43.276900447868826,2982,1782.56,0.437,0.0018,1.56
2605.1,-22.882010907867286,-43.2955107445172,2566,1782.56,0.449,0.0018,1.53
2605.1,-22.85490725184812,-43.31305508257125,2524,1782.56,0.478,0.0017,1.66
2605.1,-22.849064033953866,-43.30009229678292,2646,1782.56,0.439,0.0018,1.54
2605.1,-22.88078056851191,-43.322729273656115,2600,1782.56,0.474,0.0017,1.86
2605.11,-22.875464277457617,-43.27792316983827,2950,1782.56,0.419,0.0018,1.76
2605.11,-22.888149570635296,-43.2739540544441,2643,1782.56,0.46,0.0016,1.81
2605.11,-22.88291784427213,-43.279430490656594,2714,1782.56,0.458,0.0018,1.69
2605.11,-22.870956151955397,-43.31321927936711,2831,1782.56,0.438,0.0017,1.64
2605.11,-22.868027495114074,-43.27200289825699,2640,1782.56,0.431,0.0019,1.59
2605.14,-22.875639528876057,-43.278947681895616,2508,1782.56,0.491,0.0019,1.77
2605.14,-22.869616302038466,-43.296865451879185,2607,1782.56,0.423,0.0016,1.65
2605.16,-22.88551657420369,-43.329699326247216,2704,1782.56,0.403,0.0015,1.67
2605.16,-22.874492997743786,-43.312444693851766,2512,1782.56,0.452,0.0019,1.68
2605.16,-22.862925238004607,-43.326410115360275,2951,1782.56,0.451,0.0016,1.5
2605.16,-22.86493449045638,-43.28912110732493,2960,1782.56,0.49,0.0018,1.85
2605.16,-22.86639865047928,-43.278186064407635,2511,1782.56,0.402,0.0019,1.99
2605.16,-22.875121999585705,-43.302579846612964,2733,1782.56,0.462,0.0016,1.87
2605.2,-22.885824772689762,-43.295605298502416,2565,1782.56,0.457,0.0017,1.9
2605.2,-22.881468185623927,-43.294994976890806,2666,1782.56,0.41,0.0018,1.68
2605.2,-22.866180673539375,-43.29255772244056,2526,1782.56,0.407,0.0015,1.84
2605.2,-22.853402608125048,-43.308619414848714,2547,1782.56,0.406,0.0018,1.68
2605.2,-22.85404247869069,-43.29621015021172,2860,1782.56,0.446,0.0018,1.66
2605.2,-22.89465966178841,-43.2903759655431,2991,1782.56,0.435,0.0016,1.63
2605.2,-22.886732583417785,-43.33823308647097,2976,1782.56,0.439,0.0015,1.63
2605.2,-22.869616302038466,-43.296865451879185,2786,1782.56,0.489,0.0015,1.78
2605.2,-22.895008198056836,-43.33039785933877,2844,1782.56,0.449,0.0016,1.96
2605.2,-22.886047324390628,-43.30557136326686,2811,1782.56,0.486,0.0016,1.94
2605.2,-22.89465966178841,-43.2903759655431,2844,1782.56,0.483,0.0015,1.94
2605.2,-22.871134197001645,-43.3324209229417,2712,1782.56,0.451,0.0019,1.81
2605.2,-22.871134197001645,-43.3324209229417,2717,1782.56,0.472,0.0017,1.57
2605.27,-22.846127183459664,-43.309759813707345,2564,1782.56,0.481,0.0018,1.71
2605.27,-22.869091144335815,-43.29810859284284,2690,1782.56,0.419,0.0019,1.51
2605.27,-22.89288154320739,-43.286883687835434,2763,1782.56,0.446,0.0018,1.82
2605.27,-22.88467040718113,-43.322932403912745,2504,1782.56,0.467,0.0017,1.77
2605.32,-22.88294978703814,-43.282994904792325,2930,1782.56,0.425,0.0018,1.85
2605.32,-22.86340826042182,-43.31149043301849,2632,1782.56,0.489,0.0018,1.9
2605.32,-22.863415548060487,-43.323317634222505,2513,1782.56,0.432,0.0016,1.64
2605.32,-22.888970419873544,-43.276900447868826,2609,1782.56,0.416,0.0018,1.71
2605.32,-22.889932522081118,-43.281518820240066,2784,1782.56,0.461,0.0015,1.84
2605.34,-22.870206340591764,-43.278809172268794,2917,1782.56,0.453,0.0015,1.81
2605.34,-22.867021344732553,-43.307514989302184,2959,1782.56,0.491,0.0017,1.82
2605.34,-22.858273209561837,-43.27801793683567,2848,1782.56,0.459,0.0016,1.9
2605.34,-22.888404163074107,-43.3373153549039,2873,1782.56,0.496,0.0017,1.66
2605.34,-22.894539834845414,-43.31941796101164,2860,1782.56,0.455,0.0019,1.65
2605.34,-22.889737591711263,-43.27804566482924,2699,1782.56,0.477,0.0018,1.84
2605.34,-22.89866055925909,-43.326964581551024,2862,1782.56,0.491,0.0018,1.61
2605.34,-22.890123849533225,-43.292946678367834,2589,1782.56,0.401,0.0016,1.62
2605.34,-22.874655271160172,-43.31538291312141,2704,1782.56,0.45,0.0019,1.94
2605.36,-22.89465966178841,-43.2903759655431,2948,1782.56,0.464,0.0019,1.87
2605.36,-22.875721493584145,-43.284464143249885,2707,1782.56,0.438,0.0019,1.64
2605.36,-22.883574977580775,-43.33156741874061,2722,1782.56,0.457,0.0019,1.65
2605.36,-22.874419027380306,-43.28372126720013,2879,1782.56,0.407,0.0017,1.7
2605.36,-22.8584415454567,-43.30047382902333,2769,1782.56,0.496,0.0018,1.54
2605.36,-22.88472486045064,-43.29643285206332,2594,1782.56,0.461,0.0017,1.73
2605.36,-22.88145053345863,-43.31795462036982,2820,1782.56,0.444,0.0015,1.93
2605.36,-22.854745499942936,-43.292818165705725,2686,1782.56,0.446,0.0018,1.72
2605.4,-22.865683622380516,-43.310260791624906,2536,1782.56,0.4,0.0017,1.8
2605.4,-22.885226044959932,-43.309720499147424,2792,1782.56,0.439,0.0018,1.9
2605.4,-22.86540222513423,-43.27693918854471,2590,1782.56,0.493,0.0019,1.7
2605.4,-22.858468814441554,-43.287728665178946,2595,1782.56,0.415,0.0018,1.94
2605.4,-22.85658774011582,-43.29605023595669,2696,1782.56,0.477,0.0017,1.5
2605.4,-22.87249509232537,-43.273899684259206,2903,1782.56,0.428,0.0019,1.62
2605.42,-22.866695168633957,-43.32761741916098,2824,1782.56,0.436,0.0017,1.69
2605.42,-22.88138736370065,-43.28312116559284,2744,1782.56,0.419,0.0018,1.86
2605.42,-22.89821201384601,-43.32804152699613,2596,1782.56,0.494,0.0017,1.7
2605.42,-22.8913494561635,-43.2811121526979,2708,1782.56,0.435,0.0016,1.69
2605.42,-22.878082994140353,-43.310192460343124,2634,1782.56,0.481,0.0018,1.54
2605.42,-22.857292338452964,-43.328270454943,2523,1782.56,0.476,0.0018,1.76
2605.42,-22.865124305239885,-43.331156567654766,2969,1782.56,0.413,0.0019,1.59
2605.42,-22.87263357888963,-43.312198126796915,2905,1782.56,0.4,0.0016,1.7
2605.42,-22.89798550404551,-43.28389935640311,2918,1782.56,0.411,0.0018,1.98
2605.42,-22.8669795169636,-43.312729395744626,2906,1782.56,0.493,0.0018,1.53
2605.42,-22.875515460916926,-43.31069020128653,2764,1782.56,0.467,0.0015,1.85
2605.49,-22.86741089713757,-43.31583023259235,2582,1782.56,0.437,0.0019,1.95
2605.49,-22.858273209561837,-43.27801793683567,2968,1782.56,0.46,0.0016,1.55
2605.49,-22.87247266811023,-43.29552183360868,2867,1782.56,0.4,0.0018,1.76
2605.49,-22.861532363431817,-43.29386874824151,2774,1782.56,0.462,0.0015,1.99
2605.49,-22.89021611070215,-43.328895411526545,2773,1782.56,0.44,0.0019,1.91
2605.49,-22.882825235894607,-43.300401548289734,2592,1782.56,0.451,0.0015,1.67
2605.49,-22.846127183459664,-43.309759813707345,2654,1782.56,0.4,0.0016,1.7
2605.49,-22.86762605210021,-43.33652514220015,2618,1782.56,0.443,0.0015,1.61
2605.49,-22.888342059087126,-43.29880050477733,2544,1782.56,0.432,0.0019,1.66
2605.49,-22.867230008683155,-43.2898652432337,2550,1782.56,0.445,0.0015,1.84
2605.49,-22.849064033953866,-43.30009229678292,2695,1782.56,0.403,0.0018,1.84
2605.49,-22.888734687164735,-43.29191620907745,2582,1782.56,0.445,0.0019,1.67
2605.49,-22.862626385621034,-43.3132932690294,2705,1782.56,0.471,0.0016,1.52
2605.49,-22.888970419873544,-43.276900447868826,2856,1782.56,0.424,0.0017,1.77
2605.49,-22.858555044831977,-43.314251573352315,2942,1782.56,0.499,0.0015,1.9
2605.49,-22.862128139552905,-43.313939096711664,2953,1782.56,0.494,0.0015,1.59
2605.49,-22.897529658460527,-43.318345479199664,2688,1782.56,0.452,0.0019,1.59
2605.49,-22.897828521923,-43.32076240791066,2649,1782.56,0.4,0.0019,1.53
2605.49,-22.880560041804536,-43.29814507974918,2529,1782.56,0.483,0.0019,1.69
2605.49,-22.888055757576428,-43.308529388417405,2591,1782.56,0.477,0.0017,1.87
2605.49,-22.888149570635296,-43.2739540544441,2568,1782.56,0.427,0.0015,1.94
2605.49,-22.860857134715587,-43.27805752582416,2827,1782.56,0.406,0.0017,1.97
2605.49,-22.869647425864212,-43.326493151495754,2954,1782.56,0.457,0.0017,1.79
2605.52,-22.887155516722924,-43.305234974339086,2981,1782.56,0.461,0.0016,1.62
2605.52,-22.888035847751507,-43.282718108513784,2531,1782.56,0.47,0.0018,1.88
2605.52,-22.87581963627435,-43.27661797543457,2591,1782.56,0.403,0.0016,1.65
2605.52,-22.868163405105054,-43.311604199720115,2789,1782.56,0.45,0.0019,1.67
2605.57,-22.861140585512423,-43.28010575292516,2969,1782.56,0.405,0.0019,1.92
2605.57,-22.872590007618545,-43.27535563991996,2848,1782.56,0.441,0.0019,1.53
2605.57,-22.857826597605097,-43.32478906809303,2656,1782.56,0.453,0.0016,1.53
2605.57,-22.865638580774625,-43.29937150465544,2625,1782.56,0.407,0.0017,1.5
2605.57,-22.891604418991513,-43.32057109748399,2867,1782.56,0.401,0.0017,1.86
2605.57,-22.85830737465635,-43.32041805722513,2953,1782.56,0.467,0.0018,1.62
2605.57,-22.886171824278932,-43.29940332776213,2993,1782.56,0.406,0.0016,1.57
2605.58,-22.882354539195187,-43.334620799942,2533,1782.56,0.402,0.0016,1.74
2605.58,-22.863011240699805,-43.27912413886022,2654,1782.56,0.497,0.0018,1.84
2605.58,-22.874148355983735,-43.30891140765203,2715,1782.56,0.411,0.0015,1.86
2605.58,-22.883030548301637,-43.3356782256163,2927,1782.56,0.427,0.0017,1.51
2605.58,-22.889129492842276,-43.31751945952847,2544,1782.56,0.441,0.0019,1.77
2605.58,-22.879885961699628,-43.295482481050094,2725,1782.56,0.415,0.0017,1.88
2605.58,-22.889557906957364,-43.27511534523526,2978,1782.56,0.459,0.0015,1.82
2605.58,-22.882354539195187,-43.334620799942,2512,1782.56,0.423,0.0016,1.76
2605.58,-22.88198675812342,-43.27676495959041,2623,1782.56,0.437,0.0015,1.56
2605.58,-22.876824543770894,-43.27666172746651,2688,1782.56,0.403,0.0015,1.93
2605.58,-22.890123849533225,-43.292946678367834,2831,1782.56,0.406,0.0018,1.57
2605.58,-22.866032073756877,-43.338131873315504,2645,1782.56,0.477,0.0018,1.73
2605.58,-22.872231186627943,-43.33368539327478,2634,1782.56,0.418,0.0018,1.61
2605.58,-22.85209561925868,-43.29621764528502,2860,1782.56,0.437,0.0017,1.55
2605.58,-22.881988610968897,-43.3256408177475,2503,1782.56,0.474,0.0019,1.92
2605.58,-22.872639053563336,-43.3191439334825,2905,1782.56,0.467,0.0018,1.89
2605.58,-22.853402608125048,-43.308619414848714,2714,1782.56,0.428,0.0018,1.58
2605.58,-22.86782989029103,-43.276843052385786,2803,1782.56,0.461,0.0017,1.8
2605.59,-22.89214807653393,-43.32199924007791,2562,1782.56,0.472,0.0018,1.58
2605.59,-22.871145094853688,-43.28174662556796,2965,1782.56,0.435,0.0015,1.98
2605.59,-22.84947814309329,-43.298027643961824,2746,1782.56,0.439,0.0017,1.72
2605.59,-22.861916010114125,-43.30826500979156,2548,1782.56,0.451,0.0016,1.95
2605.59,-22.866754144869372,-43.306332011179705,2595,1782.56,0.461,0.0015,1.68
2605.62,-22.868307585939647,-43.281719632505286,2611,1782.56,0.498,0.0019,1.84
2605.62,-22.88958552272534,-43.315395404695344,2651,1782.56,0.401,0.0015,1.95
2605.62,-22.862128139552905,-43.313939096711664,2993,1782.56,0.433,0.0018,1.65
2605.62,-22.875639528876057,-43.278947681895616,2926,1782.56,0.428,0.0016,1.99
2605.62,-22.883867251671116,-43.30251603805003,2834,1782.56,0.476,0.0015,1.69
2605.62,-22.86370154201032,-43.275263209670356,2572,1782.56,0.457,0.0019,1.98
2605.63,-22.885824772689762,-43.295605298502416,2728,1782.56,0.442,0.0017,1.76
2605.63,-22.88419073958569,-43.307955209458136,2837,1782.56,0.404,0.0019,1.95
2605.63,-22.870440572821785,-43.29706772608022,2968,1782.56,0.443,0.0016,1.79
2605.63,-22.89821201384601,-43.32804152699613,2796,1782.56,0.45,0.0017,1.65
2605.63,-22.85728372610451,-43.31757331912454,2512,1782.56,0.463,0.0018,1.57
2605.63,-22.882162080687223,-43.31894566364465,2601,1782.56,0.464,0.0019,1.96
2605.63,-22.889557906957364,-43.27511534523526,2642,1782.56,0.417,0.0016,1.96
2605.63,-22.864860944366388,-43.30886474034251,2807,1782.56,0.412,0.0016,1.97
2605.63,-22.89349781095011,-43.27513011000819,2884,1782.56,0.454,0.0015,1.77
2605.63,-22.89107709067145,-43.2828255366687,2725,1782.56,0.435,0.0019,1.58
2605.63,-22.893322125393574,-43.29054330329289,2893,1782.56,0.481,0.0015,1.52
2605.63,-22.87859339716551,-43.286876010892534,2713,1782.56,0.443,0.0019,1.93
2605.63,-22.874879843682866,-43.312921041067106,2865,1782.56,0.439,0.0016,1.85
2605.63,-22.89148264713646,-43.27986645003522,2602,1782.56,0.426,0.0017,1.58
2605.63,-22.848466036185997,-43.30108889404392,2968,1782.56,0.473,0.0018,1.75
2605.66,-22.872639053563336,-43.3191439334825,2506,1782.56,0.436,0.0016,1.85
2605.66,-22.869793334924008,-43.293918449790546,2833,1782.56,0.461,0.0019,1.92
2605.66,-22.888342059087126,-43.29880050477733,2603,1782.56,0.411,0.0015,1.55
2605.66,-22.861349365426673,-43.305214149060646,2723,1782.56,0.402,0.0018,1.8
2605.66,-22.871774502158384,-43.27347256112669,2735,1782.56,0.446,0.0018,1.62
2605.66,-22.852607422648404,-43.298626277056655,2608,1782.56,0.412,0.0016,1.65
2605.66,-22.867230008683155,-43.2898652432337,2834,1782.56,0.406,0.0019,1.84
2605.66,-22.847288088171606,-43.295177229050445,2897,1782.56,0.439,0.0016,1.65
2605.66,-22.85936162084503,-43.290536673132685,2763,1782.56,0.471,0.0018,1.63
2605.67,-22.883609697486193,-43.321985320706766,2778,1782.56,0.442,0.0016,1.57
2605.67,-22.882010907867286,-43.2955107445172,2969,1782.56,0.432,0.0019,1.79
2605.67,-22.89288154320739,-43.286883687835434,2615,1782.56,0.401,0.0016,1.87
2605.67,-22.87857289987672,-43.29592354266078,2973,1782.56,0.417,0.0019,1.98
2605.67,-22.87612144329601,-43.323680871304816,2509,1782.56,0.439,0.0017,1.91
2605.67,-22.885269744638116,-43.31286410873418,2770,1782.56,0.43,0.0016,1.69
2605.67,-22.878938327788468,-43.3265110096202,2807,1782.56,0.465,0.0015,1.84
2605.67,-22.863985115090834,-43.321749567625446,2663,1782.56,0.472,0.0016,1.63
2605.68,-22.865391656096406,-43.29681388799275,2713,1782.56,0.484,0.0017,1.81
2605.68,-22.86611212503453,-43.29434089636883,2792,1782.56,0.477,0.0018,1.56
2605.68,-22.888055757576428,-43.308529388417405,2720,1782.56,0.421,0.0016,1.52
2605.68,-22.88523434193414,-43.29969354906425,2698,1782.56,0.421,0.0018,1.93
2605.68,-22.882162080687223,-43.31894566364465,2810,1782.56,0.431,0.0017,1.98
2605.68,-22.86575303264837,-43.31310777055796,2875,1782.56,0.497,0.0015,1.58
2605.68,-22.886989975572032,-43.32263336577382,2595,1782.56,0.435,0.0016,1.67
2605.68,-22.89349781095011,-43.27513011000819,2785,1782.56,0.419,0.0015,1.97
2605.68,-22.876346337075056,-43.31832463409336,2891,1782.56,0.475,0.0018,1.69
2605.68,-22.878999813424073,-43.324851492304006,2668,1782.56,0.434,0.0018,1.53
2605.68,-22.874593114721886,-43.29506176950043,2648,1782.56,0.408,0.0016,1.73
2605.68,-22.857826597605097,-43.32478906809303,2810,1782.56,0.447,0.0017,1.71
2605.68,-22.849463791266736,-43.299533807688285,2881,1782.56,0.452,0.0018,1.72
2605.68,-22.86711369768245,-43.29231942816386,2807,1782.56,0.475,0.0019,1.75
2605.68,-22.849463791266736,-43.299533807688285,2929,1782.56,0.445,0.0018,1.78
2605.72,-22.86930710621118,-43.28819467148683,2796,1782.56,0.44,0.0017,1.82
2605.72,-22.877831132106472,-43.31106834331362,2839,1782.56,0.422,0.0015,1.94
2605.72,-22.861018318152656,-43.321304264919114,2843,1782.56,0.492,0.0018,1.63
2605.72,-22.859443527293752,-43.313754846042464,2747,1782.56,0.463,0.0016,1.59
2605.72,-22.861116383190375,-43.306281424567054,2868,1782.56,0.439,0.0018,1.84
2605.72,-22.858124790649356,-43.28008126775039,2883,1782.56,0.435,0.0019,1.78
2605.72,-22.861916010114125,-43.30826500979156,2636,1782.56,0.485,0.0017,1.59
2605.72,-22.864249254248662,-43.32248206560194,2850,1782.56,0.431,0.0016,1.51
2605.72,-22.881687513370636,-43.298275699900664,2859,1782.56,0.432,0.0018,1.53
2605.72,-22.866386277370406,-43.327674301085324,2514,1782.56,0.465,0.0017,1.61
2605.72,-22.86206484465799,-43.29854747951345,2797,1782.56,0.412,0.0015,1.72
2605.73,-22.85468622919643,-43.31348299559518,2917,1782.56,0.489,0.0019,1.96
2605.73,-22.869611223913218,-43.29033624211841,2861,1782.56,0.452,0.0015,1.91
2605.73,-22.886047324390628,-43.30557136326686,2548,1782.56,0.439,0.0015,1.52
2605.73,-22.862626385621034,-43.3132932690294,2723,1782.56,0.475,0.0015,1.7
2605.73,-22.88775419686622,-43.33164779315465,2851,1782.56,0.427,0.0015,1.88
2605.73,-22.894448313775243,-43.32140260734481,2810,1782.56,0.466,0.0017,1.93
2605.73,-22.882743437189614,-43.29366959255035,2948,1782.56,0.496,0.0015,1.97
2605.73,-22.89288154320739,-43.286883687835434,2676,1782.56,0.447,0.0019,1.54
2605.73,-22.884215047491185,-43.286962960829634,2567,1782.56,0.488,0.0018,1.68
2605.73,-22.85320099357766,-43.28998429458865,2643,1782.56,0.428,0.0015,1.65
2605.73,-22.867021344732553,-43.307514989302184,2744,1782.56,0.43,0.0015,1.87
2605.73,-22.864113655054116,-43.29430874501928,2834,1782.56,0.404,0.0019,1.79
2605.73,-22.8685102980563,-43.28049395655852,2966,1782.56,0.457,0.0017,1.66
2605.73,-22.87612144329601,-43.323680871304816,2779,1782.56,0.423,0.0018,1.61
2605.73,-22.870061319264384,-43.33215504327575,2840,1782.56,0.485,0.0017,1.93
2605.73,-22.889858924555448,-43.32333760286029,2808,1782.56,0.487,0.0017,1.96
2605.73,-22.863143577419685,-43.30771135724236,2621,1782.56,0.455,0.0019,1.89
2605.73,-22.852598472381597,-43.30165751803103,2665,1782.56,0.424,0.0019,1.77
2605.73,-22.889557906957364,-43.27511534523526,2927,1782.56,0.427,0.0016,1.87
2605.73,-22.861914604835324,-43.305383062241894,2503,1782.56,0.446,0.0018,1.74
2605.73,-22.863117302560145,-43.309960029963165,2561,1782.56,0.471,0.0018,1.93
2605.73,-22.88807446890354,-43.28263784741499,2577,1782.56,0.479,0.0015,1.89
2605.73,-22.85209561925868,-43.29621764528502,2585,1782.56,0.493,0.0019,1.65
2605.73,-22.875085854289406,-43.31276047115411,2606,1782.56,0.4,0.0016,1.55
2605.73,-22.863391643148574,-43.28982290627995,2541,1782.56,0.424,0.0018,1.62
2605.79,-22.86961225052659,-43.273621960841055,2599,1782.56,0.461,0.0018,1.98
2605.79,-22.88150700142016,-43.27882017150691,2532,1782.56,0.466,0.0016,1.66
2605.79,-22.869611223913218,-43.29033624211841,2946,1782.56,0.416,0.0015,1.63
2605.79,-22.869194574702586,-43.30490939599209,2898,1782.56,0.447,0.0019,1.63
2605.79,-22.86692805315821,-43.275210747940264,2543,1782.56,0.486,0.0016,1.78
2605.79,-22.89656803123219,-43.28051317443747,2987,1782.56,0.475,0.0016,1.62
2605.79,-22.86575303264837,-43.31310777055796,2668,1782.56,0.476,0.0017,1.66
2605.79,-22.871209003769785,-43.305739958086846,2641,1782.56,0.422,0.0015,1.74
2605.79,-22.88624258564699,-43.33053699248448,2593,1782.56,0.45,0.0018,1.84
2605.79,-22.87149261884739,-43.305730370011695,2738,1782.56,0.417,0.0017,1.55
2605.79,-22.888734687164735,-43.29191620907745,2603,1782.56,0.488,0.0019,1.52
2605.79,-22.863144811151294,-43.30122223728789,2966,1782.56,0.48,0.0017,1.55
2605.79,-22.88735265443355,-43.27389247149932,2935,1782.56,0.462,0.0016,1.54
2605.79,-22.871774502158384,-43.27347256112669,2611,1782.56,0.436,0.0019,1.84
2605.79,-22.89470308630807,-43.32551035541433,2624,1782.56,0.485,0.0018,1.66
2605.79,-22.85945488457674,-43.326512509270515,2526,1782.56,0.434,0.0017,1.89
2605.79,-22.86711369768245,-43.29231942816386,2767,1782.56,0.42,0.0017,1.64
2605.79,-22.887985146995945,-43.281412996317925,2779,1782.56,0.453,0.0017,1.9
2605.79,-22.869616302038466,-43.296865451879185,2969,1782.56,0.401,0.0015,1.66
2605.79,-22.877044057031124,-43.32585217379867,2700,1782.56,0.463,0.0016,1.52
2605.79,-22.864508830652948,-43.287446509399935,2772,1782.56,0.427,0.0015,1.91
2605.79,-22.895625375970848,-43.3260810347732,2791,1782.56,0.413,0.0018,1.58
2605.79,-22.861340447661618,-43.31260812808475,2929,1782.56,0.467,0.0015,1.6
2605.85,-22.8619828521923,-43.32818924833407,2947,1782.56,0.424,0.0018,1.91
2605.85,-22.864398382493288,-43.29631040963082,2932,1782.56,0.419,0.0018,1.55
2605.85,-22.88138736370065,-43.28312116559284,2906,1782.56,0.43,0.0018,1.64
2605.85,-22.88429130419991,-43.32979618231325,2508,1782.56,0.445,0.0016,1.86
2605.85,-22.861735960842314,-43.294302778628925,2902,1782.56,0.465,0.0017,1.73
2605.93,-22.84534312678508,-43.29636634752985,2849,1782.56,0.437,0.0019,1.5
2605.93,-22.866968974005935,-43.2989850526044,2875,1782.56,0.419,0.0017,1.53
2605.93,-22.874879843682866,-43.312921041067106,2811,1782.56,0.444,0.0017,1.91
2605.93,-22.85557329551781,-43.32777610369661,2642,1782.56,0.485,0.0015,1.95
2605.93,-22.85821759881364,-43.27393164834267,2737,1782.56,0.422,0.0019,1.72
2605.93,-22.88467040718113,-43.322932403912745,2516,1782.56,0.451,0.0015,1.8
2605.93,-22.87070398097288,-43.30730938443952,2800,1782.56,0.403,0.0015,1.79
2605.93,-22.875957917710124,-43.325732268114734,2555,1782.56,0.498,0.0019,1.56
2605.93,-22.89214807653393,-43.32199924007791,2752,1782.56,0.492,0.0018,1.82
2605.93,-22.88656171280685,-43.27530997233421,2647,1782.56,0.427,0.0019,1.9
2605.93,-22.866968974005935,-43.2989850526044,2849,1782.56,0.411,0.0018,1.92
2605.93,-22.869061768283025,-43.31704078257435,2638,1782.56,0.479,0.0016,1.5
2605.93,-22.88322984648596,-43.28421464468421,2956,1782.56,0.446,0.0017,1.63
2605.93,-22.856479363937087,-43.29586271323093,2771,1782.56,0.449,0.0016,1.78
2605.93,-22.887942772304914,-43.335016025586654,2770,1782.56,0.448,0.0018,1.65
2605.93,-22.863415548060487,-43.323317634222505,2632,1782.56,0.458,0.0016,1.64
2605.95,-22.8776379226127,-43.306554287574436,2904,1782.56,0.496,0.0017,1.85
2605.95,-22.85710416701063,-43.304086900341545,2971,1782.56,0.48,0.0018,1.58
2605.95,-22.862695092709878,-43.31100679155802,2861,1782.56,0.458,0.0017,1.77
2605.95,-22.888404163074107,-43.3373153549039,2518,1782.56,0.438,0.0017,1.74
2605.95,-22.86206484465799,-43.29854747951345,2845,1782.56,0.469,0.0019,1.51
2605.95,-22.855767338153527,-43.3260065586982,2859,1782.56,0.454,0.0018,1.93
2605.95,-22.85203244933537,-43.292673874031166,2584,1782.56,0.49,0.0016,1.53
2605.95,-22.862182974883037,-43.30926384783481,2915,1782.56,0.496,0.0019,1.58
2605.95,-22.878999813424073,-43.324851492304006,2754,1782.56,0.487,0.0018,1.75
2605.95,-22.890302059000735,-43.32757993315172,2673,1782.56,0.491,0.0015,1.59
2605.95,-22.864249254248662,-43.32248206560194,2754,1782.56,0.408,0.0016,1.59
2605.95,-22.858356114030986,-43.31224354083034,2921,1782.56,0.441,0.0016,1.66
2605.95,-22.86498400160477,-43.28216548273183,2969,1782.56,0.488,0.0017,1.72
2605.95,-22.861492160766815,-43.30304129907048,2715,1782.56,0.454,0.0019,1.88
2605.95,-22.874712394502676,-43.28282881436501,2677,1782.56,0.478,0.0017,1.58
2605.95,-22.856479363937087,-43.29586271323093,2772,1782.56,0.431,0.0017,1.95
2605.95,-22.890074402587583,-43.28066188235112,2900,1782.56,0.419,0.0016,1.95
2605.95,-22.895007079686994,-43.32139147487483,2753,1782.56,0.471,0.0015,1.73
2605.95,-22.856454885914935,-43.28119881115064,2685,1782.56,0.447,0.0015,1.96
2605.95,-22.864508830652948,-43.287446509399935,2996,1782.56,0.445,0.0017,1.56
2605.95,-22.85691383798527,-43.32369838040761,2673,1782.56,0.432,0.0015,1.61
2605.95,-22.859712993290554,-43.28772006955427,2502,1782.56,0.467,0.0015,1.7
2605.96,-22.890123849533225,-43.292946678367834,2834,1782.56,0.478,0.0016,1.92
2605.96,-22.863415548060487,-43.323317634222505,2516,1782.56,0.416,0.0016,1.74
2605.96,-22.859001569774904,-43.29193429934413,2612,1782.56,0.441,0.0016,1.65
2605.96,-22.86206484465799,-43.29854747951345,2789,1782.56,0.428,0.0016,1.55
2605.96,-22.858356114030986,-43.31224354083034,2908,1782.56,0.418,0.0018,1.97
2605.96,-22.863395815787765,-43.32537639837979,2844,1782.56,0.459,0.0016,1.53
2605.96,-22.85710416701063,-43.304086900341545,2876,1782.56,0.496,0.0016,1.63
2605.96,-22.890074402587583,-43.28066188235112,2578,1782.56,0.413,0.0018,1.61
2605.96,-22.848748598421476,-43.30315598662101,2793,1782.56,0.437,0.0019,1.51
2605.96,-22.886843205699535,-43.302088601823655,2519,1782.56,0.475,0.0018,1.86
2605.96,-22.85340758185386,-43.301772407423,2925,1782.56,0.468,0.0015,1.54
2605.96,-22.889578146447786,-43.331262264623696,2622,1782.56,0.468,0.0019,1.59
2605.96,-22.869611223913218,-43.29033624211841,2960,1782.56,0.436,0.0015,1.76
2605.96,-22.88145053345863,-43.31795462036982,2611,1782.56,0.458,0.0019,1.89
2606.0,-22.85557329551781,-43.32777610369661,2805,1782.56,0.491,0.0019,1.94
2606.0,-22.867950283006152,-43.28254729962418,2888,1782.56,0.483,0.0017,1.96
2606.0,-22.871719493758746,-43.27828847121003,2556,1782.56,0.464,0.0019,1.77
2606.0,-22.85728372610451,-43.31757331912454,2723,1782.56,0.421,0.0019,1.95
2606.0,-22.869042075539408,-43.33246869842768,2751,1782.56,0.423,0.0015,1.94
2606.0,-22.890123849533225,-43.292946678367834,2824,1782.56,0.485,0.0018,1.88
2606.0,-22.86143205741137,-43.3229601040728,2919,1782.56,0.451,0.0016,1.59
2606.0,-22.886016004221272,-43.27209761929771,2638,1782.56,0.428,0.0016,1.81
2606.0,-22.8787675650818,-43.31412382741355,2500,1782.56,0.449,0.0016,1.58
2606.0,-22.86611212503453,-43.29434089636883,2706,1782.56,0.463,0.0016,1.78
2606.0,-22.88624258564699,-43.33053699248448,2761,1782.56,0.499,0.0018,1.56
2606.0,-22.89213563769979,-43.31453725797905,2813,1782.56,0.404,0.0017,1.82
2606.01,-22.87070395523622,-43.28421036286542,2852,1782.56,0.473,0.0017,1.83
2606.01,-22.875121999585705,-43.302579846612964,2597,1782.56,0.436,0.0017,1.58
2606.01,-22.86340826042182,-43.31149043301849,2913,1782.56,0.407,0.0016,1.62
2606.01,-22.88656171280685,-43.27530997233421,2545,1782.56,0.403,0.0017,1.83
2606.01,-22.861012965171714,-43.27194657048819,2856,1782.56,0.442,0.0018,1.62
2606.01,-22.8787675650818,-43.31412382741355,2537,1782.56,0.454,0.0017,1.66
2606.01,-22.886016004221272,-43.27209761929771,2640,1782.56,0.451,0.0018,1.55
2606.01,-22.864359769594856,-43.33436283749005,2676,1782.56,0.421,0.0015,1.88
2606.01,-22.886171824278932,-43.29940332776213,2595,1782.56,0.474,0.0015,1.67
2606.01,-22.861018318152656,-43.321304264919114,2897,1782.56,0.462,0.0019,1.99
2606.04,-22.881468185623927,-43.294994976890806,2828,1782.56,0.462,0.0016,1.93
2606.04,-22.88140571261693,-43.31563277652367,2701,1782.56,0.405,0.0017,1.61
2606.04,-22.881649035667248,-43.32184270828055,2941,1782.56,0.455,0.0015,1.75
2606.04,-22.89496887400113,-43.315918410614934,2692,1782.56,0.499,0.0019,1.51
2606.04,-22.858124790649356,-43.28008126775039,2836,1782.56,0.462,0.0015,1.86
2606.04,-22.866156674570156,-43.270982692369834,2997,1782.56,0.496,0.0017,1.89
2606.04,-22.871134197001645,-43.3324209229417,2857,1782.56,0.448,0.0017,1.58
2606.04,-22.87358421777799,-43.317387793603004,2867,1782.56,0.471,0.0016,1.76
2606.04,-22.880560041804536,-43.29814507974918,2788,1782.56,0.439,0.0018,1.9
2606.04,-22.875121999585705,-43.302579846612964,2724,1782.56,0.415,0.0017,1.59
2606.04,-22.89177809869233,-43.28695883070058,2739,1782.56,0.406,0.0018,1.82
2606.08,-22.88520284739984,-43.304851073840815,2985,1782.56,0.4,0.0019,1.64
2606.08,-22.868610664476332,-43.29489435252647,2893,1782.56,0.413,0.0015,1.51
2606.08,-22.89821201384601,-43.32804152699613,2658,1782.56,0.47,0.0018,1.93
2606.08,-22.877044057031124,-43.32585217379867,2526,1782.56,0.441,0.0015,1.68
2606.08,-22.855454774937616,-43.33103974650509,2743,1782.56,0.425,0.0019,1.67
2606.08,-22.852598472381597,-43.30165751803103,2843,1782.56,0.421,0.0018,1.54
2606.08,-22.868942374687943,-43.27206471105248,2502,1782.56,0.403,0.0016,1.77
2606.08,-22.877831132106472,-43.31106834331362,2520,1782.56,0.445,0.0015,1.83
2606.08,-22.895958184072008,-43.329875786471284,2818,1782.56,0.469,0.0017,1.67
2606.08,-22.858356114030986,-43.31224354083034,2551,1782.56,0.406,0.0019,1.69
2606.08,-22.883044621550756,-43.27253070149058,2574,1782.56,0.419,0.0019,1.67
2606.08,-22.850737790702134,-43.31314228510718,2597,1782.56,0.423,0.0015,1.75
2606.08,-22.866252864969308,-43.283033295123595,2893,1782.56,0.49,0.0018,1.58
2606.08,-22.863391643148574,-43.28982290627995,2708,1782.56,0.445,0.0016,1.76
2606.08,-22.868610664476332,-43.29489435252647,2802,1782.56,0.436,0.0018,1.63
2606.08,-22.869804401066734,-43.296421713012066,2545,1782.56,0.402,0.0017,1.58
2606.08,-22.88520284739984,-43.304851073840815,2680,1782.56,0.455,0.0018,1.82
2606.12,-22.882822150903383,-43.319929977033766,2812,1782.56,0.453,0.0015,1.97
2606.12,-22.869938702555682,-43.33162323026781,2967,1782.56,0.42,0.0017,1.96
2606.12,-22.863391643148574,-43.28982290627995,2834,1782.56,0.469,0.0015,1.67
2606.12,-22.868433559223956,-43.291280473480036,2992,1782.56,0.44,0.0015,1.99
2606.12,-22.865683622380516,-43.310260791624906,2917,1782.56,0.455,0.0019,1.72
2606.12,-22.85658774011582,-43.29605023595669,2612,1782.56,0.441,0.0015,1.66
2606.12,-22.888648404701044,-43.2887463267185,2544,1782.56,0.448,0.0019,1.54
2606.12,-22.878938327788468,-43.3265110096202,2596,1782.56,0.437,0.0016,1.65
2606.12,-22.866754144869372,-43.306332011179705,2855,1782.56,0.434,0.0019,1.8
2606.12,-22.85203244933537,-43.292673874031166,2720,1782.56,0.457,0.0017,1.9
2606.12,-22.89288154320739,-43.286883687835434,2522,1782.56,0.46,0.0018,1.55
2606.12,-22.85498734811861,-43.30331227430829,2863,1782.56,0.439,0.0017,1.75
2606.12,-22.859725542708905,-43.2808886018145,2615,1782.56,0.446,0.0019,1.62
2606.12,-22.860481074323943,-43.298868714970894,2964,1782.56,0.462,0.0017,1.99
2606.12,-22.86951098217584,-43.273374949206584,2827,1782.56,0.461,0.0015,1.87
2606.12,-22.87581963627435,-43.27661797543457,2509,1782.56,0.499,0.0019,1.51
2606.12,-22.88294978703814,-43.282994904792325,2997,1782.56,0.452,0.0015,1.59
2606.12,-22.894448313775243,-43.32140260734481,2551,1782.56,0.487,0.0015,1.98
2606.12,-22.882295866927176,-43.32450889376895,2754,1782.56,0.412,0.0019,1.58
2606.12,-22.86493449045638,-43.28912110732493,2672,1782.56,0.499,0.0015,1.54
2606.12,-22.870459567523028,-43.29559138021254,2502,1782.56,0.424,0.0019,1.76
2606.12,-22.86381140933035,-43.329936562683585,2842,1782.56,0.408,0.0017,1.98
2606.12,-22.849463791266736,-43.299533807688285,2552,1782.56,0.421,0.0017,1.76
2606.12,-22.88503249841015,-43.324318816889715,2731,1782.56,0.46,0.0016,1.92
2606.12,-22.888404163074107,-43.3373153549039,2937,1782.56,0.485,0.0015,1.95
2606.12,-22.856454885914935,-43.28119881115064,2921,1782.56,0.417,0.0017,1.57
2606.12,-22.867458399570957,-43.268782955277885,2865,1782.56,0.435,0.0018,1.61
2606.12,-22.846127183459664,-43.309759813707345,2778,1782.56,0.459,0.0018,1.89
2606.12,-22.875121999585705,-43.302579846612964,2828,1782.56,0.414,0.0018,1.65
2606.12,-22.876600058653487,-43.294176986899174,2873,1782.56,0.464,0.0017,1.85
2606.12,-22.876723085458455,-43.273922116031265,2868,1782.56,0.487,0.0016,1.58
2606.12,-22.88864127331701,-43.293615823968004,2670,1782.56,0.492,0.0017,1.83
2606.12,-22.88735265443355,-43.27389247149932,2634,1782.56,0.413,0.0018,1.89
2606.12,-22.882295866927176,-43.32450889376895,2998,1782.56,0.428,0.0016,1.72
2606.12,-22.8923504582542,-43.277742797797735,2635,1782.56,0.483,0.0016,1.74
2606.12,-22.864359769594856,-43.33436283749005,2516,1782.56,0.449,0.0017,1.72
2606.22,-22.874749136095733,-43.280831642689,2584,1782.56,0.49,0.0019,1.53
2606.22,-22.895008198056836,-43.33039785933877,2718,1782.56,0.405,0.0016,1.95
2606.22,-22.87149261884739,-43.305730370011695,2750,1782.56,0.448,0.0018,1.61
2606.22,-22.8580219822232,-43.32874338434754,2581,1782.56,0.438,0.0019,1.64
2606.22,-22.87029486590473,-43.33249884454889,2978,1782.56,0.466,0.0016,1.56
2606.22,-22.882162080687223,-43.31894566364465,2823,1782.56,0.4,0.0017,1.71
2606.22,-22.861349365426673,-43.305214149060646,2794,1782.56,0.404,0.0015,1.7
2606.22,-22.887776573581203,-43.28318743141474,2732,1782.56,0.43,0.0017,1.98
2606.22,-22.86741089713757,-43.31583023259235,2697,1782.56,0.416,0.0015,1.55
2606.22,-22.864860944366388,-43.30886474034251,2731,1782.56,0.449,0.0018,1.84
2606.22,-22.85023684649563,-43.298567292399085,2985,1782.56,0.497,0.0019,1.64
2606.22,-22.848466036185997,-43.30108889404392,2607,1782.56,0.499,0.0015,1.86
2606.22,-22.870076345915614,-43.277950719324274,2769,1782.56,0.484,0.0015,1.82
2606.25,-22.88609409087955,-43.32311508249367,2736,1782.56,0.426,0.0019,1.94
2606.25,-22.889011332646945,-43.2839897527779,2950,1782.56,0.448,0.0017,1.61
2606.25,-22.858628339397463,-43.29865405889191,2536,1782.56,0.437,0.0017,1.74
2606.25,-22.886732583417785,-43.33823308647097,2661,1782.56,0.43,0.0017,1.59
2606.25,-22.889129492842276,-43.31751945952847,2830,1782.56,0.408,0.0018,1.69
2606.25,-22.862925238004607,-43.326410115360275,2923,1782.56,0.483,0.0016,1.86
2606.25,-22.864647269482234,-43.3136351748248,2727,1782.56,0.427,0.0017,1.9
2606.25,-22.885270044065155,-43.31713716374416,2698,1782.56,0.42,0.0017,1.66
2606.25,-22.861710046858633,-43.278467531094556,2559,1782.56,0.49,0.0018,1.73
2606.25,-22.89021611070215,-43.328895411526545,2835,1782.56,0.409,0.0015,1.5
2606.27,-22.862695092709878,-43.31100679155802,2727,1782.56,0.443,0.0017,1.67
2606.27,-22.866295959582743,-43.270612328064914,2933,1782.56,0.461,0.0016,1.97
2606.27,-22.857284868038086,-43.32268854135826,2634,1782.56,0.488,0.0019,1.74
2606.27,-22.89798550404551,-43.28389935640311,2553,1782.56,0.413,0.0018,1.79
2606.27,-22.872639053563336,-43.3191439334825,2965,1782.56,0.473,0.0016,1.77
2606.27,-22.86493449045638,-43.28912110732493,2648,1782.56,0.416,0.0015,1.76
2606.27,-22.868610664476332,-43.29489435252647,2806,1782.56,0.407,0.0019,1.76
2606.27,-22.861710046858633,-43.278467531094556,2762,1782.56,0.452,0.0018,1.6
2606.27,-22.87174129713043,-43.27980852989895,2656,1782.56,0.463,0.0017,1.99
2606.29,-22.86283564347404,-43.29347467771211,2976,1782.56,0.447,0.0017,1.53
2606.29,-22.88931882485539,-43.28966428164412,2572,1782.56,0.452,0.0015,1.65
2606.29,-22.87578904193713,-43.27884368851319,2875,1782.56,0.437,0.0015,1.84
2606.29,-22.848986959017367,-43.30908106870625,2633,1782.56,0.417,0.0016,1.82
2606.29,-22.882010907867286,-43.2955107445172,2623,1782.56,0.448,0.0017,1.58
2606.29,-22.88294978703814,-43.282994904792325,2595,1782.56,0.483,0.0019,1.71
2606.29,-22.892895319049963,-43.316131804558516,2862,1782.56,0.471,0.0017,1.72
2606.29,-22.874658912291945,-43.31015627454578,2677,1782.56,0.436,0.0017,1.52
2606.3,-22.889011332646945,-43.2839897527779,2776,1782.56,0.439,0.0019,1.61
2606.3,-22.869042075539408,-43.33246869842768,2889,1782.56,0.421,0.0015,1.78
2606.3,-22.88322984648596,-43.28421464468421,2649,1782.56,0.476,0.0018,1.96
2606.3,-22.896654692875437,-43.28478563615814,2900,1782.56,0.478,0.0015,1.85
2606.3,-22.88520284739984,-43.304851073840815,2691,1782.56,0.414,0.0016,1.57
2606.3,-22.88551657420369,-43.329699326247216,2974,1782.56,0.406,0.0015,1.81
2606.38,-22.874937783792504,-43.31494440611707,2747,1782.56,0.462,0.0017,1.91
2606.38,-22.888734687164735,-43.29191620907745,2640,1782.56,0.414,0.0018,1.99
2606.38,-22.858628339397463,-43.29865405889191,2736,1782.56,0.477,0.0017,1.81
2606.38,-22.861018318152656,-43.321304264919114,2663,1782.56,0.465,0.0016,1.59
2606.38,-22.882159172943954,-43.32345251271192,2505,1782.56,0.407,0.0015,1.88
2606.38,-22.891804245638014,-43.32012754327931,2698,1782.56,0.46,0.0019,1.56
2606.38,-22.889858924555448,-43.32333760286029,2716,1782.56,0.458,0.0016,1.74
2606.38,-22.88291784427213,-43.279430490656594,2687,1782.56,0.437,0.0018,1.6
2606.38,-22.858037683480056,-43.30275192403924,2919,1782.56,0.483,0.0019,1.95
2606.38,-22.875085854289406,-43.31276047115411,2626,1782.56,0.476,0.0017,1.85
2606.38,-22.88347249931642,-43.30216835806813,2612,1782.56,0.492,0.0015,1.83
2606.38,-22.883867251671116,-43.30251603805003,2912,1782.56,0.444,0.0017,1.55
2606.41,-22.888255012773346,-43.28595440982584,2747,1782.56,0.477,0.0017,1.55
2606.41,-22.864647269482234,-43.3136351748248,2972,1782.56,0.461,0.0019,1.53
2606.41,-22.870064152026032,-43.332426309660676,2947,1782.56,0.401,0.0017,1.62
2606.41,-22.866295959582743,-43.270612328064914,2859,1782.56,0.461,0.0015,1.83
2606.41,-22.8685102980563,-43.28049395655852,2843,1782.56,0.438,0.0019,1.6
2606.41,-22.880560041804536,-43.29814507974918,2835,1782.56,0.499,0.0016,1.59
2606.41,-22.864647269482234,-43.3136351748248,2531,1782.56,0.489,0.0016,1.56
2606.45,-22.85203244933537,-43.292673874031166,2796,1782.56,0.479,0.0019,1.68
2606.45,-22.87249509232537,-43.273899684259206,2553,1782.56,0.427,0.0019,1.89
2606.45,-22.870385783458357,-43.292127689221395,2764,1782.56,0.418,0.0019,1.52
2606.45,-22.859824926994264,-43.333258221906284,2517,1782.56,0.42,0.0018,1.51
2606.45,-22.856733691680848,-43.31181063497515,2580,1782.56,0.402,0.0016,1.89
2606.45,-22.866245903957182,-43.32830163502488,2552,1782.56,0.434,0.0017,1.57
2606.45,-22.878678970104733,-43.2893826947477,2564,1782.56,0.45,0.0016,1.82
2606.45,-22.865621616791085,-43.301637713141396,2564,1782.56,0.414,0.0019,1.97
2606.46,-22.862053710723547,-43.292986026270945,2603,1782.56,0.47,0.0016,1.93
2606.46,-22.85023684649563,-43.298567292399085,2615,1782.56,0.467,0.0019,1.87
2606.46,-22.84947814309329,-43.298027643961824,2836,1782.56,0.412,0.0016,1.81
2606.46,-22.881468185623927,-43.294994976890806,2996,1782.56,0.479,0.0018,1.68
2606.46,-22.88078056851191,-43.322729273656115,2513,1782.56,0.4,0.0015,1.59
2606.46,-22.86283564347404,-43.29347467771211,2879,1782.56,0.419,0.0018,1.88
2606.46,-22.878938327788468,-43.3265110096202,2644,1782.56,0.433,0.0016,1.53
2606.46,-22.886789936011343,-43.31585082403175,2607,1782.56,0.454,0.0019,1.81
2606.46,-22.852598472381597,-43.30165751803103,2977,1782.56,0.466,0.0019,1.68
2606.46,-22.86132513843861,-43.300739072527676,2838,1782.56,0.449,0.0015,1.84
2606.46,-22.861135040004815,-43.30712425112237,2976,1782.56,0.407,0.0017,1.51
2606.46,-22.87208535551471,-43.292984902810836,2692,1782.56,0.405,0.0015,1.99
2606.46,-22.861116383190375,-43.306281424567054,2631,1782.56,0.422,0.0015,1.67
2606.46,-22.88807446890354,-43.28263784741499,2864,1782.56,0.421,0.0017,1.83
2606.48,-22.856211768224753,-43.32841840155298,2882,1782.56,0.45,0.0017,1.98
2606.48,-22.89288154320739,-43.286883687835434,2684,1782.56,0.41,0.0018,1.53
2606.48,-22.85945488457674,-43.326512509270515,2642,1782.56,0.45,0.0019,1.98
2606.48,-22.875464277457617,-43.27792316983827,2996,1782.56,0.445,0.0015,1.94
2606.48,-22.853402608125048,-43.308619414848714,2855,1782.56,0.43,0.0017,1.93
2606.48,-22.88150700142016,-43.27882017150691,2545,1782.56,0.425,0.0019,1.82
2606.48,-22.889932522081118,-43.281518820240066,2969,1782.56,0.47,0.0015,1.7
2606.48,-22.88243702214164,-43.305369543833734,2866,1782.56,0.491,0.0019,1.83
2606.48,-22.88551657420369,-43.329699326247216,2729,1782.56,0.468,0.0015,1.73
2606.48,-22.871774502158384,-43.27347256112669,2867,1782.56,0.404,0.0017,1.68
2606.48,-22.869733404200566,-43.281761550640105,2713,1782.56,0.468,0.0019,1.93
2606.48,-22.89350124787708,-43.33173002529052,2890,1782.56,0.424,0.0017,1.78
2606.48,-22.88984031167266,-43.28012659791169,2830,1782.56,0.408,0.0016,1.98
2606.49,-22.87070395523622,-43.28421036286542,2784,1782.56,0.48,0.0016,1.57
2606.49,-22.85691383798527,-43.32369838040761,2665,1782.56,0.427,0.0019,1.63
2606.49,-22.852221122571265,-43.302809078039104,2926,1782.56,0.468,0.0019,1.66
2606.49,-22.865174884082702,-43.28765803844912,2918,1782.56,0.423,0.0016,1.63
2606.49,-22.876915571808613,-43.29389117666397,2933,1782.56,0.492,0.0017,1.8
2606.49,-22.882544299338996,-43.30102470888667,2953,1782.56,0.428,0.0015,1.91
2606.49,-22.89470308630807,-43.32551035541433,2665,1782.56,0.439,0.0015,1.55
2606.49,-22.85404247869069,-43.29621015021172,2871,1782.56,0.421,0.0017,1.95
2606.49,-22.89288154320739,-43.286883687835434,2655,1782.56,0.407,0.0017,1.56
2606.58,-22.86178952014623,-43.307313325016665,2919,1782.56,0.443,0.0015,1.77
2606.58,-22.887155516722924,-43.305234974339086,2912,1782.56,0.468,0.0019,1.7
2606.58,-22.8579311397991,-43.32575380126112,2657,1782.56,0.406,0.0018,1.75
2606.58,-22.865174884082702,-43.28765803844912,2794,1782.56,0.447,0.0019,1.57
2606.58,-22.875658493568537,-43.27778648299565,2966,1782.56,0.465,0.0019,1.9
2606.58,-22.860754225324428,-43.280699409222365,2618,1782.56,0.44,0.0016,1.95
2606.64,-22.848589623892043,-43.299859478608504,2503,1782.56,0.426,0.0017,1.96
2606.64,-22.875515460916926,-43.31069020128653,2897,1782.56,0.446,0.0016,1.64
2606.64,-22.871719493758746,-43.27828847121003,2911,1782.56,0.477,0.0019,1.77
2606.64,-22.86486717571422,-43.31091685420294,2628,1782.56,0.4,0.0015,1.54
2606.64,-22.866770325140486,-43.278420343142365,2763,1782.56,0.413,0.0019,1.52
2606.64,-22.870440572821785,-43.29706772608022,2668,1782.56,0.451,0.0015,1.95
2606.64,-22.875146291117844,-43.307818458397016,2563,1782.56,0.425,0.0015,1.56
2606.65,-22.863459854588292,-43.30014903832372,2586,1782.56,0.452,0.0017,1.81
2606.65,-22.88733155941451,-43.26987308282541,2910,1782.56,0.411,0.0017,1.72
2606.65,-22.871213697020938,-43.306677884270364,2726,1782.56,0.426,0.0015,1.88
2606.65,-22.885824772689762,-43.295605298502416,2565,1782.56,0.469,0.0019,1.81
2606.65,-22.868588548508306,-43.32436794455032,2528,1782.56,0.464,0.0015,1.55
2606.65,-22.863011240699805,-43.27912413886022,2974,1782.56,0.418,0.0017,1.73
2606.65,-22.888734687164735,-43.29191620907745,2860,1782.56,0.463,0.0017,1.71
2606.65,-22.883867251671116,-43.30251603805003,2724,1782.56,0.442,0.0017,1.81
2606.65,-22.858628339397463,-43.29865405889191,2741,1782.56,0.411,0.0016,1.92
2606.65,-22.87070395523622,-43.28421036286542,2511,1782.56,0.494,0.0016,1.55
2606.65,-22.882295866927176,-43.32450889376895,2615,1782.56,0.433,0.0018,1.87
2606.65,-22.887435727179092,-43.27038733570493,2920,1782.56,0.455,0.0018,1.94
2606.65,-22.858037683480056,-43.30275192403924,2540,1782.56,0.498,0.0015,1.87
2606.65,-22.858356114030986,-43.31224354083034,2578,1782.56,0.494,0.0016,1.82
2606.65,-22.895008198056836,-43.33039785933877,2629,1782.56,0.474,0.0018,1.97
2606.65,-22.87249509232537,-43.273899684259206,2630,1782.56,0.48,0.0017,1.88
2606.65,-22.87174129713043,-43.27980852989895,2596,1782.56,0.44,0.0019,1.88
2606.65,-22.863459854588292,-43.30014903832372,2561,1782.56,0.48,0.0019,1.52
2606.65,-22.87247873307881,-43.277549008332294,2909,1782.56,0.427,0.0016,1.79
2606.65,-22.86957388783563,-43.31016904625865,2634,1782.56,0.463,0.0016,1.82
2606.65,-22.868942374687943,-43.27206471105248,2829,1782.56,0.457,0.0017,1.63
2606.65,-22.87308331657023,-43.305089464569086,2658,1782.56,0.419,0.0019,1.5
2606.65,-22.878082994140353,-43.310192460343124,2555,1782.56,0.459,0.0018,1.71
2606.65,-22.86283564347404,-43.29347467771211,2522,1782.56,0.477,0.0018,1.67
2606.65,-22.88733155941451,-43.26987308282541,2923,1782.56,0.44,0.0016,1.7
2606.65,-22.848748598421476,-43.30315598662101,2672,1782.56,0.404,0.0016,1.99
2606.65,-22.88788703352114,-43.271418990966914,2819,1782.56,0.472,0.0016,1.53
2606.65,-22.89177809869233,-43.28695883070058,2774,1782.56,0.452,0.0017,1.83
2606.65,-22.865542753893855,-43.27607840214181,2766,1782.56,0.469,0.0015,1.67
2606.65,-22.859308857747987,-43.31502500596901,2926,1782.56,0.413,0.0018,1.69
2606.66,-22.876785616372743,-43.32135565342095,2925,1782.56,0.481,0.0017,1.88
2606.66,-22.856879651215213,-43.318851619904024,2871,1782.56,0.422,0.0018,1.77
2606.66,-22.861256893082682,-43.32794826319142,2542,1782.56,0.414,0.0019,1.86
2606.66,-22.84947814309329,-43.298027643961824,2899,1782.56,0.42,0.0017,1.63
2606.66,-22.887707207011417,-43.33610398896485,2819,1782.56,0.441,0.0015,1.78
2606.66,-22.870440572821785,-43.29706772608022,2562,1782.56,0.491,0.0016,1.85
2606.66,-22.870956151955397,-43.31321927936711,2774,1782.56,0.416,0.0017,1.83
2606.66,-22.85557329551781,-43.32777610369661,2704,1782.56,0.41,0.0017,1.61
2606.71,-22.874302246649084,-43.30702553844383,2793,1782.56,0.455,0.0016,1.65
2606.71,-22.861256893082682,-43.32794826319142,2767,1782.56,0.487,0.0019,1.74
2606.71,-22.87247873307881,-43.277549008332294,2767,1782.56,0.407,0.0015,1.6
2606.71,-22.862757124028064,-43.283703794161326,2869,1782.56,0.413,0.0015,1.61
2606.78,-22.876541212193533,-43.32981029734441,2772,1782.56,0.481,0.0016,1.62
2606.78,-22.865638580774625,-43.29937150465544,2675,1782.56,0.461,0.0019,1.54
2606.78,-22.89350124787708,-43.33173002529052,2636,1782.56,0.476,0.0016,1.98
2606.78,-22.861135040004815,-43.30712425112237,2844,1782.56,0.437,0.0019,1.53
2606.78,-22.8787675650818,-43.31412382741355,2578,1782.56,0.411,0.0019,1.59
2606.78,-22.875146291117844,-43.307818458397016,2690,1782.56,0.438,0.0018,1.91
2606.78,-22.866386277370406,-43.327674301085324,2848,1782.56,0.499,0.0019,1.76
2606.81,-22.854665711887623,-43.302775734018006,2921,1782.56,0.411,0.0015,1.87
2606.81,-22.846127183459664,-43.309759813707345,2819,1782.56,0.476,0.0016,1.85
2606.81,-22.861710046858633,-43.278467531094556,2859,1782.56,0.457,0.0015,1.96
2606.81,-22.877127088132532,-43.313636642888476,2961,1782.56,0.466,0.0019,1.66
2606.81,-22.886789936011343,-43.31585082403175,2514,1782.56,0.455,0.0016,1.78
2606.81,-22.857284868038086,-43.32268854135826,2882,1782.56,0.436,0.0018,1.81
2606.81,-22.874712394502676,-43.28282881436501,2663,1782.56,0.42,0.0016,1.82
2606.81,-22.856268461025326,-43.28601419506252,2800,1782.56,0.442,0.0015,1.78
2606.81,-22.853473621389476,-43.30340894163149,2608,1782.56,0.453,0.0019,1.87
2606.83,-22.887776573581203,-43.28318743141474,2544,1782.56,0.495,0.0015,1.98
2606.83,-22.861135040004815,-43.30712425112237,2837,1782.56,0.412,0.0017,1.71
2606.83,-22.86949389367307,-43.289631791960566,2834,1782.56,0.447,0.0017,1.58
2606.83,-22.872639053563336,-43.3191439334825,2706,1782.56,0.421,0.0018,1.94
2606.83,-22.879916050347088,-43.27329730057226,2867,1782.56,0.41,0.0016,1.58
2606.83,-22.888255012773346,-43.28595440982584,2519,1782.56,0.42,0.0017,1.89
2606.83,-22.863011240699805,-43.27912413886022,2775,1782.56,0.422,0.0019,1.86
2606.83,-22.849463791266736,-43.299533807688285,2602,1782.56,0.452,0.0016,1.61
2606.83,-22.88789896745282,-43.321186846750706,2584,1782.56,0.406,0.0017,1.68
2606.83,-22.887463762016246,-43.279058954052026,2783,1782.56,0.45,0.0015,1.96
2606.83,-22.861710046858633,-43.278467531094556,2800,1782.56,0.412,0.0015,1.89
2606.85,-22.87070395523622,-43.28421036286542,2858,1782.56,0.462,0.0017,1.55
2606.85,-22.874254158307874,-43.272818042354956,2603,1782.56,0.403,0.0017,1.69
2606.85,-22.8913494561635,-43.2811121526979,2753,1782.56,0.432,0.0018,1.66
2606.86,-22.89452471477547,-43.29205209489,2556,1782.56,0.46,0.0016,1.59
2606.86,-22.857152785021295,-43.28769390181108,2603,1782.56,0.409,0.0017,1.67
2606.86,-22.857292338452964,-43.328270454943,2961,1782.56,0.48,0.0017,1.82
2606.86,-22.897529658460527,-43.318345479199664,2655,1782.56,0.492,0.0015,1.66
2606.86,-22.870440572821785,-43.29706772608022,2802,1782.56,0.445,0.0017,1.8
2606.86,-22.86206484465799,-43.29854747951345,2670,1782.56,0.457,0.0017,1.7
2606.86,-22.88775419686622,-43.33164779315465,2677,1782.56,0.429,0.0016,1.5
2606.86,-22.878678970104733,-43.2893826947477,2847,1782.56,0.454,0.0016,1.77
2606.86,-22.874805283167667,-43.288730385204914,2632,1782.56,0.403,0.0017,1.7
2606.86,-22.8787470534882,-43.32230690243902,2632,1782.56,0.477,0.0017,1.97
2606.86,-22.884561946601494,-43.27513063556018,2770,1782.56,0.408,0.0018,1.89
2606.9,-22.864911194900778,-43.31963596032144,2858,1782.56,0.467,0.0015,1.77
2606.9,-22.868588548508306,-43.32436794455032,2942,1782.56,0.433,0.0016,1.96
2606.9,-22.86498400160477,-43.28216548273183,2690,1782.56,0.494,0.0015,1.85
2606.9,-22.88520284739984,-43.304851073840815,2531,1782.56,0.489,0.0018,1.81
2606.9,-22.856530040860807,-43.28077437905881,2856,1782.56,0.427,0.0017,1.86
2606.9,-22.8619828521923,-43.32818924833407,2933,1782.56,0.408,0.0017,1.68
2606.93,-22.891604418991513,-43.32057109748399,2893,1782.56,0.453,0.0019,1.61
2606.93,-22.87177941225251,-43.28417908973632,2926,1782.56,0.412,0.0015,1.64
2606.93,-22.868027495114074,-43.27200289825699,2897,1782.56,0.479,0.0017,1.96
2606.93,-22.887985146995945,-43.281412996317925,2751,1782.56,0.41,0.0018,1.84
2606.93,-22.87589257716541,-43.28796019074052,2573,1782.56,0.402,0.0015,1.68
2606.96,-22.895625375970848,-43.3260810347732,2587,1782.56,0.4,0.0015,1.51
2606.96,-22.866695168633957,-43.32761741916098,2687,1782.56,0.455,0.0019,1.92
2606.96,-22.885726073532716,-43.33563371528077,2652,1782.56,0.443,0.0017,1.89
2607.11,-22.88990044773605,-43.27986962630341,2575,1782.56,0.496,0.0018,1.52
2607.11,-22.874749136095733,-43.280831642689,2642,1782.56,0.454,0.0018,1.8
2607.11,-22.86540222513423,-43.27693918854471,2879,1782.56,0.468,0.0016,1.61
2607.11,-22.86221497512879,-43.30516514856493,2852,1782.56,0.478,0.0017,1.87
2607.11,-22.88733155941451,-43.26987308282541,2613,1782.56,0.47,0.0017,1.94
2607.11,-22.87208535551471,-43.292984902810836,2976,1782.56,0.429,0.0015,1.78
2607.11,-22.861135040004815,-43.30712425112237,2882,1782.56,0.41,0.0019,1.61
2607.11,-22.87612144329601,-43.323680871304816,2596,1782.56,0.484,0.0015,1.77
2607.11,-22.88150700142016,-43.27882017150691,2590,1782.56,0.433,0.0017,1.7
2607.11,-22.862182974883037,-43.30926384783481,2854,1782.56,0.433,0.0015,1.85
2607.13,-22.8787675650818,-43.31412382741355,2937,1782.56,0.467,0.0018,1.65
2607.13,-22.887528723398574,-43.297279915342905,2503,1782.56,0.403,0.0015,1.62
2607.13,-22.856268461025326,-43.28601419506252,2658,1782.56,0.48,0.0017,1.98
2607.13,-22.863985115090834,-43.321749567625446,2772,1782.56,0.412,0.0019,1.57
2607.13,-22.867021344732553,-43.307514989302184,2962,1782.56,0.492,0.0015,1.92
2607.13,-22.882295866927176,-43.32450889376895,2689,1782.56,0.476,0.0017,1.71
2607.13,-22.858555044831977,-43.314251573352315,2946,1782.56,0.489,0.0017,1.71
2607.13,-22.880238359783807,-43.31131469976535,2829,1782.56,0.41,0.0018,1.9
2607.13,-22.859308857747987,-43.31502500596901,2500,1782.56,0.468,0.0019,1.54
2607.13,-22.895008198056836,-43.33039785933877,2850,1782.56,0.421,0.0017,1.93
2607.13,-22.876541212193533,-43.32981029734441,2537,1782.56,0.406,0.0019,1.51
2607.13,-22.86149760224237,-43.29288947173588,2895,1782.56,0.435,0.0019,1.64
2607.13,-22.88788703352114,-43.271418990966914,2593,1782.56,0.499,0.0016,1.99
2607.13,-22.847079298568104,-43.29783874614938,2589,1782.56,0.408,0.0016,1.74
2607.13,-22.88294978703814,-43.282994904792325,2778,1782.56,0.467,0.0015,1.84
2607.13,-22.85557329551781,-43.32777610369661,2858,1782.56,0.493,0.0015,1.71
2607.22,-22.895007079686994,-43.32139147487483,2807,1782.56,0.431,0.0016,1.92
2607.22,-22.853413249490533,-43.30317161329989,2765,1782.56,0.408,0.0018,1.56
2607.22,-22.87308331657023,-43.305089464569086,2609,1782.56,0.497,0.0018,1.6
2607.22,-22.884732663468814,-43.31628033887517,2516,1782.56,0.449,0.0019,1.78
2607.22,-22.85320099357766,-43.28998429458865,2517,1782.56,0.451,0.0015,1.98
2607.22,-22.868307585939647,-43.281719632505286,2696,1782.56,0.448,0.0018,1.59
2607.22,-22.85945488457674,-43.326512509270515,2577,1782.56,0.49,0.0019,1.68
2607.22,-22.863144811151294,-43.30122223728789,2685,1782.56,0.401,0.0016,1.66
2607.22,-22.887776573581203,-43.28318743141474,2622,1782.56,0.453,0.0019,1.58
2607.22,-22.870206340591764,-43.278809172268794,2829,1782.56,0.436,0.0016,1.67
2607.22,-22.86144821698873,-43.32954653473449,2608,1782.56,0.493,0.0015,1.59
2607.28,-22.8787470534882,-43.32230690243902,2542,1782.56,0.493,0.0016,1.68
2607.28,-22.870956151955397,-43.31321927936711,2851,1782.56,0.404,0.0015,1.92
2607.28,-22.88867968991285,-43.33214735888769,2739,1782.56,0.419,0.0018,1.78
2607.28,-22.879885961699628,-43.295482481050094,2668,1782.56,0.491,0.0019,1.99
2607.28,-22.85945488457674,-43.326512509270515,2822,1782.56,0.444,0.0016,1.74
2607.28,-22.863391643148574,-43.28982290627995,2859,1782.56,0.443,0.0017,1.83
2607.29,-22.87853141539161,-43.29876377217909,2935,1782.56,0.469,0.0015,1.54
2607.29,-22.894525850349083,-43.281279503578794,2714,1782.56,0.405,0.0015,1.58
2607.29,-22.884561946601494,-43.27513063556018,2579,1782.56,0.437,0.0016,1.99
2607.29,-22.858273209561837,-43.27801793683567,2551,1782.56,0.445,0.0019,1.68
2607.29,-22.881988610968897,-43.3256408177475,2692,1782.56,0.458,0.0015,1.62
2607.29,-22.85490725184812,-43.31305508257125,2616,1782.56,0.428,0.0019,1.78
2607.29,-22.87292101376026,-43.2849722770823,2669,1782.56,0.499,0.0016,1.59
2607.29,-22.861735960842314,-43.294302778628925,2502,1782.56,0.463,0.0015,1.95
2607.29,-22.876346337075056,-43.31832463409336,2790,1782.56,0.424,0.0018,1.7
2607.29,-22.87858325346472,-43.27939380830951,2795,1782.56,0.448,0.0017,1.91
2607.29,-22.879885961699628,-43.295482481050094,2593,1782.56,0.479,0.0015,1.95
2607.29,-22.886016004221272,-43.27209761929771,2684,1782.56,0.417,0.0017,1.56
2607.29,-22.89365822630807,-43.326354297839345,2782,1782.56,0.474,0.0016,1.91
2607.29,-22.89288154320739,-43.286883687835434,2680,1782.56,0.492,0.0016,1.57
2607.29,-22.88307532763262,-43.29773034317116,2978,1782.56,0.476,0.0018,1.61
2607.29,-22.858356114030986,-43.31224354083034,2672,1782.56,0.425,0.0018,1.61
2607.29,-22.881333419710195,-43.321184370785694,2532,1782.56,0.463,0.0018,1.73
2607.29,-22.8710839047058,-43.28359471863838,2885,1782.56,0.413,0.0018,1.67
2607.29,-22.881687513370636,-43.298275699900664,2629,1782.56,0.451,0.0018,1.85
2607.33,-22.886171824278932,-43.29940332776213,2567,1782.56,0.464,0.0016,1.53
2607.33,-22.86961225052659,-43.273621960841055,2647,1782.56,0.468,0.0015,1.57
2607.33,-22.876541212193533,-43.32981029734441,2955,1782.56,0.41,0.0018,1.98
2607.33,-22.86961225052659,-43.273621960841055,2756,1782.56,0.477,0.0016,1.97
2607.33,-22.867917985966464,-43.31159846022739,2545,1782.56,0.445,0.0017,1.8
2607.33,-22.887463762016246,-43.279058954052026,2948,1782.56,0.481,0.0018,1.92
2607.34,-22.894768460259577,-43.325108224624465,2641,1782.56,0.42,0.0019,1.78
2607.34,-22.880238359783807,-43.31131469976535,2948,1782.56,0.476,0.0018,1.88
2607.34,-22.8619828521923,-43.32818924833407,2900,1782.56,0.488,0.0017,1.84
2607.34,-22.866295959582743,-43.270612328064914,2871,1782.56,0.45,0.0015,1.6
2607.34,-22.884709899851885,-43.27213163504,2959,1782.56,0.481,0.0019,1.59
2607.34,-22.863459854588292,-43.30014903832372,2952,1782.56,0.441,0.0016,1.98
2607.34,-22.882630072693864,-43.32196619291377,2601,1782.56,0.416,0.0016,1.85
2607.34,-22.86404647579271,-43.29436203736227,2875,1782.56,0.418,0.0017,1.86
2607.34,-22.85468622919643,-43.31348299559518,2799,1782.56,0.433,0.0017,1.99
2607.34,-22.867021344732553,-43.307514989302184,2802,1782.56,0.498,0.0016,1.51
2607.34,-22.88429130419991,-43.32979618231325,2768,1782.56,0.479,0.0017,1.55
2607.34,-22.8749931650182,-43.30265604007292,2684,1782.56,0.443,0.0016,1.55
2607.39,-22.87223476720097,-43.29336171521947,2794,1782.56,0.496,0.0015,1.61
2607.39,-22.87612594106117,-43.30746147147047,2960,1782.56,0.465,0.0016,1.75
2607.39,-22.85728372610451,-43.31757331912454,2874,1782.56,0.438,0.0015,1.74
2607.39,-22.861214375839822,-43.28923371270044,2531,1782.56,0.45,0.0017,1.8
2607.41,-22.869061768283025,-43.31704078257435,2685,1782.56,0.438,0.0016,1.6
2607.41,-22.8747783615419,-43.27590700942373,2894,1782.56,0.474,0.0017,1.68
2607.41,-22.858671261657715,-43.28552993808476,2805,1782.56,0.416,0.0015,1.93
2607.41,-22.86221497512879,-43.30516514856493,2663,1782.56,0.407,0.0019,1.67
2607.41,-22.861532363431817,-43.29386874824151,2631,1782.56,0.45,0.0019,1.95
2607.41,-22.89798550404551,-43.28389935640311,2794,1782.56,0.444,0.0015,1.66
2607.41,-22.893061988077097,-43.27244154222657,2912,1782.56,0.494,0.0016,1.99
2607.41,-22.865673580592134,-43.29967410467113,2858,1782.56,0.409,0.0016,1.96
2607.41,-22.856479363937087,-43.29586271323093,2583,1782.56,0.472,0.0017,1.71
2607.41,-22.854745499942936,-43.292818165705725,2509,1782.56,0.454,0.0015,1.67
2607.41,-22.878978779701757,-43.32289371663875,2954,1782.56,0.427,0.0017,1.9
2607.46,-22.89021611070215,-43.328895411526545,2971,1782.56,0.47,0.0016,1.54
2607.46,-22.865542753893855,-43.27607840214181,2945,1782.56,0.412,0.0015,1.68
2607.46,-22.875721493584145,-43.284464143249885,2843,1782.56,0.484,0.0017,1.79
2607.46,-22.88309767427097,-43.31674920792804,2912,1782.56,0.433,0.0015,1.85
2607.46,-22.85666281988155,-43.32044612425553,2895,1782.56,0.433,0.0018,1.94
2607.46,-22.88145053345863,-43.31795462036982,2759,1782.56,0.477,0.0016,1.61
2607.46,-22.885226044959932,-43.309720499147424,2668,1782.56,0.412,0.0019,1.94
2607.47,-22.856211768224753,-43.32841840155298,2640,1782.56,0.412,0.0019,1.69
2607.47,-22.869938702555682,-43.33162323026781,2670,1782.56,0.418,0.0018,1.87
2607.47,-22.892388545838266,-43.288957423371535,2766,1782.56,0.431,0.0016,1.83
2607.47,-22.87247266811023,-43.29552183360868,2912,1782.56,0.44,0.0019,1.53
2607.47,-22.875146291117844,-43.307818458397016,2968,1782.56,0.498,0.0018,1.67
2607.47,-22.85080734028682,-43.29206683784505,2594,1782.56,0.484,0.0019,1.67
2607.47,-22.886969983847738,-43.30609520493499,2903,1782.56,0.44,0.0018,1.6
2607.47,-22.861340447661618,-43.31260812808475,2935,1782.56,0.47,0.0019,1.85
2607.48,-22.85209561925868,-43.29621764528502,2941,1782.56,0.494,0.0017,1.59
2607.48,-22.866695168633957,-43.32761741916098,2842,1782.56,0.428,0.0015,1.96
2607.48,-22.884561946601494,-43.27513063556018,2842,1782.56,0.48,0.0018,1.51
2607.48,-22.8747783615419,-43.27590700942373,2715,1782.56,0.439,0.0017,1.73
2607.48,-22.88520284739984,-43.304851073840815,2724,1782.56,0.439,0.0017,1.59
2607.48,-22.87578904193713,-43.27884368851319,2754,1782.56,0.407,0.0018,1.62
2607.54,-22.861735960842314,-43.294302778628925,2593,1782.56,0.477,0.0018,1.58
2607.54,-22.88742514405326,-43.27609989812992,2608,1782.56,0.447,0.0018,1.81
2607.54,-22.867950283006152,-43.28254729962418,2958,1782.56,0.492,0.0017,1.99
2607.54,-22.863395815787765,-43.32537639837979,2727,1782.56,0.42,0.0017,1.83
2607.54,-22.8776379226127,-43.306554287574436,2603,1782.56,0.426,0.0019,1.65
2607.54,-22.856479363937087,-43.29586271323093,2835,1782.56,0.419,0.0015,1.82
2607.54,-22.872639053563336,-43.3191439334825,2975,1782.56,0.424,0.0017,1.65
2607.54,-22.88243702214164,-43.305369543833734,2691,1782.56,0.48,0.0017,1.64
2607.54,-22.88198675812342,-43.27676495959041,2942,1782.56,0.449,0.0017,1.91
2607.56,-22.85936162084503,-43.290536673132685,2976,1782.56,0.482,0.0016,1.53
2607.56,-22.875464277457617,-43.27792316983827,2690,1782.56,0.482,0.0016,1.98
2607.56,-22.850535474768858,-43.307920547579656,2693,1782.56,0.447,0.0018,1.62
2607.56,-22.87247266811023,-43.29552183360868,2954,1782.56,0.453,0.0017,1.95
2607.56,-22.861630139363438,-43.31338349982406,2567,1782.56,0.464,0.0017,1.68
2607.56,-22.847288088171606,-43.295177229050445,2666,1782.56,0.401,0.0018,1.85
2607.56,-22.857942866304892,-43.31413091695249,2650,1782.56,0.408,0.0015,1.57
2607.56,-22.858555044831977,-43.314251573352315,2944,1782.56,0.431,0.0017,1.99
2607.56,-22.887155516722924,-43.305234974339086,2750,1782.56,0.45,0.0017,1.56
2607.56,-22.860481074323943,-43.298868714970894,2508,1782.56,0.423,0.0015,1.86
2607.56,-22.8593406230216,-43.30664764460924,2530,1782.56,0.421,0.0019,1.53
2607.56,-22.861340447661618,-43.31260812808475,2784,1782.56,0.446,0.0016,1.9
2607.56,-22.88864127331701,-43.293615823968004,2805,1782.56,0.458,0.0017,1.55
2607.56,-22.89021611070215,-43.328895411526545,2926,1782.56,0.488,0.0016,1.5
2607.56,-22.88984031167266,-43.28012659791169,2668,1782.56,0.404,0.0017,1.7
2607.56,-22.86961225052659,-43.273621960841055,2514,1782.56,0.465,0.0016,1.79
2607.56,-22.866245903957182,-43.32830163502488,2828,1782.56,0.476,0.0015,1.84
2607.56,-22.863391643148574,-43.28982290627995,2919,1782.56,0.467,0.0015,1.52
2607.56,-22.85490725184812,-43.31305508257125,2953,1782.56,0.423,0.0016,1.65
2607.56,-22.874148355983735,-43.30891140765203,2723,1782.56,0.477,0.0015,1.62
2607.6,-22.897946430730556,-43.28184756803383,2714,1782.56,0.465,0.0019,1.55
2607.6,-22.890137375091086,-43.277664054382306,2501,1782.56,0.465,0.0015,1.84
2607.6,-22.858124790649356,-43.28008126775039,2548,1782.56,0.457,0.0016,1.71
2607.6,-22.86951098217584,-43.273374949206584,2998,1782.56,0.426,0.0016,1.9
2607.6,-22.865542753893855,-43.27607840214181,2656,1782.56,0.429,0.0018,1.62
2607.6,-22.889557906957364,-43.27511534523526,2924,1782.56,0.421,0.0015,1.87
2607.61,-22.88419594579328,-43.28506952767958,2759,1782.56,0.419,0.0017,1.55
2607.61,-22.866754144869372,-43.306332011179705,2936,1782.56,0.453,0.0018,1.65
2607.61,-22.881649035667248,-43.32184270828055,2539,1782.56,0.421,0.0017,1.52
2607.61,-22.885269744638116,-43.31286410873418,2549,1782.56,0.498,0.0019,1.82
2607.61,-22.887790193505836,-43.314164524382306,2842,1782.56,0.4,0.0015,1.5
2607.66,-22.857284868038086,-43.32268854135826,2690,1782.56,0.482,0.0019,1.56
2607.66,-22.86221497512879,-43.30516514856493,2897,1782.56,0.415,0.0019,1.92
2607.66,-22.857526261962377,-43.273044637111475,2631,1782.56,0.402,0.0015,1.67
2607.66,-22.88864127331701,-43.293615823968004,2752,1782.56,0.451,0.0015,1.77
2607.66,-22.88733155941451,-43.26987308282541,2501,1782.56,0.429,0.0015,1.51
2607.66,-22.884561946601494,-43.27513063556018,2611,1782.56,0.443,0.0017,1.82
2607.66,-22.869805953313453,-43.28972292657455,2596,1782.56,0.403,0.0015,1.92
2607.66,-22.887463762016246,-43.279058954052026,2842,1782.56,0.443,0.0017,1.67
2607.66,-22.8787675650818,-43.31412382741355,2563,1782.56,0.42,0.0019,1.53
2607.71,-22.882822150903383,-43.319929977033766,2783,1782.56,0.495,0.0019,1.62
2607.71,-22.874805283167667,-43.288730385204914,2951,1782.56,0.404,0.0015,1.51
2607.71,-22.875231775363595,-43.27410490241185,2513,1782.56,0.444,0.0019,1.81
2607.71,-22.856454885914935,-43.28119881115064,2683,1782.56,0.47,0.0018,1.77
2607.71,-22.8913494561635,-43.2811121526979,2625,1782.56,0.434,0.0018,1.53
2607.71,-22.883374036979877,-43.328317281821505,2880,1782.56,0.404,0.0016,1.52
2607.71,-22.886843205699535,-43.302088601823655,2781,1782.56,0.484,0.0015,1.58
2607.71,-22.874591043797622,-43.3249468165468,2618,1782.56,0.455,0.0019,1.72
2607.71,-22.863117302560145,-43.309960029963165,2819,1782.56,0.458,0.0016,1.62
2607.71,-22.858468814441554,-43.287728665178946,2654,1782.56,0.481,0.0017,1.81
2607.71,-22.861399187668834,-43.2926565648536,2828,1782.56,0.431,0.0015,1.88
2607.71,-22.860857134715587,-43.27805752582416,2549,1782.56,0.441,0.0015,1.66
2607.73,-22.878999813424073,-43.324851492304006,2581,1782.56,0.471,0.0018,1.95
2607.73,-22.856211768224753,-43.32841840155298,2700,1782.56,0.402,0.0019,1.95
2607.73,-22.871285051555724,-43.30257291231742,2940,1782.56,0.424,0.0016,1.7
2607.73,-22.862626385621034,-43.3132932690294,2903,1782.56,0.401,0.0017,1.69
2607.73,-22.88742514405326,-43.27609989812992,2967,1782.56,0.488,0.0017,1.77
2607.73,-22.853413249490533,-43.30317161329989,2506,1782.56,0.458,0.0017,1.74
2607.73,-22.89189318600961,-43.335384174879266,2753,1782.56,0.407,0.0015,1.75
2607.73,-22.868307585939647,-43.281719632505286,2860,1782.56,0.499,0.0018,1.94
2607.73,-22.862128139552905,-43.313939096711664,2566,1782.56,0.46,0.0016,1.99
2607.74,-22.890074402587583,-43.28066188235112,2561,1782.56,0.484,0.0019,1.97
2607.74,-22.8579311397991,-43.32575380126112,2821,1782.56,0.441,0.0016,1.99
2607.74,-22.862856612777097,-43.32606449715569,2766,1782.56,0.423,0.0017,1.85
2607.74,-22.865391656096406,-43.29681388799275,2523,1782.56,0.417,0.0017,1.55
2607.74,-22.87859339716551,-43.286876010892534,2983,1782.56,0.453,0.0017,1.89
2607.74,-22.858077548881493,-43.2752935821443,2779,1782.56,0.466,0.0017,1.68
2607.74,-22.87292101376026,-43.2849722770823,2825,1782.56,0.493,0.0019,1.96
2607.74,-22.886969983847738,-43.30609520493499,2848,1782.56,0.446,0.0016,1.71
2607.74,-22.874743318166633,-43.31929686313053,2925,1782.56,0.426,0.0018,1.96
2607.77,-22.872590007618545,-43.27535563991996,2934,1782.56,0.446,0.0017,1.86
2607.77,-22.884318598970744,-43.32780626507122,2554,1782.56,0.438,0.0015,1.91
2607.77,-22.84903284183012,-43.300378668090225,2734,1782.56,0.453,0.0015,1.61
2607.77,-22.85080734028682,-43.29206683784505,2726,1782.56,0.41,0.0018,1.72
2607.77,-22.868027495114074,-43.27200289825699,2514,1782.56,0.436,0.0015,1.85
2607.77,-22.86949389367307,-43.289631791960566,2578,1782.56,0.431,0.0017,1.95
2607.77,-22.88809210983536,-43.286663944830735,2864,1782.56,0.484,0.0017,1.92
2607.77,-22.894539834845414,-43.31941796101164,2966,1782.56,0.471,0.0018,1.76
2607.77,-22.863011240699805,-43.27912413886022,2824,1782.56,0.405,0.0019,1.85
2607.77,-22.864359769594856,-43.33436283749005,2725,1782.56,0.494,0.0015,1.73
2607.77,-22.888648404701044,-43.2887463267185,2817,1782.56,0.405,0.0017,1.73
2607.77,-22.862695092709878,-43.31100679155802,2837,1782.56,0.405,0.0018,1.55
2607.77,-22.88291784427213,-43.279430490656594,2928,1782.56,0.47,0.0018,1.64
2607.77,-22.869061768283025,-43.31704078257435,2542,1782.56,0.455,0.0019,1.83
2607.77,-22.88503249841015,-43.324318816889715,2615,1782.56,0.434,0.0017,1.83
2607.77,-22.861214375839822,-43.28923371270044,2600,1782.56,0.429,0.0016,1.92
2607.79,-22.88322984648596,-43.28421464468421,2802,1782.56,0.459,0.0016,1.84
2607.79,-22.89796189835094,-43.329479329006716,2705,1782.56,0.461,0.0018,1.51
2607.79,-22.87853141539161,-43.29876377217909,2706,1782.56,0.474,0.0016,1.71
2607.79,-22.859308857747987,-43.31502500596901,2698,1782.56,0.465,0.0018,1.89
2607.79,-22.89496887400113,-43.315918410614934,2796,1782.56,0.439,0.0018,1.96
2607.79,-22.874150589674542,-43.311562199564975,2866,1782.56,0.466,0.0017,1.57
2607.79,-22.874655271160172,-43.31538291312141,2909,1782.56,0.455,0.0019,1.72
2607.79,-22.88984031167266,-43.28012659791169,2588,1782.56,0.436,0.0018,1.83
2607.83,-22.861349365426673,-43.305214149060646,2518,1782.56,0.438,0.0017,1.62
2607.83,-22.866695168633957,-43.32761741916098,2664,1782.56,0.403,0.0016,1.71
2607.83,-22.875085854289406,-43.31276047115411,2694,1782.56,0.475,0.0016,1.8
2607.83,-22.869938702555682,-43.33162323026781,2872,1782.56,0.47,0.0019,1.95
2607.83,-22.85691383798527,-43.32369838040761,2957,1782.56,0.48,0.0016,1.58
2607.83,-22.88717693601249,-43.303481566569786,2885,1782.56,0.439,0.0018,1.89
2607.83,-22.871719493758746,-43.27828847121003,2777,1782.56,0.43,0.0018,1.75
2607.83,-22.8889743107615,-43.28629036608258,2916,1782.56,0.477,0.0016,1.81
2607.83,-22.862053710723547,-43.292986026270945,2642,1782.56,0.466,0.0017,1.63
2607.83,-22.866770325140486,-43.278420343142365,2620,1782.56,0.4,0.0015,1.52
2607.83,-22.846127183459664,-43.309759813707345,2971,1782.56,0.477,0.0016,1.87
2607.83,-22.88291784427213,-43.279430490656594,2732,1782.56,0.48,0.0015,1.54
2607.83,-22.869938702555682,-43.33162323026781,2865,1782.56,0.49,0.0018,1.58
2607.83,-22.854745499942936,-43.292818165705725,2589,1782.56,0.483,0.0019,1.57
2607.85,-22.85023684649563,-43.298567292399085,2761,1782.56,0.493,0.0019,1.59
2607.85,-22.88775419686622,-43.33164779315465,2670,1782.56,0.455,0.0015,1.56
2607.85,-22.8710839047058,-43.28359471863838,2840,1782.56,0.459,0.0016,1.56
2607.85,-22.881824405437325,-43.276966894965064,2824,1782.56,0.411,0.0016,1.59
2607.85,-22.89214807653393,-43.32199924007791,2530,1782.56,0.486,0.0016,1.93
2607.87,-22.848986959017367,-43.30908106870625,2783,1782.56,0.492,0.0016,1.5
2607.87,-22.89452471477547,-43.29205209489,2973,1782.56,0.45,0.0019,1.55
2607.87,-22.87618256645411,-43.30423725012878,2685,1782.56,0.494,0.0018,1.77
2607.87,-22.88809210983536,-43.286663944830735,2901,1782.56,0.467,0.0015,1.87
2607.87,-22.86493449045638,-43.28912110732493,2588,1782.56,0.452,0.0015,1.97
2607.87,-22.859443527293752,-43.313754846042464,2548,1782.56,0.485,0.0015,1.85
2607.87,-22.867230008683155,-43.2898652432337,2929,1782.56,0.421,0.0019,1.9
2607.87,-22.85080734028682,-43.29206683784505,2553,1782.56,0.451,0.0015,1.78
2607.87,-22.873148189917117,-43.31526484181589,2933,1782.56,0.48,0.0016,1.5
2607.9,-22.88243702214164,-43.305369543833734,2850,1782.56,0.48,0.0019,1.97
2607.9,-22.861399187668834,-43.2926565648536,2798,1782.56,0.411,0.0017,1.99
2607.9,-22.861399187668834,-43.2926565648536,2757,1782.56,0.422,0.0019,1.6
2607.9,-22.888404163074107,-43.3373153549039,2573,1782.56,0.492,0.0018,1.65
2607.9,-22.865538431199276,-43.291757177954814,2995,1782.56,0.449,0.0019,1.69
2607.9,-22.895007079686994,-43.32139147487483,2800,1782.56,0.4,0.0016,1.93
2607.9,-22.878999813424073,-43.324851492304006,2696,1782.56,0.419,0.0015,1.76
2607.9,-22.88307532763262,-43.29773034317116,2651,1782.56,0.428,0.0016,1.92
2607.9,-22.875085854289406,-43.31276047115411,2621,1782.56,0.469,0.0019,1.88
2607.9,-22.852598472381597,-43.30165751803103,2556,1782.56,0.405,0.0016,1.99
2607.9,-22.88427167832591,-43.32092673906297,2794,1782.56,0.499,0.0016,1.87
2607.9,-22.863459854588292,-43.30014903832372,2849,1782.56,0.422,0.0019,1.71
2607.91,-22.863391643148574,-43.28982290627995,2946,1782.56,0.446,0.0016,1.82
2607.91,-22.874805283167667,-43.288730385204914,2647,1782.56,0.404,0.0019,1.57
2607.91,-22.877044057031124,-43.32585217379867,2839,1782.56,0.47,0.0017,1.7
2607.91,-22.874805283167667,-43.288730385204914,2874,1782.56,0.444,0.0015,1.68
2607.91,-22.88735265443355,-43.27389247149932,2568,1782.56,0.451,0.0016,1.67
2607.91,-22.89866055925909,-43.326964581551024,2743,1782.56,0.407,0.0016,1.56
2607.91,-22.867917985966464,-43.31159846022739,2783,1782.56,0.444,0.0017,1.88
2607.91,-22.89116912448737,-43.26883851674487,2567,1782.56,0.406,0.0016,1.65
2607.91,-22.868307585939647,-43.281719632505286,2549,1782.56,0.489,0.0019,1.76
2607.91,-22.89798550404551,-43.28389935640311,2777,1782.56,0.453,0.0016,1.61
2607.91,-22.882743437189614,-43.29366959255035,2843,1782.56,0.471,0.0017,1.75
2607.91,-22.8669795169636,-43.312729395744626,2916,1782.56,0.473,0.0019,1.61
2607.91,-22.89200693751013,-43.278113608716396,2609,1782.56,0.447,0.0015,1.51
2607.91,-22.8776379226127,-43.306554287574436,2522,1782.56,0.425,0.0016,1.96
2607.99,-22.858215943544252,-43.30285628166705,2637,1782.56,0.452,0.0015,1.85
2607.99,-22.882630072693864,-43.32196619291377,2926,1782.56,0.487,0.0018,1.78
2607.99,-22.88198675812342,-43.27676495959041,2845,1782.56,0.476,0.0019,1.58
2607.99,-22.861135040004815,-43.30712425112237,2946,1782.56,0.443,0.0018,1.92
2607.99,-22.888149570635296,-43.2739540544441,2540,1782.56,0.413,0.0018,1.65
2607.99,-22.889737591711263,-43.27804566482924,2504,1782.56,0.421,0.0018,1.83
2607.99,-22.8669795169636,-43.312729395744626,2819,1782.56,0.45,0.0019,1.62
2607.99,-22.86639865047928,-43.278186064407635,2579,1782.56,0.406,0.0019,1.86
2607.99,-22.861012965171714,-43.27194657048819,2712,1782.56,0.493,0.0015,1.61
2608.03,-22.8593406230216,-43.30664764460924,2841,1782.56,0.403,0.0016,1.84
2608.03,-22.870092504796666,-43.29135775802206,2948,1782.56,0.437,0.0016,1.89
2608.03,-22.86381140933035,-43.329936562683585,2718,1782.56,0.477,0.0019,1.8
2608.03,-22.857292338452964,-43.328270454943,2980,1782.56,0.492,0.0017,1.5
2608.03,-22.878938327788468,-43.3265110096202,2595,1782.56,0.484,0.0015,1.99
2608.03,-22.886171824278932,-43.29940332776213,2900,1782.56,0.427,0.0019,1.84
2608.04,-22.86222509286777,-43.2869492477504,2870,1782.56,0.448,0.0017,1.56
2608.04,-22.87380820665509,-43.3308834489832,2850,1782.56,0.444,0.0017,1.91
2608.04,-22.881056312473603,-43.311058769951785,2667,1782.56,0.499,0.0019,1.75
2608.04,-22.864647269482234,-43.3136351748248,2694,1782.56,0.418,0.0016,1.85
2608.04,-22.889129492842276,-43.31751945952847,2979,1782.56,0.456,0.0017,1.74
2608.04,-22.871406185960076,-43.30176403728605,2562,1782.56,0.478,0.0017,1.52
2608.04,-22.874658912291945,-43.31015627454578,2806,1782.56,0.467,0.0019,1.86
2608.04,-22.85832227579783,-43.307138207596104,2883,1782.56,0.499,0.0018,1.6
2608.09,-22.86788511315902,-43.26719534948081,2510,1782.56,0.474,0.0015,1.87
2608.09,-22.87589257716541,-43.28796019074052,2811,1782.56,0.402,0.0018,1.76
2608.09,-22.85815950122837,-43.305398189772106,2542,1782.56,0.421,0.0015,1.85
2608.09,-22.8669795169636,-43.312729395744626,2941,1782.56,0.464,0.0016,1.82
2608.09,-22.86367394666999,-43.297294159494605,2697,1782.56,0.407,0.0017,1.72
2608.17,-22.886789936011343,-43.31585082403175,2540,1782.56,0.456,0.0018,1.72
2608.17,-22.86149760224237,-43.29288947173588,2628,1782.56,0.472,0.0017,1.69
2608.17,-22.885824772689762,-43.295605298502416,2773,1782.56,0.434,0.0015,1.91
2608.17,-22.88322984648596,-43.28421464468421,2812,1782.56,0.482,0.0015,1.73
2608.17,-22.882162080687223,-43.31894566364465,2684,1782.56,0.454,0.0018,1.9
2608.17,-22.89798550404551,-43.28389935640311,2900,1782.56,0.449,0.0016,1.56
2608.17,-22.867021344732553,-43.307514989302184,2836,1782.56,0.411,0.0019,1.93
2608.17,-22.86782989029103,-43.276843052385786,2551,1782.56,0.471,0.0016,1.65
2608.17,-22.88958552272534,-43.315395404695344,2745,1782.56,0.425,0.0018,1.5
2608.17,-22.853413249490533,-43.30317161329989,2623,1782.56,0.455,0.0018,1.86
2608.17,-22.874749136095733,-43.280831642689,2506,1782.56,0.491,0.0015,1.87
2608.21,-22.885118611594255,-43.3058813521704,2761,1782.56,0.475,0.0019,1.78
2608.21,-22.866156674570156,-43.270982692369834,2656,1782.56,0.495,0.0016,1.62
2608.21,-22.874302246649084,-43.30702553844383,2663,1782.56,0.483,0.0016,1.55
2608.21,-22.871774502158384,-43.27347256112669,2684,1782.56,0.453,0.0015,1.9
2608.21,-22.883609697486193,-43.321985320706766,2939,1782.56,0.414,0.0018,1.94
2608.21,-22.881988610968897,-43.3256408177475,2758,1782.56,0.412,0.0019,1.67
2608.21,-22.882986765816558,-43.32365032257002,2609,1782.56,0.405,0.0018,1.73
2608.21,-22.858356114030986,-43.31224354083034,2532,1782.56,0.438,0.0015,1.8
2608.21,-22.86951098217584,-43.273374949206584,2780,1782.56,0.481,0.0016,1.66
2608.21,-22.859712993290554,-43.28772006955427,2957,1782.56,0.46,0.0017,1.68
2608.24,-22.861256893082682,-43.32794826319142,2595,1782.56,0.425,0.0016,1.59
2608.24,-22.85256517288689,-43.30131585570806,2829,1782.56,0.489,0.0015,1.9
2608.24,-22.886989975572032,-43.32263336577382,2832,1782.56,0.462,0.0015,1.87
2608.24,-22.869955584691237,-43.32150101062384,2967,1782.56,0.45,0.0015,1.67
2608.24,-22.868942374687943,-43.27206471105248,2795,1782.56,0.497,0.0015,1.87
2608.24,-22.867917985966464,-43.31159846022739,2919,1782.56,0.468,0.0015,1.72
2608.25,-22.863143577419685,-43.30771135724236,2537,1782.56,0.412,0.0016,1.92
2608.25,-22.86788511315902,-43.26719534948081,2585,1782.56,0.453,0.0015,1.8
2608.25,-22.852221122571265,-43.302809078039104,2971,1782.56,0.449,0.0016,1.98
2608.25,-22.866156674570156,-43.270982692369834,2997,1782.56,0.457,0.0018,1.85
2608.25,-22.8710839047058,-43.28359471863838,2622,1782.56,0.428,0.0017,1.66
2608.25,-22.875121999585705,-43.302579846612964,2960,1782.56,0.494,0.0015,1.56
2608.26,-22.875639528876057,-43.278947681895616,2837,1782.56,0.447,0.0016,1.61
2608.26,-22.881824405437325,-43.276966894965064,2646,1782.56,0.482,0.0019,1.59
2608.26,-22.877443928915834,-43.27869169898269,2695,1782.56,0.447,0.0016,1.73
2608.26,-22.859001569774904,-43.29193429934413,2779,1782.56,0.454,0.0017,1.99
2608.26,-22.87247873307881,-43.277549008332294,2787,1782.56,0.446,0.0017,1.8
2608.26,-22.87263357888963,-43.312198126796915,2798,1782.56,0.411,0.0015,1.97
2608.26,-22.850535474768858,-43.307920547579656,2994,1782.56,0.408,0.0017,1.84
2608.26,-22.862053710723547,-43.292986026270945,2876,1782.56,0.433,0.0016,1.97
2608.26,-22.887155516722924,-43.305234974339086,2966,1782.56,0.422,0.0017,1.83
2608.27,-22.876824543770894,-43.27666172746651,2609,1782.56,0.418,0.0019,1.72
2608.27,-22.866295959582743,-43.270612328064914,2803,1782.56,0.445,0.0018,1.62
2608.27,-22.879885961699628,-43.295482481050094,2927,1782.56,0.417,0.0016,1.95
2608.27,-22.875639528876057,-43.278947681895616,2743,1782.56,0.43,0.0019,1.79
2608.27,-22.869616302038466,-43.296865451879185,2765,1782.56,0.494,0.0018,1.56
2608.27,-22.882354539195187,-43.334620799942,2774,1782.56,0.478,0.0016,1.88
2608.27,-22.871397972907403,-43.28322139568482,2907,1782.56,0.494,0.0015,1.75
2608.3,-22.88733155941451,-43.26987308282541,2818,1782.56,0.409,0.0017,1.95
2608.3,-22.875121999585705,-43.302579846612964,2713,1782.56,0.4,0.0019,1.78
2608.3,-22.87174129713043,-43.27980852989895,2861,1782.56,0.454,0.0016,1.55
2608.3,-22.860754225324428,-43.280699409222365,2657,1782.56,0.473,0.0019,1.9
2608.3,-22.869733404200566,-43.281761550640105,2748,1782.56,0.408,0.0015,1.92
2608.3,-22.877188204111565,-43.31684001468224,2916,1782.56,0.418,0.0019,1.89
2608.3,-22.868588548508306,-43.32436794455032,2923,1782.56,0.409,0.0017,1.7
2608.3,-22.87174129713043,-43.27980852989895,2887,1782.56,0.489,0.0018,1.55
2608.33,-22.875881152367807,-43.27437786519449,2513,1782.56,0.417,0.0018,1.84
2608.33,-22.8580219822232,-43.32874338434754,2804,1782.56,0.487,0.0018,1.84
2608.33,-22.85629180486859,-43.3176659458171,2654,1782.56,0.482,0.0019,1.57
2608.33,-22.89213563769979,-43.31453725797905,2902,1782.56,0.494,0.0017,1.51
2608.33,-22.877127088132532,-43.313636642888476,2806,1782.56,0.415,0.0015,1.8
2608.33,-22.892895319049963,-43.316131804558516,2961,1782.56,0.443,0.0018,1.98
2608.33,-22.85832227579783,-43.307138207596104,2584,1782.56,0.445,0.0015,1.64
2608.33,-22.858037683480056,-43.30275192403924,2930,1782.56,0.412,0.0017,1.54
2608.33,-22.884036487264332,-43.31166450783011,2979,1782.56,0.451,0.0016,1.74
2608.33,-22.878938327788468,-43.3265110096202,2587,1782.56,0.414,0.0015,1.5
2608.33,-22.883574977580775,-43.33156741874061,2979,1782.56,0.428,0.0018,1.86
2608.33,-22.861630139363438,-43.31338349982406,2985,1782.56,0.475,0.0015,1.98
2608.33,-22.85821759881364,-43.27393164834267,2691,1782.56,0.446,0.0017,1.79
2608.33,-22.869733404200566,-43.281761550640105,2759,1782.56,0.456,0.0019,1.96
2608.33,-22.861116383190375,-43.306281424567054,2639,1782.56,0.483,0.0015,1.64
2608.33,-22.887985146995945,-43.281412996317925,2930,1782.56,0.488,0.0015,1.5
2608.33,-22.865237651956964,-43.335306588392484,2964,1782.56,0.476,0.0015,1.76
2608.33,-22.8750334597687,-43.29253179376653,2539,1782.56,0.48,0.0019,1.61
2608.33,-22.887155516722924,-43.305234974339086,2532,1782.56,0.469,0.0017,1.95
2608.38,-22.867021344732553,-43.307514989302184,2591,1782.56,0.474,0.0018,1.52
2608.38,-22.858555044831977,-43.314251573352315,2997,1782.56,0.489,0.0015,1.75
2608.38,-22.872590007618545,-43.27535563991996,2990,1782.56,0.45,0.0018,1.83
2608.38,-22.883609697486193,-43.321985320706766,2690,1782.56,0.49,0.0017,1.55
2608.38,-22.887985146995945,-43.281412996317925,2839,1782.56,0.45,0.0019,1.72
2608.38,-22.849064033953866,-43.30009229678292,2942,1782.56,0.459,0.0015,1.81
2608.38,-22.891804245638014,-43.32012754327931,2603,1782.56,0.463,0.0016,1.76
2608.39,-22.845181025238592,-43.30895042890004,2540,1782.56,0.495,0.0017,1.83
2608.39,-22.87208535551471,-43.292984902810836,2697,1782.56,0.428,0.0016,1.8
2608.39,-22.865237651956964,-43.335306588392484,2638,1782.56,0.477,0.0019,1.69
2608.39,-22.887942772304914,-43.335016025586654,2913,1782.56,0.488,0.0016,1.71
2608.39,-22.867920753613166,-43.32942070047525,2527,1782.56,0.433,0.0016,1.67
2608.39,-22.875085854289406,-43.31276047115411,2620,1782.56,0.425,0.0019,1.76
2608.39,-22.866245903957182,-43.32830163502488,2550,1782.56,0.467,0.0018,1.53
2608.4,-22.852551776113255,-43.311440720736606,2947,1782.56,0.454,0.0015,1.93
2608.4,-22.858273209561837,-43.27801793683567,2514,1782.56,0.444,0.0017,1.98
2608.4,-22.88294978703814,-43.282994904792325,2718,1782.56,0.493,0.0016,1.65
2608.4,-22.86206484465799,-43.29854747951345,2793,1782.56,0.474,0.0019,1.74
2608.48,-22.863395815787765,-43.32537639837979,2860,1782.56,0.463,0.0017,1.5
2608.48,-22.86741089713757,-43.31583023259235,2524,1782.56,0.452,0.0016,1.89
2608.48,-22.86951098217584,-43.273374949206584,2902,1782.56,0.447,0.0019,1.5
2608.48,-22.848986959017367,-43.30908106870625,2864,1782.56,0.428,0.0015,1.9
2608.48,-22.863459854588292,-43.30014903832372,2523,1782.56,0.458,0.0017,1.96
2608.48,-22.89021611070215,-43.328895411526545,2520,1782.56,0.462,0.0017,1.64
2608.48,-22.872028940590603,-43.32433855365501,2654,1782.56,0.431,0.0016,1.73
2608.48,-22.853413249490533,-43.30317161329989,2913,1782.56,0.437,0.0016,1.82
2608.48,-22.864249254248662,-43.32248206560194,2665,1782.56,0.462,0.0016,1.55
2608.49,-22.88735265443355,-43.27389247149932,2554,1782.56,0.456,0.0016,1.74
2608.49,-22.882295866927176,-43.32450889376895,2932,1782.56,0.41,0.0015,1.78
2608.49,-22.848986959017367,-43.30908106870625,2878,1782.56,0.451,0.0017,1.52
2608.49,-22.86788511315902,-43.26719534948081,2775,1782.56,0.406,0.0018,1.62
2608.49,-22.86143205741137,-43.3229601040728,2559,1782.56,0.403,0.0019,1.75
2608.49,-22.874937783792504,-43.31494440611707,2800,1782.56,0.474,0.0016,1.94
2608.49,-22.87177941225251,-43.28417908973632,2724,1782.56,0.475,0.0018,1.97
2608.49,-22.8593406230216,-43.30664764460924,2778,1782.56,0.415,0.0015,1.6
2608.49,-22.879916050347088,-43.27329730057226,2764,1782.56,0.457,0.0018,1.74
2608.49,-22.876915571808613,-43.29389117666397,2740,1782.56,0.49,0.0019,1.74
2608.49,-22.858215943544252,-43.30285628166705,2644,1782.56,0.408,0.0015,1.59
2608.49,-22.89350124787708,-43.33173002529052,2793,1782.56,0.456,0.0017,1.66
2608.5,-22.85557329551781,-43.32777610369661,2825,1782.56,0.435,0.0017,1.68
2608.5,-22.88520284739984,-43.304851073840815,2992,1782.56,0.439,0.0019,1.61
2608.5,-22.867759761143397,-43.273330121262525,2810,1782.56,0.452,0.0019,1.55
2608.5,-22.86205585541741,-43.28820058141566,2547,1782.56,0.41,0.0018,1.75
2608.54,-22.861532363431817,-43.29386874824151,2872,1782.56,0.489,0.0015,1.57
2608.54,-22.881988610968897,-43.3256408177475,2545,1782.56,0.455,0.0016,1.99
2608.54,-22.886969983847738,-43.30609520493499,2566,1782.56,0.421,0.0018,1.68
2608.54,-22.858215943544252,-43.30285628166705,2741,1782.56,0.42,0.0015,1.56
2608.54,-22.856733691680848,-43.31181063497515,2890,1782.56,0.462,0.0016,1.76
2608.54,-22.882159172943954,-43.32345251271192,2577,1782.56,0.485,0.0015,1.77
2608.54,-22.868163405105054,-43.311604199720115,2851,1782.56,0.464,0.0019,1.87
2608.56,-22.887948219818295,-43.291290460786755,2580,1782.56,0.403,0.0019,1.92
2608.56,-22.88958552272534,-43.315395404695344,2521,1782.56,0.495,0.0015,1.68
2608.56,-22.870956151955397,-43.31321927936711,2556,1782.56,0.487,0.0017,1.58
2608.56,-22.860481074323943,-43.298868714970894,2913,1782.56,0.446,0.0018,1.73
2608.56,-22.86143205741137,-43.3229601040728,2770,1782.56,0.433,0.0015,1.97
2608.56,-22.88717693601249,-43.303481566569786,2860,1782.56,0.414,0.0017,1.95
2608.56,-22.864359769594856,-43.33436283749005,2579,1782.56,0.418,0.0018,1.5
2608.56,-22.889737591711263,-43.27804566482924,2519,1782.56,0.429,0.0017,1.51
2608.56,-22.894768460259577,-43.325108224624465,2989,1782.56,0.489,0.0015,1.7
2608.56,-22.848466036185997,-43.30108889404392,2673,1782.56,0.479,0.0019,1.55
2608.56,-22.88523434193414,-43.29969354906425,2528,1782.56,0.463,0.0017,1.71
2608.56,-22.88150700142016,-43.27882017150691,2840,1782.56,0.448,0.0015,1.95
2608.56,-22.875515460916926,-43.31069020128653,2819,1782.56,0.424,0.0016,1.82
2608.56,-22.889557906957364,-43.27511534523526,2914,1782.56,0.481,0.0019,1.79
2608.56,-22.865266583287077,-43.32937373118127,2606,1782.56,0.425,0.0016,1.91
2608.56,-22.871185631521833,-43.334161501074995,2536,1782.56,0.424,0.0015,1.68
2608.68,-22.861214375839822,-43.28923371270044,2746,1782.56,0.483,0.0017,1.85
2608.68,-22.861214375839822,-43.28923371270044,2937,1782.56,0.435,0.0017,1.69
2608.68,-22.87817590036917,-43.32492949267456,2972,1782.56,0.412,0.0015,1.77
2608.68,-22.890074402587583,-43.28066188235112,2877,1782.56,0.449,0.0016,1.84
2608.68,-22.883609697486193,-43.321985320706766,2981,1782.56,0.464,0.0015,1.58
2608.68,-22.854665711887623,-43.302775734018006,2949,1782.56,0.461,0.0016,1.98
2608.75,-22.8747783615419,-43.27590700942373,2959,1782.56,0.459,0.0015,1.57
2608.75,-22.87486612122775,-43.279707456444505,2750,1782.56,0.438,0.0017,1.82
2608.75,-22.88078056851191,-43.322729273656115,2647,1782.56,0.442,0.0017,1.75
2608.75,-22.86283564347404,-43.29347467771211,2512,1782.56,0.428,0.0017,1.89
2608.75,-22.85752838383372,-43.320576888305446,2591,1782.56,0.462,0.0017,1.61
2608.75,-22.881056312473603,-43.311058769951785,2939,1782.56,0.461,0.0019,1.98
2608.75,-22.865638580774625,-43.29937150465544,2775,1782.56,0.482,0.0019,1.59
2608.76,-22.89288154320739,-43.286883687835434,2977,1782.56,0.464,0.0018,1.52
2608.76,-22.880238359783807,-43.31131469976535,2935,1782.56,0.486,0.0016,1.58
2608.76,-22.874655271160172,-43.31538291312141,2723,1782.56,0.449,0.0015,1.79
2608.76,-22.858671261657715,-43.28552993808476,2952,1782.56,0.417,0.0016,1.78
2608.76,-22.89107709067145,-43.2828255366687,2738,1782.56,0.41,0.0019,1.6
2608.76,-22.883030548301637,-43.3356782256163,2673,1782.56,0.498,0.0015,1.79
2608.76,-22.874712394502676,-43.28282881436501,2926,1782.56,0.491,0.0017,1.51
2608.76,-22.875639528876057,-43.278947681895616,2806,1782.56,0.464,0.0015,1.88
2608.76,-22.88347249931642,-43.30216835806813,2718,1782.56,0.484,0.0019,1.81
2608.76,-22.87070395523622,-43.28421036286542,2597,1782.56,0.406,0.0015,1.71
2608.76,-22.874522011482487,-43.28315346692239,2546,1782.56,0.498,0.0018,1.74
2608.76,-22.86957388783563,-43.31016904625865,2849,1782.56,0.452,0.0015,1.5
2608.76,-22.897828521923,-43.32076240791066,2819,1782.56,0.482,0.0015,1.53
2608.76,-22.871774502158384,-43.27347256112669,2782,1782.56,0.463,0.0019,1.71
2608.76,-22.859824926994264,-43.333258221906284,2524,1782.56,0.482,0.0015,1.51
2608.76,-22.886732583417785,-43.33823308647097,2729,1782.56,0.412,0.0016,1.75
2608.76,-22.881687513370636,-43.298275699900664,2984,1782.56,0.404,0.0015,1.52
2608.78,-22.85203244933537,-43.292673874031166,2799,1782.56,0.452,0.0018,1.99
2608.78,-22.861140585512423,-43.28010575292516,2743,1782.56,0.419,0.0018,1.8
2608.78,-22.877188204111565,-43.31684001468224,2909,1782.56,0.491,0.0019,1.82
2608.78,-22.871213697020938,-43.306677884270364,2833,1782.56,0.437,0.0019,1.81
2608.78,-22.869042075539408,-43.33246869842768,2798,1782.56,0.449,0.0019,1.72
2608.78,-22.857290769753895,-43.328348659412804,2934,1782.56,0.49,0.0016,1.84
2608.78,-22.87859339716551,-43.286876010892534,2696,1782.56,0.499,0.0018,1.67
2608.78,-22.88322984648596,-43.28421464468421,2721,1782.56,0.498,0.0018,1.85
2608.78,-22.862757124028064,-43.283703794161326,2807,1782.56,0.478,0.0018,1.69
2608.78,-22.88291784427213,-43.279430490656594,2547,1782.56,0.439,0.0015,1.66
2608.8,-22.877188204111565,-43.31684001468224,2690,1782.56,0.438,0.0016,1.75
2608.8,-22.896364735439438,-43.32828877844426,2616,1782.56,0.407,0.0016,1.81
2608.8,-22.88419594579328,-43.28506952767958,2737,1782.56,0.416,0.0015,1.51
2608.8,-22.870206340591764,-43.278809172268794,2636,1782.56,0.413,0.0015,1.58
2608.8,-22.87612144329601,-43.323680871304816,2582,1782.56,0.407,0.0015,1.89
2608.8,-22.860754225324428,-43.280699409222365,2680,1782.56,0.48,0.0018,1.73
2608.82,-22.876600058653487,-43.294176986899174,2700,1782.56,0.461,0.0018,1.5
2608.82,-22.865237651956964,-43.335306588392484,2564,1782.56,0.442,0.0019,1.87
2608.82,-22.895007079686994,-43.32139147487483,2532,1782.56,0.43,0.0017,1.89
2608.82,-22.88589617068067,-43.28669426317693,2881,1782.56,0.465,0.0016,1.63
2608.82,-22.8889743107615,-43.28629036608258,2680,1782.56,0.496,0.0016,1.58
2608.82,-22.871719493758746,-43.27828847121003,2754,1782.56,0.478,0.0017,1.82
2608.82,-22.869733404200566,-43.281761550640105,2912,1782.56,0.403,0.0019,1.55
2608.82,-22.881468185623927,-43.294994976890806,2923,1782.56,0.493,0.0016,1.84
2608.82,-22.874492997743786,-43.312444693851766,2702,1782.56,0.464,0.0018,1.84
2608.82,-22.87027709556658,-43.32066505001392,2935,1782.56,0.416,0.0016,1.93
2608.82,-22.858356114030986,-43.31224354083034,2587,1782.56,0.467,0.0018,1.73
2608.82,-22.882159172943954,-43.32345251271192,2683,1782.56,0.469,0.0019,1.81
2608.82,-22.885226044959932,-43.309720499147424,2518,1782.56,0.408,0.0017,1.7
2608.82,-22.876600058653487,-43.294176986899174,2669,1782.56,0.418,0.0015,1.74
2608.82,-22.865638580774625,-43.29937150465544,2858,1782.56,0.415,0.0015,1.69
2608.82,-22.865542753893855,-43.27607840214181,2819,1782.56,0.408,0.0015,1.69
2608.82,-22.893061988077097,-43.27244154222657,2826,1782.56,0.42,0.0016,1.91
2608.86,-22.866770325140486,-43.278420343142365,2631,1782.56,0.412,0.0016,1.64
2608.86,-22.87857289987672,-43.29592354266078,2908,1782.56,0.493,0.0019,1.62
2608.86,-22.861735960842314,-43.294302778628925,2649,1782.56,0.483,0.0018,1.51
2608.86,-22.876600058653487,-43.294176986899174,2785,1782.56,0.423,0.0016,1.85
2608.86,-22.868610664476332,-43.29489435252647,2902,1782.56,0.411,0.0019,1.69
2608.86,-22.850737790702134,-43.31314228510718,2882,1782.56,0.47,0.0019,1.64
2608.89,-22.874254158307874,-43.272818042354956,2976,1782.56,0.432,0.0019,1.54
2608.89,-22.872639053563336,-43.3191439334825,2613,1782.56,0.405,0.0016,1.75
2608.89,-22.877044057031124,-43.32585217379867,2820,1782.56,0.415,0.0018,1.98
2608.89,-22.871406185960076,-43.30176403728605,2920,1782.56,0.4,0.0018,1.69
2608.89,-22.87308331657023,-43.305089464569086,2833,1782.56,0.435,0.0017,1.76
2608.89,-22.89349781095011,-43.27513011000819,2662,1782.56,0.413,0.0017,1.87
2608.89,-22.85691383798527,-43.32369838040761,2561,1782.56,0.472,0.0017,1.57
2608.89,-22.86951098217584,-43.273374949206584,2636,1782.56,0.44,0.0016,1.64
2608.95,-22.877127088132532,-43.313636642888476,2774,1782.56,0.434,0.0017,1.74
2608.95,-22.894768460259577,-43.325108224624465,2874,1782.56,0.482,0.0017,1.5
2608.95,-22.858273209561837,-43.27801793683567,2958,1782.56,0.447,0.0016,1.94
2608.95,-22.88656171280685,-43.27530997233421,2975,1782.56,0.478,0.0018,1.51
2608.95,-22.885226044959932,-43.309720499147424,2761,1782.56,0.446,0.0018,1.65
2608.95,-22.877188204111565,-43.31684001468224,2818,1782.56,0.455,0.0019,1.67
2608.95,-22.857526261962377,-43.273044637111475,2726,1782.56,0.407,0.0015,1.98
2608.95,-22.858124790649356,-43.28008126775039,2901,1782.56,0.468,0.0017,1.63
2608.95,-22.86221497512879,-43.30516514856493,2537,1782.56,0.41,0.0018,1.89
2608.95,-22.874937783792504,-43.31494440611707,2924,1782.56,0.474,0.0019,1.55
2608.95,-22.866156674570156,-43.270982692369834,2682,1782.56,0.431,0.0017,1.8
2608.95,-22.89465966178841,-43.2903759655431,2887,1782.56,0.409,0.0015,1.82
2608.95,-22.863143577419685,-43.30771135724236,2752,1782.56,0.454,0.0016,1.75
2608.98,-22.89200693751013,-43.278113608716396,2727,1782.56,0.42,0.0019,1.63
2608.98,-22.880560041804536,-43.29814507974918,2697,1782.56,0.416,0.0019,1.93
2608.98,-22.87358421777799,-43.317387793603004,2726,1782.56,0.444,0.0018,1.51
2608.98,-22.89189318600961,-43.335384174879266,2900,1782.56,0.438,0.0018,1.86
2608.98,-22.888531725301167,-43.284620857361205,2502,1782.56,0.472,0.0018,1.9
2608.98,-22.874655271160172,-43.31538291312141,2924,1782.56,0.474,0.0017,1.74
2608.98,-22.87824414614546,-43.32473055741454,2506,1782.56,0.425,0.0018,1.71
2608.98,-22.861349365426673,-43.305214149060646,2898,1782.56,0.446,0.0019,1.96
2608.98,-22.87578904193713,-43.27884368851319,2742,1782.56,0.41,0.0019,1.77
2608.98,-22.877044057031124,-43.32585217379867,2901,1782.56,0.436,0.0015,1.81
2608.98,-22.881649035667248,-43.32184270828055,2960,1782.56,0.491,0.0019,1.7
2608.98,-22.888149570635296,-43.2739540544441,2908,1782.56,0.425,0.0015,1.87
2608.98,-22.868433559223956,-43.291280473480036,2732,1782.56,0.492,0.0019,1.65
2608.98,-22.881687513370636,-43.298275699900664,2504,1782.56,0.488,0.0017,1.74
2608.98,-22.845248759869055,-43.3032342222112,2626,1782.56,0.419,0.0016,1.74
2608.98,-22.88427167832591,-43.32092673906297,2568,1782.56,0.436,0.0017,1.71
2608.98,-22.866770325140486,-43.278420343142365,2850,1782.56,0.473,0.0015,1.51
2608.98,-22.882630072693864,-43.32196619291377,2502,1782.56,0.417,0.0019,1.97
2608.98,-22.88984031167266,-43.28012659791169,2648,1782.56,0.402,0.0015,1.9
2608.98,-22.885824772689762,-43.295605298502416,2627,1782.56,0.406,0.0018,1.68
2608.98,-22.856818133546327,-43.32364807005775,2759,1782.56,0.472,0.0017,1.54
2608.98,-22.87669317578605,-43.291644222597775,2819,1782.56,0.483,0.0017,1.83
2608.98,-22.866770325140486,-43.278420343142365,2823,1782.56,0.419,0.0016,1.85
2608.99,-22.85666281988155,-43.32044612425553,2980,1782.56,0.472,0.0016,1.75
2608.99,-22.889932522081118,-43.281518820240066,2600,1782.56,0.445,0.0019,1.87
2608.99,-22.861012965171714,-43.27194657048819,2963,1782.56,0.4,0.0015,1.82
2608.99,-22.87177941225251,-43.28417908973632,2723,1782.56,0.411,0.0015,1.94
2608.99,-22.886732583417785,-43.33823308647097,2776,1782.56,0.484,0.0017,1.7
2608.99,-22.867458399570957,-43.268782955277885,2619,1782.56,0.462,0.0018,1.54
2608.99,-22.864211710200387,-43.29555600835499,2944,1782.56,0.499,0.0015,1.8
2608.99,-22.871134197001645,-43.3324209229417,2826,1782.56,0.425,0.0018,1.98
2609.0,-22.865237651956964,-43.335306588392484,2593,1782.56,0.49,0.0016,1.62
2609.0,-22.872518736807113,-43.322314380754484,2945,1782.56,0.414,0.0018,1.53
2609.0,-22.867458399570957,-43.268782955277885,2513,1782.56,0.41,0.0017,1.95
2609.0,-22.871145094853688,-43.28174662556796,2828,1782.56,0.425,0.0017,1.75
2609.0,-22.872028940590603,-43.32433855365501,2813,1782.56,0.486,0.0019,1.63
2609.0,-22.86788511315902,-43.26719534948081,2600,1782.56,0.468,0.0016,1.61
2609.0,-22.873190774124623,-43.32110949394854,2619,1782.56,0.441,0.0018,1.57
2609.08,-22.85821759881364,-43.27393164834267,2571,1782.56,0.426,0.0015,1.99
2609.08,-22.858356114030986,-43.31224354083034,2577,1782.56,0.468,0.0019,1.93
2609.08,-22.865266583287077,-43.32937373118127,2734,1782.56,0.496,0.0019,1.96
2609.08,-22.88742514405326,-43.27609989812992,2696,1782.56,0.437,0.0018,1.82
2609.08,-22.849064033953866,-43.30009229678292,2814,1782.56,0.413,0.0017,1.72
2609.08,-22.861914604835324,-43.305383062241894,2946,1782.56,0.486,0.0017,1.51
2609.11,-22.86404647579271,-43.29436203736227,2741,1782.56,0.416,0.0015,1.66
2609.11,-22.874010689225567,-43.319107440956024,2649,1782.56,0.422,0.0019,1.67
2609.11,-22.890137375091086,-43.277664054382306,2926,1782.56,0.426,0.0017,1.55
2609.11,-22.87263357888963,-43.312198126796915,2548,1782.56,0.458,0.0019,1.6
2609.11,-22.859443527293752,-43.313754846042464,2951,1782.56,0.469,0.0016,1.79
2609.11,-22.858468814441554,-43.287728665178946,2824,1782.56,0.42,0.0016,1.88
2609.11,-22.883044621550756,-43.27253070149058,2795,1782.56,0.431,0.0019,1.62
2609.11,-22.87908092616878,-43.31852261625576,2884,1782.56,0.405,0.0017,1.9
2609.11,-22.88624258564699,-43.33053699248448,2956,1782.56,0.483,0.0019,1.89
2609.11,-22.8913494561635,-43.2811121526979,2734,1782.56,0.485,0.0019,1.8
2609.11,-22.889317434161647,-43.2726372572297,2572,1782.56,0.409,0.0015,1.69
2609.11,-22.857526261962377,-43.273044637111475,2822,1782.56,0.439,0.0019,1.82
2609.11,-22.85340758185386,-43.301772407423,2546,1782.56,0.456,0.0019,1.98
2609.11,-22.875464277457617,-43.27792316983827,2963,1782.56,0.443,0.0017,1.98
2609.11,-22.887435727179092,-43.27038733570493,2614,1782.56,0.447,0.0016,1.99
2609.11,-22.861914604835324,-43.305383062241894,2925,1782.56,0.484,0.0019,1.67
2609.11,-22.883609697486193,-43.321985320706766,2784,1782.56,0.451,0.0016,1.69
2609.11,-22.875639528876057,-43.278947681895616,2721,1782.56,0.482,0.0018,1.76
2609.11,-22.8923504582542,-43.277742797797735,2766,1782.56,0.42,0.0017,1.89
2609.14,-22.88467040718113,-43.322932403912745,2926,1782.56,0.464,0.0019,1.67
2609.14,-22.861116383190375,-43.306281424567054,2820,1782.56,0.43,0.0018,1.85
2609.14,-22.853473621389476,-43.30340894163149,2730,1782.56,0.435,0.0018,1.59
2609.14,-22.856479363937087,-43.29586271323093,2626,1782.56,0.494,0.0017,1.54
2609.14,-22.848986959017367,-43.30908106870625,2817,1782.56,0.442,0.0016,1.59
2609.14,-22.890123849533225,-43.292946678367834,2976,1782.56,0.467,0.0017,1.51
2609.14,-22.87618256645411,-43.30423725012878,2543,1782.56,0.485,0.0015,1.85
2609.14,-22.885824772689762,-43.295605298502416,2635,1782.56,0.44,0.0019,1.72
2609.14,-22.866462312864606,-43.31212026897201,2782,1782.56,0.464,0.0019,1.95
2609.14,-22.872028940590603,-43.32433855365501,2517,1782.56,0.415,0.0017,1.75
2609.14,-22.870076345915614,-43.277950719324274,2984,1782.56,0.417,0.0018,1.66
2609.14,-22.87292101376026,-43.2849722770823,2556,1782.56,0.478,0.0019,1.5
2609.14,-22.890074402587583,-43.28066188235112,2515,1782.56,0.421,0.0019,1.61
2609.14,-22.869804401066734,-43.296421713012066,2638,1782.56,0.401,0.0015,1.74
2609.14,-22.860857134715587,-43.27805752582416,2798,1782.56,0.484,0.0015,1.59
2609.14,-22.88467040718113,-43.322932403912745,2675,1782.56,0.459,0.0015,1.5
2609.14,-22.856879651215213,-43.318851619904024,2632,1782.56,0.468,0.0018,1.79
2609.14,-22.86611212503453,-43.29434089636883,2765,1782.56,0.479,0.0017,1.59
2609.14,-22.856268461025326,-43.28601419506252,2753,1782.56,0.491,0.0019,1.82
2609.14,-22.848986959017367,-43.30908106870625,2908,1782.56,0.435,0.0018,1.55
2609.14,-22.86283564347404,-43.29347467771211,2917,1782.56,0.452,0.0015,1.68
2609.14,-22.875721493584145,-43.284464143249885,2765,1782.56,0.482,0.0019,1.81
2609.14,-22.861340447661618,-43.31260812808475,2694,1782.56,0.494,0.0017,1.96
2609.14,-22.871406185960076,-43.30176403728605,2559,1782.56,0.477,0.0018,1.63
2609.16,-22.852221122571265,-43.302809078039104,2555,1782.56,0.475,0.0019,1.81
2609.16,-22.859089832041434,-43.320169279291335,2881,1782.56,0.446,0.0017,1.61
2609.16,-22.86283564347404,-43.29347467771211,2660,1782.56,0.415,0.0016,1.84
2609.16,-22.87578904193713,-43.27884368851319,2848,1782.56,0.477,0.0018,1.52
2609.16,-22.895958184072008,-43.329875786471284,2741,1782.56,0.432,0.0016,1.95
2609.16,-22.859280335561404,-43.27687464822287,2794,1782.56,0.412,0.0015,1.78
2609.16,-22.862856612777097,-43.32606449715569,2686,1782.56,0.478,0.0016,1.85
2609.16,-22.862695092709878,-43.31100679155802,2893,1782.56,0.475,0.0017,1.5
2609.16,-22.862925238004607,-43.326410115360275,2822,1782.56,0.427,0.0017,1.84
2609.16,-22.865391656096406,-43.29681388799275,2544,1782.56,0.484,0.0015,1.71
2609.16,-22.866032073756877,-43.338131873315504,2896,1782.56,0.455,0.0019,1.64
2609.16,-22.88419594579328,-43.28506952767958,2967,1782.56,0.451,0.0017,1.81
2609.16,-22.84903284183012,-43.300378668090225,2855,1782.56,0.441,0.0016,1.77
2609.16,-22.87070398097288,-43.30730938443952,2834,1782.56,0.417,0.0017,1.69
2609.16,-22.86206484465799,-43.29854747951345,2689,1782.56,0.429,0.0015,1.7
2609.16,-22.89798550404551,-43.28389935640311,2583,1782.56,0.471,0.0017,1.52
2609.16,-22.876346337075056,-43.31832463409336,2917,1782.56,0.45,0.0019,1.68
2609.16,-22.854665711887623,-43.302775734018006,2612,1782.56,0.467,0.0016,1.85
2609.16,-22.876915571808613,-43.29389117666397,2630,1782.56,0.433,0.0017,1.56
2609.16,-22.874879843682866,-43.312921041067106,2664,1782.56,0.454,0.0016,1.81
2609.16,-22.853402608125048,-43.308619414848714,2630,1782.56,0.414,0.0016,1.66
2609.16,-22.86205585541741,-43.28820058141566,2990,1782.56,0.472,0.0018,1.71
2609.16,-22.866462312864606,-43.31212026897201,2822,1782.56,0.491,0.0018,1.88
2609.16,-22.87817590036917,-43.32492949267456,2963,1782.56,0.454,0.0017,1.89
2609.16,-22.859725542708905,-43.2808886018145,2749,1782.56,0.491,0.0015,1.95
2609.16,-22.847079298568104,-43.29783874614938,2525,1782.56,0.494,0.0016,1.87
2609.16,-22.888734687164735,-43.29191620907745,2627,1782.56,0.496,0.0019,1.85
2609.16,-22.867364115090226,-43.30119033532758,2907,1782.56,0.476,0.0015,1.59
2609.16,-22.875085854289406,-43.31276047115411,2685,1782.56,0.464,0.0017,1.92
2609.16,-22.884036487264332,-43.31166450783011,2557,1782.56,0.421,0.0019,1.86
2609.16,-22.854745499942936,-43.292818165705725,2983,1782.56,0.406,0.0016,1.52
2609.16,-22.8913494561635,-43.2811121526979,2797,1782.56,0.463,0.0019,1.94
2609.21,-22.88717693601249,-43.303481566569786,2613,1782.56,0.457,0.0015,1.98
2609.21,-22.88520284739984,-43.304851073840815,2803,1782.56,0.467,0.0015,1.68
2609.21,-22.869804401066734,-43.296421713012066,2798,1782.56,0.429,0.0016,1.96
2609.21,-22.8685102980563,-43.28049395655852,2880,1782.56,0.444,0.0019,1.8
2609.21,-22.889557906957364,-43.27511534523526,2763,1782.56,0.424,0.0016,1.55
2609.21,-22.864860944366388,-43.30886474034251,2588,1782.56,0.44,0.0016,1.77
2609.21,-22.86611212503453,-43.29434089636883,2514,1782.56,0.481,0.0017,1.79
2609.21,-22.88243702214164,-43.305369543833734,2800,1782.56,0.401,0.0018,1.52
2609.21,-22.86370154201032,-43.275263209670356,2994,1782.56,0.424,0.0016,1.85
2609.21,-22.85691383798527,-43.32369838040761,2871,1782.56,0.443,0.0019,1.53
2609.21,-22.846127183459664,-43.309759813707345,2510,1782.56,0.439,0.0018,1.7
2609.22,-22.8787470534882,-43.32230690243902,2773,1782.56,0.429,0.0016,1.6
2609.22,-22.88419594579328,-43.28506952767958,2887,1782.56,0.496,0.0017,1.9
2609.22,-22.885824772689762,-43.295605298502416,2890,1782.56,0.491,0.0015,1.89
2609.22,-22.86178952014623,-43.307313325016665,2507,1782.56,0.403,0.0018,1.87
2609.22,-22.87308331657023,-43.305089464569086,2891,1782.56,0.488,0.0015,1.68
2609.22,-22.885726073532716,-43.33563371528077,2539,1782.56,0.456,0.0015,1.64
2609.25,-22.866575310083032,-43.328896758974054,2666,1782.56,0.408,0.0017,1.56
2609.25,-22.869061768283025,-43.31704078257435,2963,1782.56,0.464,0.0015,1.97
2609.25,-22.889737591711263,-43.27804566482924,2934,1782.56,0.448,0.0018,1.73
2609.25,-22.869042075539408,-43.33246869842768,2509,1782.56,0.476,0.0019,1.53
2609.25,-22.885269744638116,-43.31286410873418,2949,1782.56,0.436,0.0016,1.7
2609.25,-22.85592316671847,-43.30877386920199,2511,1782.56,0.477,0.0015,1.63
2609.25,-22.881468185623927,-43.294994976890806,2570,1782.56,0.446,0.0018,1.6
2609.27,-22.888925165061927,-43.331746474485364,2843,1782.56,0.411,0.0016,1.6
2609.27,-22.869300268927798,-43.332347474286664,2595,1782.56,0.462,0.0015,1.62
2609.27,-22.88656171280685,-43.27530997233421,2862,1782.56,0.474,0.0019,1.8
2609.27,-22.885118611594255,-43.3058813521704,2507,1782.56,0.404,0.0015,1.84
2609.27,-22.884036487264332,-43.31166450783011,2729,1782.56,0.408,0.0018,1.88
2609.27,-22.871406185960076,-43.30176403728605,2581,1782.56,0.455,0.0019,1.83
2609.27,-22.861492160766815,-43.30304129907048,2818,1782.56,0.464,0.0018,1.85
2609.27,-22.883574977580775,-43.33156741874061,2769,1782.56,0.404,0.0019,1.92
2609.27,-22.89189318600961,-43.335384174879266,2634,1782.56,0.486,0.0018,1.62
2609.29,-22.88294978703814,-43.282994904792325,2900,1782.56,0.483,0.0015,1.56
2609.29,-22.89496887400113,-43.315918410614934,2909,1782.56,0.451,0.0019,1.5
2609.29,-22.876164868609784,-43.286342101979244,2790,1782.56,0.488,0.0018,1.97
2609.29,-22.886843205699535,-43.302088601823655,2696,1782.56,0.459,0.0019,1.95
2609.29,-22.884036487264332,-43.31166450783011,2680,1782.56,0.458,0.0017,1.52
2609.29,-22.858037683480056,-43.30275192403924,2616,1782.56,0.49,0.0019,1.75
2609.29,-22.852756897456484,-43.310038421031464,2626,1782.56,0.437,0.0015,1.7
2609.29,-22.86367394666999,-43.297294159494605,2936,1782.56,0.468,0.0015,1.58
2609.35,-22.860481074323943,-43.298868714970894,2529,1782.56,0.495,0.0017,1.86
2609.35,-22.88867968991285,-43.33214735888769,2545,1782.56,0.418,0.0015,1.9
2609.35,-22.858671261657715,-43.28552993808476,2669,1782.56,0.409,0.0019,1.54
2609.35,-22.86132513843861,-43.300739072527676,2526,1782.56,0.4,0.0019,1.97
2609.35,-22.883574977580775,-43.33156741874061,2959,1782.56,0.421,0.0015,1.78
2609.35,-22.86930710621118,-43.28819467148683,2956,1782.56,0.448,0.0018,1.71
2609.35,-22.867759761143397,-43.273330121262525,2603,1782.56,0.451,0.0015,1.64
2609.35,-22.88138736370065,-43.28312116559284,2764,1782.56,0.43,0.0015,1.81
2609.35,-22.897828521923,-43.32076240791066,2890,1782.56,0.435,0.0015,1.65
2609.35,-22.853473621389476,-43.30340894163149,2964,1782.56,0.499,0.0016,1.83
2609.41,-22.86639865047928,-43.278186064407635,2938,1782.56,0.485,0.0019,1.74
2609.41,-22.87545953618512,-43.294865125762904,2829,1782.56,0.465,0.0019,1.53
2609.41,-22.855767338153527,-43.3260065586982,2757,1782.56,0.47,0.0017,1.77
2609.41,-22.865621616791085,-43.301637713141396,2686,1782.56,0.403,0.0015,1.83
2609.41,-22.881649035667248,-43.32184270828055,2638,1782.56,0.447,0.0015,1.74
2609.41,-22.879885961699628,-43.295482481050094,2988,1782.56,0.489,0.0019,1.93
2609.41,-22.848738373059586,-43.29781761613115,2734,1782.56,0.439,0.0018,1.87
2609.41,-22.885084361492257,-43.28521909640368,2559,1782.56,0.435,0.0018,1.87
2609.41,-22.867364115090226,-43.30119033532758,2613,1782.56,0.454,0.0016,1.8
2609.41,-22.882822150903383,-43.319929977033766,2906,1782.56,0.419,0.0018,1.7
2609.41,-22.871145094853688,-43.28174662556796,2811,1782.56,0.499,0.0019,1.78
2609.41,-22.857290769753895,-43.328348659412804,2901,1782.56,0.422,0.0015,1.63
2609.41,-22.87027709556658,-43.32066505001392,2603,1782.56,0.42,0.0016,1.98
2609.41,-22.89496887400113,-43.315918410614934,2663,1782.56,0.414,0.0018,1.55
2609.41,-22.89866055925909,-43.326964581551024,2655,1782.56,0.42,0.0017,1.73
2609.41,-22.87015350840377,-43.31876750576074,2792,1782.56,0.497,0.0019,1.96
2609.41,-22.874937783792504,-43.31494440611707,2673,1782.56,0.4,0.0018,1.61
2609.41,-22.862856612777097,-43.32606449715569,2888,1782.56,0.476,0.0018,1.89
2609.41,-22.88809210983536,-43.286663944830735,2814,1782.56,0.462,0.0017,1.52
2609.44,-22.876824543770894,-43.27666172746651,2780,1782.56,0.434,0.0019,1.51
2609.44,-22.859001569774904,-43.29193429934413,2507,1782.56,0.46,0.0016,1.65
2609.44,-22.88198675812342,-43.27676495959041,2632,1782.56,0.441,0.0015,1.71
2609.45,-22.87208535551471,-43.292984902810836,2894,1782.56,0.489,0.0018,1.69
2609.45,-22.863395815787765,-43.32537639837979,2598,1782.56,0.47,0.0019,1.75
2609.45,-22.864211710200387,-43.29555600835499,2967,1782.56,0.482,0.0017,1.66
2609.45,-22.88347249931642,-43.30216835806813,2787,1782.56,0.408,0.0015,1.78
2609.45,-22.866575310083032,-43.328896758974054,2943,1782.56,0.494,0.0017,1.57
2609.45,-22.887155516722924,-43.305234974339086,2897,1782.56,0.472,0.0015,1.95
2609.45,-22.855454774937616,-43.33103974650509,2805,1782.56,0.442,0.0018,1.87
2609.45,-22.85691383798527,-43.32369838040761,2570,1782.56,0.463,0.0017,1.54
2609.45,-22.893196891260317,-43.31705142493954,2542,1782.56,0.402,0.0015,1.94
2609.45,-22.859824926994264,-43.333258221906284,2711,1782.56,0.454,0.0015,1.58
2609.45,-22.897529658460527,-43.318345479199664,2720,1782.56,0.471,0.0017,1.51
2609.45,-22.889129492842276,-43.31751945952847,2717,1782.56,0.428,0.0015,1.81
2609.45,-22.862626385621034,-43.3132932690294,2593,1782.56,0.462,0.0015,1.67
2609.45,-22.864508830652948,-43.287446509399935,2715,1782.56,0.425,0.0017,1.77
2609.45,-22.89796189835094,-43.329479329006716,2632,1782.56,0.47,0.0016,1.74
2609.45,-22.874150589674542,-43.311562199564975,2907,1782.56,0.421,0.0016,1.87
2609.45,-22.884318598970744,-43.32780626507122,2800,1782.56,0.475,0.0018,1.74
2609.45,-22.877188204111565,-43.31684001468224,2941,1782.56,0.432,0.0019,1.71
2609.45,-22.869061768283025,-43.31704078257435,2786,1782.56,0.478,0.0017,1.51
2609.45,-22.886016004221272,-43.27209761929771,2839,1782.56,0.412,0.0018,1.6
2609.45,-22.859443527293752,-43.313754846042464,2608,1782.56,0.46,0.0016,1.53
2609.48,-22.88990044773605,-43.27986962630341,2713,1782.56,0.487,0.0019,1.59
2609.48,-22.863985115090834,-43.321749567625446,2705,1782.56,0.443,0.0019,1.57
2609.48,-22.885824772689762,-43.295605298502416,2554,1782.56,0.458,0.0015,1.87
2609.48,-22.888970419873544,-43.276900447868826,2588,1782.56,0.417,0.0016,1.96
2609.48,-22.885824772689762,-43.295605298502416,2986,1782.56,0.469,0.0017,1.77
2609.48,-22.895007079686994,-43.32139147487483,2906,1782.56,0.48,0.0018,1.67
2609.48,-22.86782989029103,-43.276843052385786,2704,1782.56,0.481,0.0017,1.74
2609.48,-22.891804245638014,-43.32012754327931,2953,1782.56,0.45,0.0019,1.81
2609.48,-22.89116912448737,-43.26883851674487,2767,1782.56,0.488,0.0017,1.86
2609.48,-22.870385783458357,-43.292127689221395,2798,1782.56,0.433,0.0017,1.61
2609.48,-22.87817590036917,-43.32492949267456,2539,1782.56,0.488,0.0017,1.89
2609.48,-22.864647269482234,-43.3136351748248,2650,1782.56,0.431,0.0017,1.94
2609.49,-22.887463762016246,-43.279058954052026,2513,1782.56,0.428,0.0018,1.94
2609.49,-22.88984031167266,-43.28012659791169,2703,1782.56,0.44,0.0018,1.6
2609.49,-22.887155516722924,-43.305234974339086,2826,1782.56,0.416,0.0019,1.77
2609.49,-22.86370154201032,-43.275263209670356,2910,1782.56,0.442,0.0019,1.87
2609.49,-22.88467040718113,-43.322932403912745,2556,1782.56,0.422,0.0015,1.9
2609.49,-22.858351274875947,-43.296744959698415,2754,1782.56,0.412,0.0017,1.68
2609.49,-22.891604418991513,-43.32057109748399,2580,1782.56,0.429,0.0017,1.6
2609.49,-22.871185631521833,-43.334161501074995,2666,1782.56,0.488,0.0016,1.86
2609.49,-22.8747783615419,-43.27590700942373,2588,1782.56,0.468,0.0019,1.74
2609.49,-22.887985146995945,-43.281412996317925,2586,1782.56,0.469,0.0015,1.94
2609.49,-22.858037683480056,-43.30275192403924,2798,1782.56,0.487,0.0016,1.9
2609.49,-22.855454774937616,-43.33103974650509,2655,1782.56,0.426,0.0016,1.68
2609.49,-22.848589623892043,-43.299859478608504,2766,1782.56,0.469,0.0018,1.65
2609.5,-22.87545953618512,-43.294865125762904,2919,1782.56,0.474,0.0019,1.55
2609.5,-22.882986765816558,-43.32365032257002,2549,1782.56,0.404,0.0015,1.57
2609.5,-22.89656803123219,-43.28051317443747,2580,1782.56,0.429,0.0019,1.99
2609.5,-22.861256893082682,-43.32794826319142,2615,1782.56,0.474,0.0015,1.93
2609.5,-22.863888243428022,-43.28576933991444,2976,1782.56,0.449,0.0016,1.7
2609.5,-22.861012965171714,-43.27194657048819,2611,1782.56,0.426,0.0015,1.97
2609.5,-22.883891562489854,-43.28966294594265,2698,1782.56,0.416,0.0019,1.73
2609.5,-22.87589257716541,-43.28796019074052,2534,1782.56,0.492,0.0019,1.9
2609.5,-22.89580667279858,-43.3224519112638,2565,1782.56,0.41,0.0018,1.93
2609.5,-22.87817590036917,-43.32492949267456,2923,1782.56,0.441,0.0017,1.5
2609.5,-22.893196891260317,-43.31705142493954,2762,1782.56,0.481,0.0017,1.65
2609.5,-22.870076345915614,-43.277950719324274,2878,1782.56,0.469,0.0019,1.74
2609.56,-22.865683622380516,-43.310260791624906,2798,1782.56,0.426,0.0018,1.59
2609.56,-22.891804245638014,-43.32012754327931,2764,1782.56,0.456,0.0015,1.59
2609.56,-22.885270044065155,-43.31713716374416,2931,1782.56,0.414,0.0015,1.56
2609.56,-22.87167666549464,-43.32423136498003,2579,1782.56,0.412,0.0019,1.77
2609.56,-22.861135040004815,-43.30712425112237,2847,1782.56,0.404,0.0016,1.81
2609.56,-22.862128139552905,-43.313939096711664,2913,1782.56,0.469,0.0019,1.97
2609.56,-22.85830737465635,-43.32041805722513,2873,1782.56,0.402,0.0016,1.55
2609.56,-22.895625375970848,-43.3260810347732,2772,1782.56,0.476,0.0016,1.85
2609.56,-22.85490725184812,-43.31305508257125,2674,1782.56,0.406,0.0016,1.65
2609.61,-22.85080734028682,-43.29206683784505,2923,1782.56,0.456,0.0017,1.9
2609.61,-22.856454885914935,-43.28119881115064,2513,1782.56,0.442,0.0019,1.74
2609.61,-22.87015350840377,-43.31876750576074,2653,1782.56,0.49,0.0018,1.75
2609.61,-22.856530040860807,-43.28077437905881,2590,1782.56,0.425,0.0017,1.91
2609.61,-22.865237651956964,-43.335306588392484,2559,1782.56,0.491,0.0016,1.95
2609.61,-22.858351274875947,-43.296744959698415,2710,1782.56,0.46,0.0019,1.94
2609.61,-22.876824543770894,-43.27666172746651,2532,1782.56,0.417,0.0015,1.83
2609.61,-22.870459567523028,-43.29559138021254,2972,1782.56,0.412,0.0018,1.95
2609.61,-22.861532363431817,-43.29386874824151,2603,1782.56,0.476,0.0015,1.84
2609.61,-22.888149570635296,-43.2739540544441,2616,1782.56,0.442,0.0016,1.98
2609.61,-22.891801503424844,-43.32398281396972,2570,1782.56,0.429,0.0016,1.86
2609.61,-22.893196891260317,-43.31705142493954,2750,1782.56,0.403,0.0016,1.59
2609.65,-22.874879843682866,-43.312921041067106,2896,1782.56,0.463,0.0016,1.54
2609.65,-22.895008198056836,-43.33039785933877,2919,1782.56,0.478,0.0016,1.7
2609.65,-22.89288154320739,-43.286883687835434,2528,1782.56,0.484,0.0017,1.51
2609.65,-22.857942866304892,-43.31413091695249,2924,1782.56,0.453,0.0018,1.7
2609.65,-22.86486717571422,-43.31091685420294,2771,1782.56,0.487,0.0015,1.97
2609.65,-22.884036487264332,-43.31166450783011,2936,1782.56,0.434,0.0018,1.61
2609.65,-22.86762605210021,-43.33652514220015,2686,1782.56,0.471,0.0017,1.5
2609.65,-22.871213697020938,-43.306677884270364,2934,1782.56,0.419,0.0018,1.6
2609.65,-22.862925238004607,-43.326410115360275,2782,1782.56,0.46,0.0015,1.95
2609.65,-22.87857289987672,-43.29592354266078,2884,1782.56,0.491,0.0017,1.72
2609.65,-22.8579311397991,-43.32575380126112,2938,1782.56,0.441,0.0018,1.6
2609.65,-22.858356114030986,-43.31224354083034,2905,1782.56,0.489,0.0019,1.8
2609.65,-22.879916050347088,-43.27329730057226,2723,1782.56,0.47,0.0019,1.87
2609.65,-22.87143458612598,-43.26949400000578,2653,1782.56,0.499,0.0015,1.76
2609.65,-22.894448313775243,-43.32140260734481,2789,1782.56,0.443,0.0018,1.68
2609.67,-22.88735265443355,-43.27389247149932,2522,1782.56,0.406,0.0015,1.87
2609.67,-22.888055757576428,-43.308529388417405,2580,1782.56,0.442,0.0019,1.86
2609.67,-22.88984031167266,-43.28012659791169,2581,1782.56,0.425,0.0017,1.52
2609.67,-22.866180673539375,-43.29255772244056,2573,1782.56,0.455,0.0015,1.63
2609.67,-22.86611212503453,-43.29434089636883,2721,1782.56,0.424,0.0019,1.55
2609.67,-22.866032073756877,-43.338131873315504,2698,1782.56,0.494,0.0019,1.57
2609.67,-22.878678970104733,-43.2893826947477,2922,1782.56,0.448,0.0017,1.73
2609.67,-22.87070398097288,-43.30730938443952,2634,1782.56,0.473,0.0018,1.63
2609.67,-22.87263357888963,-43.312198126796915,2866,1782.56,0.48,0.0016,1.59
2609.67,-22.875121999585705,-43.302579846612964,2559,1782.56,0.483,0.0015,1.58
2609.67,-22.8749931650182,-43.30265604007292,2916,1782.56,0.481,0.0015,1.93
2609.67,-22.85592316671847,-43.30877386920199,2774,1782.56,0.428,0.0017,1.75
2609.67,-22.859280335561404,-43.27687464822287,2714,1782.56,0.435,0.0019,1.65
2609.69,-22.889317434161647,-43.2726372572297,2644,1782.56,0.483,0.0019,1.73
2609.69,-22.864359769594856,-43.33436283749005,2603,1782.56,0.424,0.0019,1.95
2609.69,-22.86370154201032,-43.275263209670356,2509,1782.56,0.448,0.0016,1.98
2609.69,-22.858273209561837,-43.27801793683567,2863,1782.56,0.449,0.0018,1.81
2609.69,-22.85832227579783,-43.307138207596104,2594,1782.56,0.465,0.0018,1.56
2609.69,-22.86205585541741,-43.28820058141566,2939,1782.56,0.467,0.0017,1.99
2609.69,-22.875085854289406,-43.31276047115411,2730,1782.56,0.43,0.0016,1.84
2609.69,-22.874937783792504,-43.31494440611707,2790,1782.56,0.429,0.0018,1.6
2609.69,-22.864860944366388,-43.30886474034251,2959,1782.56,0.489,0.0018,1.53
2609.69,-22.869300268927798,-43.332347474286664,2574,1782.56,0.431,0.0017,1.68
2609.69,-22.85080734028682,-43.29206683784505,2749,1782.56,0.41,0.0017,1.61
2609.69,-22.85830737465635,-43.32041805722513,2682,1782.56,0.409,0.0016,1.95
2609.69,-22.88291784427213,-43.279430490656594,2934,1782.56,0.404,0.0017,1.68
2609.69,-22.861349365426673,-43.305214149060646,2788,1782.56,0.419,0.0016,1.78
2609.69,-22.85080734028682,-43.29206683784505,2995,1782.56,0.449,0.0019,1.78
2609.69,-22.881649035667248,-43.32184270828055,2613,1782.56,0.496,0.0015,1.65
2609.69,-22.875658493568537,-43.27778648299565,2545,1782.56,0.466,0.0017,1.93
2609.69,-22.868433559223956,-43.291280473480036,2919,1782.56,0.404,0.0017,1.82
2609.69,-22.88775419686622,-43.33164779315465,2604,1782.56,0.473,0.0015,1.64
2609.69,-22.890137375091086,-43.277664054382306,2671,1782.56,0.488,0.0017,1.63
2609.7,-22.87817590036917,-43.32492949267456,2644,1782.56,0.418,0.0016,1.75
2609.7,-22.874522011482487,-43.28315346692239,2598,1782.56,0.436,0.0018,1.89
2609.7,-22.875085854289406,-43.31276047115411,2775,1782.56,0.415,0.0018,1.55
2609.7,-22.88472486045064,-43.29643285206332,2693,1782.56,0.492,0.0016,1.81
2609.7,-22.86493449045638,-43.28912110732493,2967,1782.56,0.425,0.0019,1.79
2609.7,-22.867920753613166,-43.32942070047525,2973,1782.56,0.445,0.0019,1.98
2609.7,-22.863395815787765,-43.32537639837979,2658,1782.56,0.496,0.0015,1.85
2609.7,-22.871209003769785,-43.305739958086846,2900,1782.56,0.473,0.0015,1.71
2609.7,-22.87358421777799,-43.317387793603004,2908,1782.56,0.497,0.0015,1.81
2609.71,-22.883044621550756,-43.27253070149058,2877,1782.56,0.419,0.0015,1.52
2609.71,-22.87071304085338,-43.289401165594995,2965,1782.56,0.436,0.0016,1.98
2609.71,-22.85340758185386,-43.301772407423,2712,1782.56,0.49,0.0019,1.78
2609.71,-22.893322125393574,-43.29054330329289,2842,1782.56,0.43,0.0015,1.52
2609.71,-22.85629180486859,-43.3176659458171,2803,1782.56,0.463,0.0017,1.85
2609.71,-22.88807446890354,-43.28263784741499,2686,1782.56,0.463,0.0019,1.95
2609.71,-22.88150700142016,-43.27882017150691,2593,1782.56,0.491,0.0018,1.53
2609.71,-22.871285051555724,-43.30257291231742,2614,1782.56,0.476,0.0019,1.55
2609.71,-22.86411762234615,-43.28076398939773,2973,1782.56,0.441,0.0016,1.91
2609.71,-22.87857289987672,-43.29592354266078,2638,1782.56,0.474,0.0017,1.71
2609.72,-22.860617930915378,-43.28970703182598,2880,1782.56,0.447,0.0019,1.7
2609.72,-22.863415548060487,-43.323317634222505,2910,1782.56,0.496,0.0016,1.74
2609.72,-22.860481074323943,-43.298868714970894,2928,1782.56,0.407,0.0018,1.92
2609.72,-22.8776379226127,-43.306554287574436,2649,1782.56,0.405,0.0019,1.83
2609.72,-22.846127183459664,-43.309759813707345,2766,1782.56,0.46,0.0018,1.66
2609.72,-22.855536186537016,-43.289990506140114,2727,1782.56,0.489,0.0018,1.87
2609.72,-22.849463791266736,-43.299533807688285,2924,1782.56,0.491,0.0016,1.93
2609.72,-22.85490725184812,-43.31305508257125,2635,1782.56,0.494,0.0016,1.61
2609.72,-22.874658912291945,-43.31015627454578,2791,1782.56,0.481,0.0017,1.78
2609.72,-22.858077548881493,-43.2752935821443,2578,1782.56,0.471,0.0018,1.62
2609.72,-22.87177941225251,-43.28417908973632,2982,1782.56,0.433,0.0015,1.64
2609.72,-22.897828521923,-43.32076240791066,2726,1782.56,0.442,0.0016,1.99
2609.75,-22.871285051555724,-43.30257291231742,2980,1782.56,0.483,0.0019,1.72
2609.75,-22.874658912291945,-43.31015627454578,2924,1782.56,0.437,0.0017,1.67
2609.75,-22.875121999585705,-43.302579846612964,2610,1782.56,0.497,0.0015,1.68
2609.75,-22.882544299338996,-43.30102470888667,2740,1782.56,0.463,0.0019,1.99
2609.76,-22.875639528876057,-43.278947681895616,2811,1782.56,0.425,0.0017,1.9
2609.76,-22.896652938121445,-43.287712982795526,2554,1782.56,0.421,0.0019,1.6
2609.76,-22.88145053345863,-43.31795462036982,2858,1782.56,0.427,0.0018,1.95
2609.76,-22.86222509286777,-43.2869492477504,2768,1782.56,0.463,0.0016,1.63
2609.76,-22.886843205699535,-43.302088601823655,2603,1782.56,0.47,0.0019,1.51
2609.76,-22.86283564347404,-43.29347467771211,2914,1782.56,0.468,0.0017,1.69
2609.76,-22.875515460916926,-43.31069020128653,2829,1782.56,0.498,0.0016,1.68
2609.76,-22.89470308630807,-43.32551035541433,2718,1782.56,0.466,0.0017,1.7
2609.76,-22.86370154201032,-43.275263209670356,2517,1782.56,0.476,0.0018,1.73
2609.76,-22.866295959582743,-43.270612328064914,2847,1782.56,0.491,0.0018,1.92
2609.76,-22.89866055925909,-43.326964581551024,2796,1782.56,0.414,0.0019,1.98
2609.76,-22.867917985966464,-43.31159846022739,2594,1782.56,0.426,0.0016,1.68
2609.76,-22.89866055925909,-43.326964581551024,2891,1782.56,0.435,0.0015,1.95
2609.76,-22.88078056851191,-43.322729273656115,2897,1782.56,0.488,0.0017,1.79
2609.76,-22.863144811151294,-43.30122223728789,2552,1782.56,0.496,0.0015,1.86
2609.76,-22.847079298568104,-43.29783874614938,2693,1782.56,0.473,0.0015,1.99
2609.76,-22.865237651956964,-43.335306588392484,2660,1782.56,0.46,0.0016,1.59
2609.76,-22.859089832041434,-43.320169279291335,2510,1782.56,0.426,0.0017,1.63
2609.76,-22.861399187668834,-43.2926565648536,2765,1782.56,0.468,0.0015,1.68
2609.77,-22.861135040004815,-43.30712425112237,2778,1782.56,0.472,0.0017,1.99
2609.77,-22.888149570635296,-43.2739540544441,2865,1782.56,0.452,0.0019,1.59
2609.77,-22.884561946601494,-43.27513063556018,2550,1782.56,0.433,0.0016,1.61
2609.77,-22.861012965171714,-43.27194657048819,2651,1782.56,0.487,0.0017,1.6
2609.77,-22.86370154201032,-43.275263209670356,2956,1782.56,0.498,0.0017,1.9
2609.78,-22.87292101376026,-43.2849722770823,2553,1782.56,0.426,0.0019,1.62
2609.78,-22.866252864969308,-43.283033295123595,2899,1782.56,0.429,0.0019,1.93
2609.78,-22.855454774937616,-43.33103974650509,2958,1782.56,0.496,0.0018,1.94
2609.78,-22.89349781095011,-43.27513011000819,2935,1782.56,0.439,0.0018,1.54
2609.78,-22.855454774937616,-43.33103974650509,2836,1782.56,0.425,0.0018,1.69
2609.78,-22.88656171280685,-43.27530997233421,2929,1782.56,0.4,0.0015,1.53
2609.78,-22.86149760224237,-43.29288947173588,2730,1782.56,0.495,0.0015,1.99
2609.78,-22.86692805315821,-43.275210747940264,2661,1782.56,0.454,0.0015,1.87
2609.78,-22.89496887400113,-43.315918410614934,2809,1782.56,0.427,0.0018,1.59
2609.78,-22.88472486045064,-43.29643285206332,2746,1782.56,0.421,0.0018,1.63
2609.79,-22.86951098217584,-43.273374949206584,2710,1782.56,0.458,0.0017,1.63
2609.79,-22.888648404701044,-43.2887463267185,2777,1782.56,0.401,0.0018,1.99
2609.79,-22.85209561925868,-43.29621764528502,2813,1782.56,0.489,0.0018,1.96
2609.84,-22.876785616372743,-43.32135565342095,2842,1782.56,0.416,0.0018,1.95
2609.84,-22.882822150903383,-43.319929977033766,2761,1782.56,0.47,0.0019,1.87
2609.84,-22.894054080357296,-43.322548986091206,2677,1782.56,0.433,0.0015,1.61
2609.84,-22.868588548508306,-43.32436794455032,2749,1782.56,0.48,0.0018,1.59
2609.84,-22.88419594579328,-43.28506952767958,2543,1782.56,0.426,0.0017,1.53
2609.84,-22.882822150903383,-43.319929977033766,2830,1782.56,0.477,0.0015,1.89
2609.84,-22.875881152367807,-43.27437786519449,2842,1782.56,0.499,0.0019,1.94
2609.84,-22.877044057031124,-43.32585217379867,2531,1782.56,0.428,0.0018,1.88
2609.84,-22.884732663468814,-43.31628033887517,2795,1782.56,0.497,0.0017,1.8
2609.84,-22.89452471477547,-43.29205209489,2911,1782.56,0.48,0.0017,1.58
2609.84,-22.862925238004607,-43.326410115360275,2832,1782.56,0.474,0.0018,1.87
2609.84,-22.8750334597687,-43.29253179376653,2524,1782.56,0.476,0.0018,1.82
2609.84,-22.864647269482234,-43.3136351748248,2973,1782.56,0.491,0.0018,1.96
2609.84,-22.863843899174302,-43.328411742592934,2564,1782.56,0.414,0.0017,1.87
2609.84,-22.861492160766815,-43.30304129907048,2847,1782.56,0.427,0.0019,1.75
2609.86,-22.874010689225567,-43.319107440956024,2555,1782.56,0.464,0.0019,1.58
2609.86,-22.858215943544252,-43.30285628166705,2582,1782.56,0.478,0.0016,1.51
2609.86,-22.866245903957182,-43.32830163502488,2884,1782.56,0.495,0.0015,1.76
2609.86,-22.871145094853688,-43.28174662556796,2513,1782.56,0.44,0.0018,1.95
2609.86,-22.882630072693864,-43.32196619291377,2501,1782.56,0.479,0.0018,1.66
2609.86,-22.88294978703814,-43.282994904792325,2918,1782.56,0.408,0.0019,1.93
2609.86,-22.87824414614546,-43.32473055741454,2968,1782.56,0.416,0.0019,1.99
2609.86,-22.88309767427097,-43.31674920792804,2682,1782.56,0.437,0.0015,1.95
2609.86,-22.87167666549464,-43.32423136498003,2663,1782.56,0.405,0.0018,1.77
2609.86,-22.856530040860807,-43.28077437905881,2751,1782.56,0.454,0.0019,1.58
2609.9,-22.87174129713043,-43.27980852989895,2703,1782.56,0.412,0.0019,1.66
2609.9,-22.882010907867286,-43.2955107445172,2872,1782.56,0.468,0.0017,1.94
2609.9,-22.8749931650182,-43.30265604007292,2564,1782.56,0.436,0.0019,1.83
2609.9,-22.862464497491782,-43.2784074908392,2907,1782.56,0.406,0.0019,1.74
2609.9,-22.868086042102256,-43.27464160371426,2510,1782.56,0.451,0.0018,1.72
2609.9,-22.86143205741137,-43.3229601040728,2627,1782.56,0.443,0.0015,1.64
2609.9,-22.856479363937087,-43.29586271323093,2978,1782.56,0.415,0.0016,1.62
2609.9,-22.884036487264332,-43.31166450783011,2779,1782.56,0.472,0.0019,1.84
2609.9,-22.863117302560145,-43.309960029963165,2613,1782.56,0.408,0.0015,1.61
2609.9,-22.87358421777799,-43.317387793603004,2897,1782.56,0.467,0.0016,1.73
2609.9,-22.86143205741137,-43.3229601040728,2924,1782.56,0.425,0.0015,1.82
2609.9,-22.853473621389476,-43.30340894163149,2821,1782.56,0.421,0.0016,1.79
2609.9,-22.857290769753895,-43.328348659412804,2757,1782.56,0.451,0.0019,1.62
2609.9,-22.874419027380306,-43.28372126720013,2579,1782.56,0.453,0.0015,1.92
2609.9,-22.894768460259577,-43.325108224624465,2618,1782.56,0.428,0.0019,1.76
2609.9,-22.862128139552905,-43.313939096711664,2661,1782.56,0.41,0.0019,1.86
2609.92,-22.88198675812342,-43.27676495959041,2892,1782.56,0.4,0.0015,1.98
2609.92,-22.869804401066734,-43.296421713012066,2603,1782.56,0.48,0.0017,1.5
2609.92,-22.8593406230216,-43.30664764460924,2504,1782.56,0.452,0.0016,1.69
2609.92,-22.862856612777097,-43.32606449715569,2808,1782.56,0.487,0.0016,1.59
2609.92,-22.884732663468814,-43.31628033887517,2710,1782.56,0.469,0.0019,1.87
2609.92,-22.894539834845414,-43.31941796101164,2931,1782.56,0.416,0.0015,1.71
2609.92,-22.867458399570957,-43.268782955277885,2655,1782.56,0.448,0.0017,1.6
2609.94,-22.85728372610451,-43.31757331912454,2905,1782.56,0.491,0.0017,1.85
2609.94,-22.875146291117844,-43.307818458397016,2674,1782.56,0.431,0.0018,1.61
2609.94,-22.895007079686994,-43.32139147487483,2592,1782.56,0.442,0.0018,1.64
2609.94,-22.885269744638116,-43.31286410873418,2559,1782.56,0.412,0.0019,1.91
2609.94,-22.871719493758746,-43.27828847121003,2805,1782.56,0.461,0.0016,1.95
2609.94,-22.85832227579783,-43.307138207596104,2786,1782.56,0.481,0.0017,1.62
2609.94,-22.871145094853688,-43.28174662556796,2810,1782.56,0.486,0.0018,1.68
2609.94,-22.881333419710195,-43.321184370785694,2988,1782.56,0.462,0.0016,1.56
2609.94,-22.858628339397463,-43.29865405889191,2575,1782.56,0.452,0.0019,1.55
2609.94,-22.868086042102256,-43.27464160371426,2681,1782.56,0.471,0.0016,1.91
2609.94,-22.856818133546327,-43.32364807005775,2758,1782.56,0.493,0.0019,1.66
2609.94,-22.8593406230216,-43.30664764460924,2942,1782.56,0.43,0.0018,1.94
2609.96,-22.8923504582542,-43.277742797797735,2991,1782.56,0.425,0.0018,1.93
2609.96,-22.862757124028064,-43.283703794161326,2523,1782.56,0.498,0.0018,1.74
2609.96,-22.88775419686622,-43.33164779315465,2923,1782.56,0.45,0.0015,1.56
2609.96,-22.89189318600961,-43.335384174879266,2554,1782.56,0.496,0.0015,1.53
2609.96,-22.856211768224753,-43.32841840155298,2815,1782.56,0.435,0.0015,1.86
2609.96,-22.854665711887623,-43.302775734018006,2820,1782.56,0.495,0.0017,1.6
2609.96,-22.861044951138112,-43.30165423832948,2754,1782.56,0.487,0.0016,1.85
2609.96,-22.869042075539408,-43.33246869842768,2619,1782.56,0.404,0.0016,1.58
2609.96,-22.85821759881364,-43.27393164834267,2988,1782.56,0.484,0.0019,1.53
2609.96,-22.85945488457674,-43.326512509270515,2814,1782.56,0.463,0.0015,1.99
2609.96,-22.873148189917117,-43.31526484181589,2557,1782.56,0.457,0.0017,1.73
2609.97,-22.868588548508306,-43.32436794455032,2869,1782.56,0.413,0.0018,1.73
2609.97,-22.86782989029103,-43.276843052385786,2613,1782.56,0.465,0.0016,1.64
2609.97,-22.88429130419991,-43.32979618231325,2747,1782.56,0.431,0.0017,1.77
2609.97,-22.850535474768858,-43.307920547579656,2587,1782.56,0.498,0.0015,1.91
2609.97,-22.89107709067145,-43.2828255366687,2846,1782.56,0.498,0.0019,1.65
2609.97,-22.863415548060487,-43.323317634222505,2768,1782.56,0.487,0.0017,1.56
2609.97,-22.888531725301167,-43.284620857361205,2949,1782.56,0.489,0.0016,1.56
2609.97,-22.85209561925868,-43.29621764528502,2664,1782.56,0.424,0.0018,1.79
2609.97,-22.862088842466637,-43.27367873862249,2618,1782.56,0.457,0.0019,1.83
2609.97,-22.866575310083032,-43.328896758974054,2559,1782.56,0.41,0.0017,1.82
2609.97,-22.896654692875437,-43.28478563615814,2646,1782.56,0.42,0.0016,1.79
2609.97,-22.878082994140353,-43.310192460343124,2668,1782.56,0.437,0.0016,1.96
2609.97,-22.877127088132532,-43.313636642888476,2656,1782.56,0.484,0.0015,1.73
